0.336706
0.450152
0.516585
0.604800
0.635476
0.671416
0.693923
0.706448
0.540363
0.500975
0.769977
0.877796
0.659073
0.678313
0.610790
0.470844
0.347415
0.207106
0.161909
0.162817
0.235967
0.274266
0.296592
0.312565
0.277533
0.279167
0.180242
0.320007
1.098878
1.065661
1.116848
1.256613
1.282024
1.286199
1.206334
1.229749
1.009937
1.129009
1.096155
1.011207
0.955846
1.058764
1.024276
1.054589
1.052048
1.257702
1.202522
1.214683
1.131369
1.109224
0.979987
0.904841
0.997231
0.943322
1.061305
1.049688
0.873076
0.838770
0.933520
1.220855
1.498569
1.476062
1.425964
1.688794
1.511275
1.243907
1.124108
0.940962
0.921540
0.903207
0.682488
0.564686
0.636747
0.958387
0.997957
1.170394
1.225029
1.427779
1.464082
1.419248
1.393292
1.461722
1.806233
1.961971
2.142213
2.031127
2.106637
2.121339
2.080499
1.661931
1.465352
1.125016
0.948586
0.787947
0.651449
0.356309
0.328538
0.313836
0.172619
0.126877
0.105459
0.100014
0.124155
0.184780
0.228162
0.195308
0.255388
0.337251
0.528747
0.814085
0.850024
1.242455
1.442119
1.346461
1.400371
1.409446
1.339019
1.261695
1.075826
1.132821
1.475517
1.605299
1.792257
1.362253
1.376230
1.401460
1.275490
1.162952
1.326495
1.095974
0.981984
0.994508
1.089439
1.223033
1.213231
1.097607
1.008848
0.708626
0.512773
0.380632
0.375550
0.371738
0.317103
0.416027
0.528747
0.544538
0.544357
0.619321
0.512047
0.481190
0.423288
0.369015
0.347234
0.238326
0.156282
0.122521
0.073331
0.112175
0.144666
0.161909
0.196397
0.167536
0.153560
0.174797
0.243953
0.236148
0.336706
0.420565
0.398420
0.491899
0.670508
0.997049
1.158233
1.488949
1.494576
1.486408
1.367517
1.099060
0.783227
0.449970
0.255025
0.207651
0.246494
0.318736
0.402414
0.479738
0.617506
0.917728
1.079819
1.315241
1.734354
1.669554
1.688613
1.321594
1.216861
0.962744
0.778508
0.608612
0.363025
0.547261
0.642011
0.885782
1.041883
0.932249
0.858192
1.083994
1.051866
1.007759
1.028270
1.009574
1.002132
1.002676
1.004854
1.420337
1.505285
1.637063
1.572989
1.666105
1.923672
1.721830
1.610925
1.459907
1.159322
0.914643
0.826790
0.736579
0.573217
0.625674
0.694831
0.757997
0.858192
1.038979
1.124834
1.127194
1.072377
1.134818
1.130643
1.045695
1.349547
1.269682
1.375322
1.739436
1.578979
1.781547
1.634704
1.438670
1.360256
1.288740
1.061305
1.121204
1.132458
1.139174
1.024276
0.953849
0.830058
0.888505
1.037890
1.108498
1.099604
1.542314
1.339019
1.378408
1.214502
0.988518
0.913554
0.774515
0.852928
0.775422
0.898306
0.912283
0.806824
0.980169
1.000317
1.129917
1.165675
1.557198
1.347732
1.294912
1.199799
1.300902
1.043335
1.076915
1.101601
1.072922
0.986522
1.099423
1.064572
1.149520
1.065480
1.164223
1.417251
1.220855
1.192720
1.326314
1.341379
1.272586
1.226663
1.506374
1.206334
1.234105
1.633615
1.669736
1.525614
1.539954
1.541769
1.350818
1.386213
1.195443
1.211960
1.067658
0.877977
1.042065
1.491309
1.616915
1.480962
1.275127
1.429957
1.482959
1.568815
1.388209
1.515631
1.760855
1.990832
1.815490
1.685346
1.445567
1.616915
1.791531
1.760129
1.777373
1.732721
1.607114
1.533057
1.535779
1.564277
1.672640
1.765937
1.890637
2.119161
2.186321
2.186865
1.889548
1.991921
1.864136
1.831826
1.876297
1.808048
1.546307
1.535598
1.472250
1.365520
1.610199
1.421245
1.408539
1.266051
1.007214
1.131369
1.358078
1.443752
1.530152
1.660478
1.471705
1.648862
1.353722
1.436855
1.406179
1.267140
1.073103
1.013386
0.924263
0.974360
1.054589
0.850206
0.991967
0.968915
1.088713
0.986159
1.421789
1.517809
1.785904
1.483867
1.704223
1.849070
1.609655
1.820028
2.237870
2.186139
2.374731
2.691834
2.631572
2.509050
2.106092
2.146388
1.822751
1.771746
1.667920
1.351544
1.196713
1.049325
1.034623
1.018468
0.970186
1.174387
1.244088
1.266596
1.353540
1.229023
1.055497
0.972727
1.107409
1.097063
0.970186
0.924626
0.916095
0.906293
0.933157
1.151335
1.313789
1.224303
1.318508
1.213050
1.203792
1.044787
1.144619
1.007396
1.068747
0.981621
0.949312
0.985251
1.052955
1.031537
1.194898
1.271134
1.323046
1.145890
1.273312
1.132095
0.924263
0.834233
0.846031
0.791214
0.978354
0.845305
0.898306
0.902300
0.851658
1.304895
1.118481
1.185278
1.076734
0.916639
0.814992
0.630212
0.752370
0.510595
0.539274
0.699732
0.844760
0.844760
0.916639
1.009029
0.949493
0.984707
0.811725
1.075644
1.076007
0.984525
1.044061
1.097063
1.340108
1.290192
1.451013
1.409083
1.830193
1.620001
1.532512
1.507645
1.237372
1.218858
1.277487
1.315604
1.429957
1.646683
1.687887
1.560646
1.820936
1.949084
2.031672
2.172163
1.988109
2.457319
2.645367
2.517582
2.593091
2.520849
2.232788
1.966509
1.840176
1.594408
1.111402
1.073466
0.884149
0.828243
0.743839
0.664700
0.734219
0.907927
0.942414
0.805917
0.730407
0.767980
0.987611
1.290556
1.267322
1.233197
1.444297
1.327403
1.394018
1.267685
1.520169
1.837453
1.942186
1.855786
1.760129
1.915504
2.030764
1.938193
1.776284
1.946906
1.830374
1.777010
1.641057
1.745789
2.048734
1.807867
1.632707
1.432861
1.281480
1.258609
1.086172
1.110132
1.040431
0.890138
0.834414
1.081453
0.907927
0.907382
0.842764
0.937876
1.464626
1.338838
1.081634
1.286562
1.229023
1.328310
1.281298
1.082542
0.992875
1.004310
1.167853
1.087987
1.344102
1.807322
1.775194
1.670280
1.825837
1.574623
1.239006
1.060760
0.876343
0.584289
0.563597
0.564686
0.606616
0.488814
0.531469
0.588464
0.580478
0.517674
0.623496
0.732948
0.967281
1.594226
1.593863
1.811316
1.696963
1.896445
1.616552
1.639060
1.445749
1.108680
1.012115
0.878159
0.583200
0.586105
0.406952
0.220719
0.127059
0.814811
1.404545
1.215228
1.131006
1.368424
1.025547
1.137177
0.956572
0.884875
0.752370
0.803194
0.624767
0.597721
0.590279
1.015564
1.241003
1.310885
1.339201
1.349547
1.356989
1.183826
0.925533
0.927167
0.824794
0.757453
0.725506
0.757453
0.832054
0.787584
0.704269
0.755637
1.055860
1.234468
1.161318
1.280209
1.214502
1.208512
1.290011
1.053500
1.028270
1.028270
1.151517
1.380404
1.101782
1.033170
0.930253
0.608431
0.483187
0.388256
0.232518
0.161002
0.137405
0.155738
0.205835
0.414394
0.562689
0.876706
0.801742
0.838407
0.651631
0.602078
0.505331
0.589009
0.666515
0.729137
0.748195
0.951127
1.075644
1.073285
1.220855
1.079819
1.130643
1.483322
1.513090
1.285292
1.131006
1.013204
1.039705
0.938965
0.784498
0.597721
0.526931
0.442528
0.307664
0.250851
0.224531
0.354131
0.536189
0.485184
0.512410
0.826609
0.917365
1.182011
1.266959
1.384942
1.143349
1.186186
1.149339
0.785950
0.775241
0.613332
0.582293
0.517311
0.492989
0.531288
0.591187
0.629486
0.657802
0.782501
0.900303
0.895765
0.997594
0.797022
0.912101
0.845123
0.692471
0.681217
0.824068
0.740209
0.820075
0.978717
0.882333
0.908834
0.747469
0.765621
0.686481
0.675046
0.572491
0.484276
0.599900
0.553614
0.485184
0.551436
0.530017
0.502427
0.441439
0.444888
0.368652
0.274084
0.174797
0.162454
0.157372
0.139039
0.083677
0.064982
0.048101
0.042837
0.068430
0.147207
0.262104
0.296229
0.378999
0.380632
0.312383
0.242319
0.174434
0.093298
0.086582
0.122884
0.211644
0.280256
0.414031
0.489177
0.425647
0.447066
0.381540
0.361573
0.325271
0.287879
0.274447
0.252847
0.183691
0.143214
0.089667
0.086945
0.094387
0.109271
0.175160
0.267187
0.341425
0.565775
0.522938
0.537096
0.536733
0.476108
0.396968
0.392612
0.387530
0.433815
0.502427
0.485365
0.515133
0.537641
0.418024
0.410400
0.348686
0.261560
0.226528
0.158098
0.122158
0.107456
0.082951
0.045923
0.095657
0.117620
0.131052
0.192585
0.210192
0.221990
0.289331
0.325271
0.298044
0.297136
0.296229
0.278259
0.244498
0.186777
0.176430
0.180605
0.234514
0.237600
0.186595
0.235604
0.230340
0.226346
0.283886
0.313836
0.240686
0.239415
0.217271
0.205109
0.210192
0.167536
0.178609
0.169714
0.170803
0.194219
0.237600
0.322730
0.377183
0.391704
0.394790
0.302582
0.261741
0.325815
0.310024
0.259382
0.249035
0.238326
0.263556
0.215637
0.228706
0.256477
0.298044
0.299133
0.316558
0.334528
0.348323
0.359940
0.386804
0.315469
0.357036
0.354494
0.277170
0.291328
0.308209
0.425647
0.404229
0.450152
0.421110
0.393157
0.385715
0.408585
0.370467
0.276807
0.238145
0.272451
0.300948
0.260652
0.272451
0.265190
0.220175
0.228525
0.222535
0.179335
0.179335
0.191496
0.184417
0.200390
0.170259
0.145573
0.137768
0.150293
0.143758
0.156645
0.147570
0.134682
0.094205
0.067704
0.094024
0.094750
0.069519
0.048464
0.032491
0.007805
0.011254
0.018151
0.018151
0.018151
0.017788
0.051187
0.054272
0.078050
0.110541
0.113990
0.131052
0.161546
0.147751
0.122884
0.079140
0.059899
0.063166
0.061896
0.041748
0.027227
0.025049
0.029950
0.063711
0.068067
0.094750
0.083314
0.096928
0.088941
0.097291
0.099832
0.094205
0.103281
0.088760
0.095294
0.105822
0.079503
0.060988
0.050824
0.078050
0.099832
0.114353
0.092753
0.091482
0.066978
0.063892
0.122703
0.276262
0.256841
0.279893
0.325089
0.296229
0.237056
0.206561
0.169351
0.133956
0.105822
0.076235
0.062622
0.100014
0.118165
0.111449
0.100740
0.085674
0.089304
0.111449
0.072968
0.059173
0.098743
0.118346
0.106185
0.092935
0.063348
0.044108
0.033217
0.024867
0.018151
0.019422
0.026501
0.034487
0.042837
0.046649
0.077869
0.081681
0.074420
0.051368
0.043926
0.049553
0.039751
0.043382
0.051005
0.070790
0.093116
0.098017
0.140309
0.158461
0.143758
0.161183
0.166084
0.192222
0.160457
0.196034
0.177882
0.182602
0.184054
0.164632
0.140854
0.100740
0.087489
0.109089
0.121251
0.120343
0.129419
0.152652
0.131778
0.119980
0.113808
0.095839
0.069701
0.080955
0.070427
0.067704
0.043563
0.036303
0.039025
0.041385
0.036303
0.037392
0.035758
0.047738
0.058447
0.078777
0.084040
0.088215
0.095113
0.087671
0.067160
0.071516
0.066615
0.057721
0.058629
0.063892
0.059899
0.076235
0.063529
0.074239
0.077869
0.086400
0.105822
0.093116
0.088760
0.059718
0.062622
0.067704
0.049008
0.038662
0.041566
0.045378
0.040477
0.041929
0.048645
0.087126
0.130689
0.130508
0.124155
0.127603
0.131778
0.131234
0.109271
0.105640
0.101829
0.139946
0.144484
0.140128
0.138131
0.131597
0.090212
0.062622
0.049734
0.039025
0.016336
0.012524
0.035213
0.035758
0.041748
0.051731
0.043926
0.037392
0.050824
0.049371
0.045378
0.064074
0.055180
0.043019
0.072424
0.066071
0.097109
0.138494
0.145029
0.149930
0.166447
0.121614
0.127422
0.107456
0.075509
0.070608
0.060081
0.060081
0.064982
0.053183
0.062985
0.052639
0.031402
0.033580
0.029950
0.026138
0.018151
0.022871
0.033398
0.023052
0.022689
0.026864
0.032854
0.041022
0.063529
0.069701
0.096565
0.100377
0.076054
0.082588
0.072424
0.067704
0.096202
0.104007
0.086582
0.082044
0.071516
0.053728
0.079866
0.109997
0.126151
0.141035
0.143940
0.128874
0.132323
0.143214
0.131234
0.138313
0.108000
0.098198
0.110360
0.126877
0.132504
0.107637
0.103825
0.084222
0.087489
0.060081
0.046286
0.020148
0.031946
0.027227
0.027953
0.033761
0.034306
0.022326
0.028861
0.030313
0.029224
0.027227
0.038844
0.040840
0.032128
0.031402
0.030313
0.027590
0.027227
0.027227
0.025412
0.013613
0.000363
0.000182
0.000182
0.000182
0.000182
0.000182
0.000182
0.000182
0.000182
0.004901
0.009076
0.009076
0.013432
0.027227
0.027227
0.027227
0.026138
0.011798
0.027408
0.034124
0.027953
0.028497
0.032491
0.033761
0.027953
0.027227
0.022326
0.018151
0.015610
0.009076
0.009076
0.008168
0.000182
0.000182
0.000182
0.000182
0.000182
0.000182
0.009076
0.017425
0.014158
0.008350
0.010709
0.018877
0.033398
0.058266
0.077687
0.077869
0.072605
0.056450
0.017788
0.000182
0.000182
0.007624
0.009076
0.009076
0.014340
0.018151
0.018151
0.027590
0.020329
0.009802
0.019240
0.018151
0.020329
0.029768
0.027227
0.028679
0.036303
0.022508
0.026501
0.053546
0.063711
0.066071
0.083859
0.058992
0.060625
0.054091
0.025412
0.003086
0.000182
0.032128
0.064982
0.077506
0.076054
0.069882
0.058992
0.047375
0.037392
0.035032
0.035032
0.060625
0.075691
0.058810
0.066615
0.060081
0.049190
0.036303
0.027045
0.016881
0.012343
0.009076
0.009076
0.009076
0.017607
0.030131
0.053546
0.071516
0.081136
0.087852
0.084222
0.146662
0.159731
0.152289
0.149022
0.130689
0.124155
0.100014
0.055906
0.036303
0.036303
0.028316
0.031402
0.031039
0.028679
0.045197
0.036847
0.036484
0.051187
0.064619
0.054817
0.044652
0.028679
0.023052
0.020874
0.016518
0.030131
0.038118
0.036303
0.047193
0.063529
0.075691
0.064437
0.060262
0.051913
0.045378
0.044108
0.036303
0.023234
0.009076
0.009076
0.013613
0.015610
0.009076
0.017788
0.025049
0.027227
0.027227
0.020692
0.017244
0.016336
0.018151
0.018151
0.010891
0.017970
0.018151
0.018151
0.009983
0.001997
0.000182
0.008168
0.013795
0.017970
0.010528
0.022145
0.028679
0.023597
0.025775
0.027227
0.033035
0.041022
0.058266
0.076235
0.077869
0.081681
0.103462
0.084040
0.075509
0.092027
0.083677
0.067704
0.049371
0.038481
0.045378
0.044108
0.027227
0.019966
0.025412
0.027227
0.027227
0.027227
0.035758
0.040659
0.054454
0.054091
0.042837
0.035758
0.027771
0.023415
0.018151
0.013250
0.009076
0.009076
0.023778
0.026682
0.018151
0.023597
0.021782
0.018151
0.018696
0.016518
0.018151
0.018151
0.012706
0.009076
0.012706
0.018151
0.014884
0.009076
0.009076
0.002904
0.000182
0.000182
0.003812
0.009076
0.004356
0.000182
0.000182
0.000182
0.002723
0.023415
0.039025
0.055724
0.048282
0.046286
0.026501
0.024323
0.018877
0.018696
0.019966
0.027227
0.022145
0.025230
0.038481
0.048101
0.049734
0.064982
0.075691
0.066434
0.064619
0.057721
0.079321
0.105277
0.125788
0.254299
0.455597
0.588827
0.687570
0.754004
1.110676
0.979261
0.959113
1.032989
1.587147
1.705675
1.551389
1.315060
1.416162
1.288196
1.046421
0.665244
0.530380
0.616417
0.691927
0.752733
0.823523
0.788491
0.670690
0.663429
0.556881
0.500431
0.439079
0.438898
0.377183
0.398239
0.451967
0.556155
0.485547
0.548350
0.646367
0.702636
0.710804
0.845668
0.714071
0.887053
0.916821
0.846757
0.972364
1.117392
1.007396
0.917365
0.929890
1.054770
1.007214
0.952760
0.958387
0.868901
0.779053
0.769614
0.721332
0.809547
1.393110
1.443208
1.514905
1.465534
1.147523
1.464989
1.189453
1.033352
1.248445
1.465534
1.229023
1.355537
1.302717
1.485500
1.463719
1.702226
1.525251
1.342105
1.295093
1.043335
0.706629
0.751281
0.553069
0.402595
0.318555
0.312202
0.352679
0.461587
0.545627
0.620592
0.676498
0.703543
0.943866
0.784317
0.771792
0.866179
0.962744
0.799382
0.853654
0.757816
0.625311
0.533647
0.502427
0.648908
0.538548
0.463220
0.430548
0.422743
0.491536
0.741661
0.613695
0.985433
1.353359
1.564458
1.529245
1.705312
1.747242
1.595678
1.484230
1.089984
1.193809
1.149520
1.202522
1.295093
1.374777
1.545581
1.889184
1.841265
1.930388
1.880835
2.052001
1.977400
1.885010
2.008075
1.681897
1.430865
1.359530
1.057130
1.305077
1.071833
1.133365
1.121930
1.086172
0.955665
1.072196
1.017197
1.080182
1.250078
1.485500
1.425419
1.458818
1.408176
1.109769
1.069291
1.105957
0.825157
0.671053
0.597903
0.505513
0.443436
0.443254
0.445795
0.353950
0.382629
0.531288
0.916639
0.985614
1.017197
1.457547
1.582246
1.188908
1.155147
1.349910
1.193083
1.427235
1.384035
1.313245
1.259880
1.166038
0.965285
1.004491
1.121204
1.044243
0.899759
0.925170
1.040975
0.997957
1.155873
0.848935
0.882878
0.909197
1.107228
0.963470
0.930253
0.926804
1.082360
1.207423
1.500929
1.397466
1.406905
0.945681
1.063665
0.996323
1.076734
0.992330
0.972545
0.812814
0.821890
0.657984
0.538185
0.547079
0.522394
0.597903
0.443617
0.407496
0.436720
0.453963
0.523120
0.581748
0.529291
0.575214
0.647093
0.545083
0.473748
0.677769
0.799927
0.743658
0.920270
0.819711
0.869083
0.824068
1.053318
0.893406
0.869809
0.709533
0.596269
0.590279
0.522394
0.465762
0.468847
0.593002
0.579752
0.624222
0.884330
0.776874
0.696283
0.549076
0.426555
0.350501
0.309842
0.225439
0.322548
0.366656
0.548531
0.904115
1.033715
0.937150
1.076007
1.066750
1.131187
1.135907
1.386031
1.241003
1.414710
1.286381
1.295819
1.208149
1.171665
1.015201
1.248808
1.449379
1.524162
1.387120
1.205245
1.149883
1.073829
0.862548
0.859281
0.844034
0.772881
0.624585
0.667785
0.792485
0.796115
1.021735
1.053137
1.047691
1.463537
1.553386
1.405272
1.349366
1.139718
1.196169
1.035893
0.887234
0.718609
0.630212
0.615510
0.595362
0.638925
0.861278
0.730044
0.848209
1.136996
1.880472
2.056539
2.239504
2.647908
2.558059
2.579296
2.621588
2.500519
2.336795
2.345507
2.069427
1.981030
1.889184
2.089393
2.187047
1.884284
1.638515
1.464989
1.429594
1.516902
1.499658
1.565910
1.561554
1.419974
1.381130
1.058401
0.887597
0.834596
0.828424
0.762535
0.871806
0.840767
0.862367
0.890683
0.804283
0.821527
0.954938
0.902118
0.866723
0.830602
0.811543
0.757271
1.005217
0.910105
0.980169
1.017197
0.967826
1.087987
1.138629
1.017923
0.907382
0.934791
0.827154
1.122838
0.932975
1.054952
0.896854
0.855651
0.732404
0.679765
0.661614
0.730226
0.786495
0.755093
0.703180
0.599900
0.716249
0.757997
0.893950
0.930797
1.060397
1.092344
1.193083
1.299813
1.395107
1.394744
1.349547
1.343739
1.179651
1.165675
1.175113
1.254979
1.091799
1.057130
0.985251
1.049688
0.959113
0.951490
0.938784
0.815174
0.660888
0.705721
0.546535
0.446703
0.453237
0.416209
0.348867
0.322185
0.408041
0.506239
0.591913
0.732767
0.960928
1.167671
1.178562
1.317782
1.265144
1.470616
1.095066
1.051866
1.085083
0.931705
1.214502
1.048781
0.977083
1.244814
0.887779
0.737486
0.555973
0.593547
0.893769
1.905884
1.729272
2.006805
1.978489
2.024956
2.158731
2.050912
1.852337
1.612015
1.207241
1.174024
1.123745
1.003584
1.036438
0.988881
1.078186
1.194535
1.190905
1.349184
1.181829
1.160229
1.561372
1.506919
1.476425
1.843988
1.907699
2.207376
1.994643
1.789171
1.866858
1.780821
1.415799
1.305258
1.150246
1.083086
1.221218
1.344465
1.535235
1.770657
1.869218
1.869581
1.897171
1.651947
1.479873
1.004310
0.747832
0.342696
0.362481
0.549439
0.645278
0.994871
1.437218
1.463900
1.544855
1.812586
1.774468
1.782455
1.825837
1.751053
1.549030
1.634522
1.270226
1.288922
1.345917
1.182011
0.899033
0.825157
0.865271
1.297090
1.765574
1.894267
1.459907
1.582246
2.000996
1.715295
1.559739
1.632889
1.399282
1.336115
0.970004
1.126831
1.151517
1.129191
1.019739
1.257883
1.475335
1.417070
1.732539
1.698596
1.669917
1.783181
1.642690
1.511820
1.500929
1.192902
1.008666
0.798656
0.600444
0.609520
0.503879
0.561237
0.533647
0.504605
0.592821
0.475745
0.471207
0.549076
0.522575
0.423832
0.393157
0.344511
0.271906
0.460679
0.533647
0.489358
0.449607
0.235785
0.112175
0.062077
0.019422
0.010346
0.009076
0.056632
0.065345
0.107456
0.110178
0.084222
0.048827
0.032672
0.062440
0.113990
0.102918
0.118528
0.100377
0.131415
0.256841
0.380451
0.424558
0.419294
0.385533
0.337977
0.201298
0.093298
0.039570
0.036666
0.053546
0.151745
0.170803
0.220719
0.306393
0.347960
0.370467
0.508417
0.488451
0.486636
0.467214
0.459772
0.456686
0.344511
0.326723
0.263012
0.230158
0.125425
0.137587
0.222716
0.218904
0.326360
0.475563
0.834777
0.957480
0.951308
0.939147
0.870172
0.865997
0.950219
1.146616
1.327221
1.090347
1.065117
1.199255
1.173298
1.003765
0.978898
0.817170
0.728592
0.692108
0.655987
0.713708
0.641103
0.610972
0.588101
0.576484
0.752733
0.756001
0.655261
0.674320
0.602985
0.585560
0.604437
0.515315
0.502246
0.618051
0.586468
0.686300
0.722058
0.831691
0.844942
0.915187
0.763080
0.823705
0.885238
0.784135
0.773063
0.638743
0.463402
0.676861
0.666333
0.624767
0.688296
0.698642
0.726414
0.756364
0.747832
0.647819
0.551073
0.563052
0.600989
0.648000
0.874347
1.071107
1.244451
1.287833
1.316512
1.158414
1.249171
1.325769
1.285473
1.092162
0.862185
0.954757
1.040431
0.930979
1.003947
1.032807
0.755819
0.741843
0.836955
0.713890
0.877977
0.838770
0.714979
0.830058
0.727866
0.656713
0.748377
0.733311
0.841130
0.987792
1.138811
0.998865
0.968189
0.884693
0.741298
0.576847
0.557426
0.620229
0.523846
0.422199
0.343785
0.233788
0.159368
0.080955
0.034306
0.047919
0.084222
0.164088
0.224350
0.293325
0.313654
0.378999
0.443799
0.460679
0.424740
0.418750
0.333983
0.271543
0.444888
0.920088
0.975631
0.937150
1.006307
0.907201
0.862004
0.812996
0.720424
0.769069
0.727322
0.805190
0.829513
0.747469
0.677587
0.835685
0.760901
0.808276
0.694649
0.662158
0.633116
0.573217
0.526205
0.508780
0.395335
0.271180
0.253029
0.308390
0.311839
0.304760
0.276625
0.317284
0.297862
0.332894
0.400054
0.394609
0.357943
0.359032
0.417298
0.434723
0.402958
0.368652
0.336525
0.353950
0.380269
0.497345
0.504424
0.429641
0.440713
0.359758
0.358851
0.410219
0.349775
0.424014
0.382447
0.400599
0.333257
0.287153
0.223261
0.123792
0.094024
0.069156
0.051005
0.060444
0.087126
0.087308
0.083677
0.082407
0.056450
0.054817
0.051368
0.065163
0.063529
0.063711
0.056813
0.058992
0.098198
0.106185
0.099287
0.094205
0.088578
0.100740
0.087852
0.113445
0.128874
0.113808
0.113990
0.086037
0.060444
0.092753
0.105640
0.111812
0.159187
0.214367
0.236874
0.224350
0.200390
0.160457
0.152108
0.121614
0.078595
0.088760
0.091664
0.104188
0.135772
0.171167
0.163361
0.151563
0.080047
0.055180
0.057903
0.078595
0.080229
0.126151
0.116168
0.109271
0.092935
0.069519
0.072968
0.072061
0.061714
0.067704
0.088034
0.087126
0.089486
0.215637
0.221446
0.252484
0.288968
0.277896
0.255933
0.276444
0.176249
0.179335
0.193674
0.239778
0.262830
0.312020
0.365567
0.448336
0.488088
0.569950
0.500794
0.555973
0.603711
0.645822
0.523120
0.553251
0.431274
0.319462
0.248491
0.224350
0.202024
0.220356
0.214730
0.213096
0.269183
0.273540
0.279893
0.288605
0.286427
0.264464
0.223442
0.226709
0.231792
0.232336
0.244861
0.386259
0.366111
0.365748
0.492807
0.470844
0.486454
0.488269
0.478649
0.397876
0.441983
0.447792
0.450696
0.407315
0.366837
0.464128
0.541997
0.439987
0.433452
0.498071
0.398420
0.298407
0.245042
0.197667
0.179335
0.192222
0.172619
0.215274
0.185506
0.160639
0.138857
0.206198
0.241593
0.267550
0.297862
0.275355
0.322367
0.301674
0.271906
0.255207
0.219086
0.170440
0.241049
0.257567
0.327812
0.260289
0.243772
0.265372
0.251214
0.240141
0.198030
0.251395
0.279348
0.317103
0.219449
0.229432
0.225983
0.229069
0.285883
0.230340
0.213277
0.218723
0.190225
0.158098
0.176067
0.159731
0.147388
0.152834
0.145936
0.185143
0.209284
0.166629
0.165540
0.122884
0.125425
0.109815
0.121251
0.116350
0.135227
0.176612
0.205472
0.203839
0.217634
0.239597
0.260834
0.217452
0.231973
0.225257
0.278804
0.322004
0.433089
0.435994
0.486091
0.507147
0.412215
0.459409
0.460316
0.580841
0.686844
1.030629
1.052411
0.985433
0.848209
0.923174
0.921359
0.762535
0.614602
0.642918
0.601352
0.555066
0.520215
0.575395
0.529836
0.556155
0.463402
0.422017
0.371738
0.411671
0.390252
0.292599
0.218904
0.198575
0.247583
0.263193
0.229614
0.172982
0.100921
0.110178
0.132323
0.129419
0.137950
0.144303
0.126333
0.116531
0.095839
0.108908
0.114353
0.069156
0.060807
0.055361
0.066978
0.091845
0.191314
0.172800
0.242138
0.248128
0.235059
0.306393
0.370831
0.414031
0.363025
0.311113
0.328175
0.308935
0.323274
0.374824
0.344511
0.305849
0.308935
0.264464
0.142124
0.114172
0.086400
0.100014
0.063711
0.067704
0.083677
0.076961
0.087852
0.090575
0.089849
0.111449
0.077869
0.087308
0.101103
0.119072
0.118528
0.100740
0.084585
0.076417
0.065345
0.035576
0.039933
0.047375
0.074783
0.125970
0.114172
0.108000
0.112719
0.117620
0.075872
0.077506
0.080955
0.050279
0.058810
0.087489
0.096202
0.098198
0.108545
0.067704
0.059355
0.101103
0.135590
0.116894
0.124336
0.126151
0.075146
0.061170
0.062259
0.054454
0.049553
0.085856
0.093298
0.072242
0.054272
0.052094
0.049553
0.068793
0.090575
0.088034
0.103099
0.100377
0.114353
0.130326
0.112356
0.102010
0.124155
0.132504
0.145755
0.111449
0.083677
0.090756
0.124699
0.152471
0.152289
0.137768
0.134501
0.087126
0.077869
0.099832
0.119798
0.131597
0.140128
0.166992
0.182965
0.175341
0.154830
0.164814
0.167173
0.131415
0.089304
0.063711
0.056269
0.066797
0.069156
0.075872
0.068975
0.067523
0.056269
0.084222
0.118346
0.137224
0.127966
0.136498
0.092390
0.072605
0.075872
0.051005
0.040114
0.051368
0.077324
0.098924
0.127966
0.108000
0.083677
0.107637
0.106003
0.096565
0.059899
0.030131
0.030494
0.055906
0.091664
0.094205
0.078595
0.076780
0.093298
0.077869
0.053183
0.033398
0.011980
0.032854
0.063529
0.057540
0.091301
0.099287
0.090393
0.120706
0.114172
0.098198
0.127059
0.143940
0.121069
0.122158
0.075509
0.089667
0.063529
0.059718
0.056269
0.027771
0.057721
0.067523
0.072605
0.072061
0.080410
0.085856
0.080592
0.048827
0.048464
0.061533
0.069519
0.079140
0.060444
0.096202
0.100377
0.085311
0.082770
0.063529
0.056269
0.060625
0.054272
0.046830
0.049371
0.056087
0.061351
0.046467
0.021600
0.019240
0.036303
0.031765
0.037936
0.052639
0.095476
0.105822
0.100740
0.095657
0.088215
0.103281
0.098380
0.119617
0.119254
0.110904
0.072061
0.091482
0.083133
0.071698
0.058992
0.056269
0.065345
0.074965
0.085311
0.110723
0.122521
0.096565
0.095113
0.074420
0.054998
0.054272
0.040840
0.021237
0.035576
0.063529
0.104914
0.126151
0.121795
0.122158
0.132504
0.109634
0.107093
0.083677
0.062803
0.055361
0.027408
0.035576
0.059536
0.090212
0.067160
0.066615
0.072605
0.070608
0.049190
0.029587
0.020148
0.013069
0.010891
0.013250
0.022871
0.035213
0.033217
0.032309
0.018514
0.024867
0.027227
0.035032
0.031220
0.050098
0.054635
0.039025
0.039751
0.060988
0.054454
0.053002
0.042474
0.036303
0.034306
0.032128
0.035576
0.041022
0.062803
0.092208
0.100558
0.086582
0.066978
0.053183
0.064437
0.048282
0.035213
0.054817
0.051005
0.038662
0.031039
0.025775
0.018514
0.023597
0.039388
0.055180
0.092027
0.110178
0.111267
0.090756
0.088397
0.058629
0.031583
0.035940
0.035758
0.049008
0.057540
0.057540
0.050642
0.048464
0.049734
0.035758
0.036303
0.035576
0.045378
0.037755
0.031402
0.020329
0.012524
0.013250
0.009076
0.013250
0.018151
0.021963
0.027953
0.027408
0.027227
0.027408
0.025230
0.027227
0.019059
0.004719
0.000182
0.000182
0.000182
0.000182
0.000182
0.009076
0.009076
0.017425
0.027590
0.027227
0.033580
0.018151
0.024686
0.054272
0.054635
0.050461
0.051913
0.045378
0.032854
0.017970
0.001452
0.009076
0.009076
0.009076
0.007805
0.003267
0.009076
0.009076
0.009076
0.009076
0.016155
0.018151
0.017425
0.022508
0.027227
0.028861
0.036303
0.032309
0.025593
0.015792
0.036666
0.031583
0.041748
0.026864
0.027227
0.026864
0.035940
0.045560
0.043019
0.049190
0.059173
0.055180
0.039207
0.041022
0.049371
0.039933
0.034487
0.027227
0.024867
0.021419
0.030494
0.038662
0.063529
0.086037
0.092935
