0.508032
0.565621
0.601636
0.505771
0.478455
0.486284
0.463318
0.352839
0.283941
0.335614
0.333179
0.327437
0.371977
0.368671
0.343618
0.253320
0.242707
0.235400
0.109262
0.103346
0.139013
0.145624
0.168242
0.153106
0.106826
0.060372
0.017398
0.039668
0.071681
0.073595
0.088210
0.114829
0.122311
0.142319
0.117265
0.068898
0.054979
0.068550
0.058111
0.046106
0.026098
0.026098
0.024358
0.014963
0.001044
0.008699
0.008699
0.014963
0.017398
0.023488
0.036537
0.043496
0.043496
0.047150
0.045062
0.069419
0.057067
0.028185
0.034971
0.039842
0.040016
0.037233
0.027663
0.031665
0.030795
0.026098
0.024706
0.032361
0.035493
0.034797
0.029925
0.026098
0.018964
0.015833
0.007655
0.000174
0.000174
0.000174
0.000174
0.000174
0.000174
0.000174
0.000174
0.000174
0.000174
0.000174
0.005915
0.008699
0.008699
0.009569
0.014963
0.019312
0.029925
0.043844
0.052195
0.048889
0.047672
0.051151
0.052195
0.064722
0.057937
0.048541
0.044888
0.039494
0.044888
0.026620
0.008699
0.008699
0.013049
0.020008
0.026098
0.026098
0.019486
0.019312
0.022270
0.034101
0.040538
0.044888
0.046976
0.051847
0.043496
0.056197
0.062460
0.066636
0.048715
0.036711
0.034797
0.028185
0.026098
0.023836
0.017398
0.017398
0.017398
0.020008
0.030099
0.034797
0.045758
0.075161
0.104042
0.106478
0.086296
0.055849
0.054805
0.034797
0.041756
0.037233
0.057415
0.060894
0.075161
0.072377
0.069767
0.060894
0.060546
0.072551
0.054631
0.064896
0.050455
0.027837
0.030795
0.049585
0.048889
0.056719
0.054283
0.060372
0.069072
0.052891
0.035841
0.014267
0.016006
0.017398
0.017572
0.008699
0.002784
0.006437
0.014267
0.018790
0.026098
0.021922
0.034275
0.034797
0.038276
0.043496
0.036711
0.034797
0.033927
0.024880
0.017050
0.008699
0.030099
0.038624
0.050977
0.052195
0.051847
0.063330
0.083860
0.083512
0.088384
0.044366
0.021400
0.021574
0.009743
0.012875
0.008699
0.008699
0.029403
0.043844
0.045410
0.052369
0.038972
0.029751
0.020704
0.017398
0.017398
0.012005
0.000174
0.009917
0.026272
0.034797
0.034797
0.034797
0.032361
0.022444
0.018616
0.016180
0.023836
0.031665
0.036015
0.053239
0.057067
0.059502
0.062982
0.065766
0.066114
0.072377
0.071507
0.052195
0.053935
0.047150
0.032883
0.023488
0.026098
0.033927
0.035319
0.046280
0.040364
0.045410
0.050977
0.045236
0.052369
0.043322
0.034797
0.023836
0.013745
0.005220
0.017572
0.021400
0.029751
0.024532
0.009221
0.020530
0.026272
0.032013
0.049063
0.062460
0.078467
0.101954
0.141623
0.127008
0.124572
0.084208
0.082468
0.076727
0.046454
0.049237
0.058632
0.048193
0.050107
0.046280
0.022096
0.005220
0.000174
0.000870
0.008699
0.011831
0.017398
0.017398
0.021748
0.026098
0.023140
0.017398
0.026272
0.028881
0.026098
0.032013
0.044192
0.040016
0.033231
0.043148
0.048367
0.049759
0.058806
0.075857
0.098997
0.107696
0.094647
0.086470
0.077945
0.068202
0.066114
0.036537
0.027663
0.027489
0.017398
0.017398
0.015833
0.010961
0.008699
0.000174
0.000174
0.000174
0.000174
0.000174
0.000174
0.000174
0.000174
0.011483
0.022270
0.026098
0.017920
0.016354
0.024532
0.031491
0.034275
0.034797
0.031839
0.012179
0.011657
0.010439
0.003480
0.000174
0.000174
0.000870
0.009221
0.017398
0.017398
0.017398
0.013745
0.026098
0.026098
0.032535
0.035841
0.034797
0.031143
0.026967
0.040538
0.047672
0.066984
0.078293
0.061938
0.044888
0.043496
0.048367
0.033753
0.024532
0.030447
0.039668
0.042626
0.036015
0.040016
0.026446
0.033579
0.043844
0.043496
0.036885
0.049237
0.047846
0.043496
0.047498
0.039146
0.028359
0.019138
0.019138
0.019834
0.017398
0.017398
0.020182
0.017398
0.011483
0.026098
0.018268
0.017398
0.021748
0.034797
0.046628
0.056023
0.054457
0.050455
0.059154
0.061764
0.042104
0.034275
0.026098
0.026620
0.026446
0.013571
0.008699
0.014789
0.017398
0.017746
0.028185
0.027663
0.018616
0.026098
0.024184
0.026793
0.026098
0.031491
0.041060
0.059328
0.093603
0.097953
0.102128
0.105956
0.092907
0.081250
0.043496
0.050455
0.035841
0.042974
0.040712
0.027663
0.008699
0.021226
0.026446
0.057589
0.071855
0.099171
0.108740
0.124746
0.117265
0.093429
0.088036
0.090472
0.070115
0.062460
0.052195
0.042800
0.026620
0.042104
0.035145
0.045236
0.058806
0.079163
0.073247
0.091167
0.100215
0.096213
0.101954
0.105608
0.095169
0.051847
0.041930
0.051673
0.041234
0.043496
0.043496
0.043496
0.040712
0.030621
0.029403
0.031143
0.026098
0.026098
0.026098
0.024358
0.009395
0.008699
0.010091
0.023662
0.032013
0.032361
0.033579
0.044888
0.040190
0.026098
0.020182
0.025402
0.035667
0.026098
0.027663
0.036885
0.043496
0.041408
0.051325
0.068550
0.072899
0.068898
0.057241
0.035493
0.027837
0.046454
0.038102
0.047672
0.058632
0.077075
0.069072
0.078641
0.072029
0.071507
0.027837
0.021400
0.033057
0.043496
0.049237
0.078641
0.095691
0.086122
0.106130
0.085078
0.082120
0.060546
0.038102
0.037059
0.028011
0.023662
0.032187
0.031143
0.027489
0.024358
0.011657
0.008699
0.015659
0.017398
0.017398
0.022270
0.051847
0.073421
0.098475
0.113089
0.182161
0.222873
0.238358
0.198167
0.192774
0.137969
0.138491
0.085948
0.084208
0.102128
0.102998
0.074639
0.070463
0.067332
0.059328
0.059676
0.068550
0.073247
0.069593
0.074639
0.074639
0.030621
0.024532
0.039668
0.052021
0.074465
0.096561
0.127356
0.145450
0.148930
0.151018
0.129966
0.099867
0.087862
0.097257
0.082468
0.101432
0.112393
0.087340
0.087688
0.080206
0.073769
0.042800
0.034797
0.040886
0.043148
0.052021
0.050629
0.053935
0.053935
0.069245
0.060720
0.062634
0.049063
0.042452
0.034797
0.031665
0.015485
0.017398
0.023314
0.040538
0.045758
0.052195
0.047498
0.018442
0.014267
0.026098
0.056719
0.070811
0.070811
0.046628
0.054631
0.073595
0.139535
0.093603
0.092559
0.107696
0.123180
0.136925
0.153802
0.187206
0.173810
0.205649
0.180769
0.162153
0.140405
0.146842
0.129096
0.137447
0.116743
0.109610
0.082642
0.098649
0.086296
0.102128
0.091515
0.107522
0.095517
0.054457
0.026620
0.023836
0.038624
0.052195
0.060546
0.076379
0.070811
0.066810
0.085948
0.109262
0.127530
0.091167
0.081946
0.085252
0.070637
0.057241
0.057067
0.041930
0.066288
0.058806
0.062808
0.073595
0.061764
0.038102
0.034797
0.037928
0.051325
0.068724
0.057937
0.068202
0.061764
0.085600
0.126138
0.207563
0.217828
0.237662
0.264803
0.274024
0.290553
0.222003
0.239402
0.238184
0.226527
0.273328
0.327089
0.284289
0.305515
0.340834
0.302036
0.201995
0.179029
0.141797
0.110828
0.119527
0.127878
0.101780
0.098649
0.111524
0.144580
0.183379
0.260280
0.278200
0.325697
0.339268
0.222525
0.229832
0.265499
0.258714
0.199385
0.155019
0.144928
0.188250
0.248797
0.293336
0.347097
0.393203
0.416691
0.382938
0.417213
0.427652
0.332831
0.414951
0.403294
0.398771
0.329699
0.349185
0.386592
0.368845
0.298730
0.286725
0.209998
0.134663
0.110828
0.096387
0.066984
0.062634
0.054283
0.050977
0.030969
0.009569
0.089080
0.154845
0.230702
0.299426
0.388853
0.394943
0.359972
0.304297
0.435133
0.442092
0.415821
0.534478
0.667923
0.680450
0.838253
0.895320
0.871658
0.770226
0.580757
0.353535
0.195558
0.225831
0.228267
0.224091
0.292119
0.309169
0.460187
0.500551
0.456359
0.621644
0.787624
0.899322
0.793887
0.935162
0.785884
0.964565
0.708287
0.385200
0.265847
0.201995
0.124920
0.096735
0.052195
0.041408
0.078293
0.141797
0.139187
0.166154
0.178681
0.196602
0.191208
0.157455
0.215044
0.431132
0.643914
0.882967
0.969437
0.959694
1.154208
1.112278
0.909587
0.871136
0.896712
0.385374
0.119179
0.217132
0.433219
0.573276
0.606855
0.794757
0.832686
0.813722
0.968567
1.070000
1.073479
1.338108
1.127240
1.135069
1.119585
0.823639
0.896886
0.991185
0.730557
0.733515
0.791278
0.364148
0.127356
0.254364
0.341356
0.389897
0.525953
0.545439
0.573624
0.565621
0.798237
0.795453
0.612249
0.627211
0.513600
0.476889
0.485762
0.498811
0.508032
0.520907
0.661312
0.732645
0.845735
0.821203
1.044598
1.080613
1.237024
1.182741
0.952213
0.679406
0.382416
0.189294
0.152062
0.097257
0.099171
0.121441
0.111524
0.097605
0.136577
0.138317
0.123702
0.115351
0.123006
0.137795
0.291075
0.344140
0.455489
0.585455
0.720640
0.773879
0.909413
0.763440
0.812330
0.786406
0.782926
0.860349
0.835818
0.836513
0.850780
0.847126
1.107232
1.010845
0.929073
0.946471
1.146726
1.052775
0.938294
0.838427
0.746042
0.540045
0.560401
0.620426
0.599548
0.763614
0.756481
0.887665
0.936554
1.122543
0.955344
1.187612
1.240156
1.150902
1.368729
1.624659
1.797947
1.917126
1.703648
1.520269
1.484951
1.554718
1.525141
1.499913
1.410138
1.170562
1.084440
1.375515
1.422316
1.419011
1.326103
1.285217
1.169866
1.132808
1.111234
0.894276
0.956214
1.149336
1.187438
0.734733
0.620600
0.800325
0.846257
1.021458
1.107580
1.168126
1.246767
1.548629
1.550368
1.376559
1.378299
1.376559
1.378821
1.624311
1.591950
1.302268
1.420925
1.021284
0.953952
0.624601
0.548570
0.729166
0.677666
0.696979
0.764484
0.812678
1.021632
1.096445
1.221713
1.304529
1.081830
1.114539
1.294786
1.052775
1.164125
1.328365
1.430146
1.404048
1.325582
1.179435
1.421273
1.554892
1.548455
1.569855
1.852056
1.855188
1.804211
1.827872
1.762454
1.178391
1.196486
0.980920
1.246071
1.444412
1.541147
1.514006
1.640666
1.908427
1.926869
1.640144
1.549151
1.625529
1.386650
1.158557
1.197356
1.177869
1.168300
1.328713
1.318970
1.282956
1.208143
1.262077
1.264687
1.298788
1.170040
0.990315
1.012585
0.895320
0.947167
0.886099
0.945427
0.975352
0.831990
0.844691
0.700110
0.512208
0.621296
0.703938
0.695935
0.621992
0.680798
0.774401
1.127936
1.293047
1.492954
1.695819
2.069536
2.129560
2.209071
1.978368
1.563591
1.175434
1.059213
1.159601
1.352027
1.377255
1.336716
1.235458
1.201879
1.318622
1.480079
1.324364
1.226585
1.286957
1.200487
1.183611
1.093835
1.020066
0.958650
1.008235
1.060778
1.070347
1.054863
1.174390
1.225715
1.235284
1.295830
1.159601
1.063388
1.019022
0.980746
0.865743
0.876356
0.843995
1.001624
0.920200
0.744998
0.724990
0.669315
0.921243
0.757003
0.634692
0.683756
0.351621
0.331961
0.296990
0.219567
0.222699
0.216262
0.115873
0.077249
0.203213
0.275242
0.479151
0.590153
0.753349
0.845039
0.980398
1.198573
0.961434
1.037291
0.698718
0.711767
0.573276
0.490982
0.513600
0.387288
0.333353
0.214174
0.195210
0.282549
0.329177
0.383982
0.337876
0.280288
0.290379
0.215566
0.225831
0.308125
0.399119
0.616772
0.778925
0.975004
1.198573
1.456243
1.438845
1.729224
1.853448
1.987415
2.036131
1.729920
1.407702
1.197530
0.970133
0.854782
0.843299
0.771444
0.655222
0.541263
0.534826
0.387810
0.295424
0.379284
0.478107
0.520733
0.658876
0.643566
0.586325
0.589805
0.575886
0.505771
0.343096
0.305515
0.258888
0.179899
0.111871
0.131358
0.058632
0.065592
0.085426
0.166328
0.344488
0.298730
0.369541
0.491852
0.591022
0.588761
0.564925
0.573624
0.784144
0.805544
0.745868
0.846604
1.013977
0.965609
1.012585
0.997448
1.089660
1.049991
1.144291
1.048947
1.080787
1.585339
1.657542
1.568637
1.551238
1.638056
1.777939
1.801601
2.128168
2.299368
2.315375
2.240736
2.331729
2.104854
2.230992
2.108334
1.605869
1.692165
1.543235
1.310619
1.384214
1.429276
1.355855
1.308879
1.291655
1.311837
1.297918
1.102360
0.979702
1.060778
1.200313
1.263991
1.280868
1.437279
1.812214
1.877980
2.104680
2.280056
2.311373
2.566781
2.530940
2.299542
2.277620
2.279360
1.927043
1.561329
1.609523
1.546715
1.425448
1.503045
1.506525
1.164821
1.257554
1.004582
1.141159
1.268167
1.402134
1.616134
1.662762
1.305747
1.256684
1.390825
1.342632
1.309401
1.186743
1.144465
1.253552
1.381256
1.224671
1.209012
0.963174
0.897930
0.844169
1.073131
0.984748
0.992751
1.095401
1.004408
1.117845
0.965435
0.784144
0.902279
0.890274
0.765876
0.837731
0.898626
0.717509
0.576582
0.573972
0.407296
0.296642
0.156585
0.137621
0.343270
0.563881
0.862611
0.925593
1.161689
1.290089
1.337238
1.282260
1.111582
1.005800
0.912022
1.067390
0.951517
1.019022
0.810590
0.564751
0.597808
0.578322
0.484371
0.478107
0.323610
0.277330
0.374413
0.366758
0.392507
0.446964
0.421736
0.344488
0.294380
0.192252
0.164067
0.118657
0.096561
0.097953
0.169112
0.267239
0.414081
0.428522
0.497071
0.496027
0.417909
0.404860
0.361538
0.308473
0.296816
0.273502
0.386418
0.478455
0.713159
0.960390
1.147596
1.310271
1.513136
1.555240
1.311489
1.457983
1.602216
1.469988
1.166386
1.114365
1.096271
1.039030
1.141507
1.086702
1.148988
1.212318
1.271125
1.225019
1.211100
1.219277
1.281216
1.326103
1.317578
1.187786
1.233370
1.281912
1.109146
1.133852
1.271821
1.213884
1.170562
1.264861
1.283130
1.403700
1.297048
1.356377
0.891318
0.244099
0.619730
0.803631
0.815983
0.992055
0.935684
0.720466
0.545787
0.534478
0.582149
0.505075
0.558836
0.526475
0.638520
0.629473
0.536392
0.519167
0.429218
0.455663
0.406948
0.425912
0.436525
0.508380
0.637128
0.700458
0.623557
0.572406
0.468712
0.470626
0.450792
0.511860
0.500551
0.422432
0.545265
0.609291
0.501943
0.597634
0.516557
0.719248
0.670359
0.773009
0.898626
0.720814
0.678188
0.583019
0.360320
0.391811
0.287943
0.216262
0.253146
0.360146
0.401380
0.516731
0.632779
0.656788
0.778403
0.908195
0.890970
0.807284
1.084440
1.058343
1.329235
1.321406
1.177347
1.232500
1.267993
1.318448
1.120977
0.986835
0.870962
0.659224
0.580236
0.504727
0.511164
0.583715
0.485066
0.539697
0.494462
0.580757
0.790582
0.850954
0.913066
0.866787
0.990837
0.996926
1.120629
1.042510
0.784318
0.756133
0.652265
0.682364
0.895320
0.949777
1.065302
1.059213
1.112452
1.110886
0.908717
0.705678
0.498115
0.347793
0.245143
0.228441
0.308125
0.301688
0.329525
0.323784
0.415125
0.465232
0.473931
0.627733
0.760657
0.650351
0.655048
0.623035
0.570840
0.525257
0.440875
0.259932
0.190164
0.120745
0.113611
0.133098
0.138491
0.148582
0.091341
0.082120
0.091167
0.075683
0.082468
0.076031
0.087166
0.087514
0.077945
0.055327
0.043670
0.035145
0.026967
0.026098
0.026098
0.030795
0.043322
0.048541
0.044018
0.032013
0.031143
0.029229
0.032187
0.034797
0.034797
0.028359
0.025054
0.001044
0.004002
0.008699
0.008699
0.008699
0.015485
0.020356
0.025750
0.025402
0.028533
0.039842
0.038972
0.034797
0.026967
0.018790
0.030969
0.028707
0.026098
0.019660
0.010265
0.026446
0.031317
0.042974
0.044018
0.041756
0.030621
0.033579
0.043496
0.051151
0.028533
0.032013
0.033405
0.034797
0.031317
0.019486
0.020356
0.026272
0.009047
0.016180
0.027489
0.034797
0.035841
0.048193
0.045932
0.050977
0.053587
0.069941
0.065418
0.072203
0.056371
0.046628
0.037580
0.023314
0.031839
0.037928
0.032013
0.031839
0.021400
0.025576
0.034797
0.022618
0.023836
0.022270
0.019312
0.027141
0.042974
0.043496
0.047150
0.033927
0.034797
0.034971
0.030621
0.022096
0.011309
0.008699
0.001740
0.000174
0.007829
0.009047
0.017398
0.019138
0.021574
0.026098
0.026967
0.033057
0.026098
0.019486
0.024010
0.034971
0.031317
0.030621
0.042278
0.043496
0.049411
0.046802
0.044888
0.043670
0.028185
0.021226
0.035493
0.035493
0.034797
0.040016
0.049237
0.040016
0.016876
0.002262
0.004176
0.008699
0.008699
0.011483
0.013049
0.018442
0.026098
0.030273
0.038972
0.054457
0.054805
0.063504
0.076901
0.063678
0.043496
0.043496
0.035319
0.022966
0.017746
0.019834
0.017398
0.017398
0.017572
0.021574
0.016006
0.008699
0.008699
0.011309
0.008699
0.008699
0.016180
0.020356
0.017398
0.022792
0.026098
0.034101
0.033579
0.021748
0.024010
0.024880
0.034101
0.043496
0.056197
0.066114
0.066810
0.056371
0.052021
0.034623
0.032187
0.034971
0.019660
0.022270
0.015311
0.013745
0.015485
0.008699
0.008699
0.008351
0.007655
0.008699
0.008699
0.017398
0.017746
0.018094
0.026098
0.019138
0.014093
0.018964
0.026793
0.042452
0.044888
0.044018
0.034797
0.029055
0.019486
0.025054
0.048889
0.072029
0.085600
0.118135
0.143015
0.179377
0.181117
0.161457
0.133793
0.124920
0.066810
0.016876
0.029925
0.051499
0.069593
0.082642
0.078989
0.049063
0.034797
0.041408
0.041582
0.035841
0.036711
0.038624
0.034797
0.026793
0.024358
0.015311
0.023488
0.047846
0.050977
0.049585
0.050629
0.034797
0.034797
0.040364
0.035841
0.027315
0.025924
0.037754
0.047324
0.057067
0.055675
0.053935
0.048367
0.027837
0.008699
0.007655
0.000174
0.002088
0.018268
0.028011
0.031317
0.009395
0.017398
0.039320
0.040016
0.034797
0.026967
0.028011
0.024880
0.042452
0.034797
0.019660
0.009221
0.008699
0.001044
0.000174
0.000174
0.005220
0.017050
0.017398
0.017398
0.017398
0.024184
0.034797
0.056893
0.064896
0.069419
0.047324
0.040712
0.026098
0.024880
0.027837
0.030969
0.039668
0.053065
0.056719
0.066114
0.075509
0.063852
0.072203
0.085252
0.070811
0.074117
0.061068
0.067332
0.062634
0.055327
0.064548
0.049237
0.045236
0.060024
0.053587
0.043496
0.043496
0.044192
0.040190
0.030621
0.049759
0.068376
0.073421
0.100563
0.105260
0.102998
0.136751
0.111871
0.086818
0.071855
0.076727
0.083338
0.092559
0.099345
0.091689
0.096039
0.062982
0.052195
0.101085
0.114307
0.105434
0.115351
0.112219
0.101258
0.124746
0.115699
0.076205
0.052021
0.051151
0.067680
0.072899
0.094125
0.115525
0.135185
0.150844
0.123180
0.106652
0.078815
0.060546
0.053935
0.050629
0.058632
0.055849
0.073595
0.108566
0.128226
0.125094
0.115699
0.117091
0.082990
0.078119
0.078293
0.057241
0.071855
0.071159
0.069245
0.068028
0.071681
0.053239
0.029925
0.026620
0.025228
0.049933
0.061938
0.058111
0.044714
0.046802
0.042974
0.036537
0.034797
0.034797
0.040712
0.049411
0.041234
0.039842
0.053761
0.055501
0.071681
0.126486
0.149104
0.132228
0.092907
0.090993
0.092385
0.104564
0.094647
0.070811
0.064896
0.069419
0.061416
0.033927
0.034797
0.043322
0.052195
0.043496
0.058285
0.068202
0.049759
0.053413
0.037233
0.044540
0.087514
0.076031
0.090645
0.086644
0.085252
0.071333
0.043496
0.052195
0.052891
0.061416
0.058980
0.059502
0.081598
0.090645
0.095517
0.098301
0.108566
0.144928
0.147016
0.104216
0.057415
0.044540
0.051325
0.052195
0.054979
0.049411
0.039146
0.038276
0.041756
0.035493
0.052195
0.045932
0.044540
0.039494
0.062634
0.061242
0.078641
0.080206
0.082468
0.075683
0.090124
0.092733
0.107696
0.117091
0.133793
0.121267
0.105434
0.082816
0.059676
0.057415
0.043670
0.032013
0.053935
0.073073
0.078293
0.076727
0.087688
0.081424
0.062982
0.033579
0.030447
0.016876
0.008699
0.006785
0.024706
0.030273
0.034797
0.034797
0.029055
0.014093
0.008699
0.008525
0.008699
0.017920
0.041582
0.054457
0.087340
0.177289
0.187206
0.184249
0.164589
0.165458
0.167198
0.149974
0.171722
0.115525
0.122658
0.122832
0.137621
0.152410
0.131184
0.114307
0.037580
0.061590
0.050455
0.032013
0.070811
0.104042
0.170504
0.188946
0.325175
0.236792
0.249493
0.271762
0.294728
0.300122
0.302906
0.284637
0.350055
0.350403
0.253494
0.233486
0.271936
0.293684
0.394595
0.359972
0.393203
0.397031
0.367106
0.366236
0.308821
0.313171
0.280114
0.172070
0.161457
0.177289
0.191382
0.167372
0.161979
0.231398
0.268805
0.324654
0.458621
0.505597
0.504727
0.445050
0.422780
0.357014
0.318738
0.292119
0.405556
0.371107
0.389549
0.318912
0.295598
0.316476
0.207563
0.197123
0.206693
0.241141
0.242707
0.289509
0.211912
0.227571
0.250015
0.356493
0.496549
0.515166
0.700458
0.664792
0.796845
0.601809
0.499681
0.521603
0.543351
0.546657
0.537957
0.423476
0.485240
0.478281
0.439135
0.468190
0.254190
0.219915
0.193296
0.240271
0.313171
0.328481
0.334571
0.281854
0.222351
0.221655
0.251928
0.288291
0.255234
0.277852
0.338398
0.398423
0.428000
0.432871
0.470452
0.397031
0.478107
0.382590
0.379980
0.410079
0.359624
0.275938
0.228441
0.243925
0.279592
0.284463
0.300992
0.286203
0.272632
0.291597
0.281332
0.346575
0.347097
0.366584
0.415125
0.463840
0.454793
0.533086
0.460883
0.459839
0.484544
0.270719
0.180769
0.183379
0.183205
0.157803
0.167372
0.160587
0.187206
0.193122
0.146842
0.156411
0.160935
0.208606
0.263585
0.451662
0.608943
0.625645
0.631735
0.635736
0.407470
0.350055
0.329351
0.300992
0.345880
0.378414
0.397031
0.346401
0.333005
0.371629
0.385548
0.468190
0.460883
0.610161
0.683234
0.565099
0.649829
0.675405
0.511338
0.425042
0.412863
0.343792
0.300296
0.321174
0.330743
0.251406
0.191208
0.132228
0.118831
0.147886
0.185467
0.216958
0.254190
0.281506
0.383460
0.447660
0.464362
0.610161
0.532912
0.559531
0.654875
0.714377
0.716291
0.684800
0.542133
0.468364
0.293336
0.394769
0.383982
0.343618
0.361190
0.429914
0.405904
0.575712
0.666357
0.636606
0.771096
0.785188
0.836861
0.847300
0.776315
0.805196
0.880009
0.797193
0.864003
0.861393
0.881401
0.806588
0.832686
0.849736
0.838601
1.013629
0.875138
0.857044
0.839645
0.883837
1.023720
0.979702
0.894798
1.057473
1.177869
1.384736
1.288523
1.449110
1.424578
1.078699
1.152990
1.144986
1.264513
1.094531
0.703068
0.756307
0.776663
0.804848
0.520385
0.662008
0.617120
0.685322
0.588587
0.579018
0.712115
0.758569
0.918286
0.829380
0.754915
0.646175
0.697848
0.713159
0.554486
0.585803
0.527518
0.375979
0.362756
0.316998
0.415299
0.427652
0.659572
0.692281
0.901931
0.984748
1.157339
1.541321
1.593516
1.451198
1.271647
1.273386
0.856522
0.727774
0.765006
0.852172
0.912022
1.202923
1.172824
1.067564
1.030331
1.239286
1.139071
0.987531
1.265731
1.219799
1.138201
1.292525
1.520617
1.834484
1.643450
1.621354
1.359160
0.964565
0.792844
0.444528
0.540567
0.442788
0.467320
0.524213
0.469408
0.425216
0.486632
0.422258
0.565273
0.438613
0.388158
0.266543
0.178681
0.136925
0.124224
0.177985
0.200255
0.440527
0.587717
0.859131
0.918460
1.233544
1.280694
1.565505
1.384040
1.241895
1.644320
1.595082
1.586209
1.601694
1.752537
1.869628
1.707650
1.895204
1.522531
1.221191
1.022328
1.018500
1.066172
1.286087
1.199095
1.212666
1.136287
0.677318
0.646871
0.695587
0.693673
0.608073
0.531868
0.533782
0.424694
0.460361
0.590501
0.575538
0.675753
0.858435
1.141507
1.275996
1.569855
1.641710
1.667459
1.455373
1.421447
1.174390
1.093313
1.093139
0.922461
0.931683
1.215798
1.306965
1.239808
1.479557
1.473294
1.712869
1.705040
1.790640
1.693035
1.923563
1.770632
1.654411
1.575944
1.492954
1.702082
1.851186
1.675463
1.490518
1.770980
1.646755
1.171432
1.011193
0.939860
0.994491
0.805544
0.803805
0.874442
0.830076
0.947167
1.119237
1.219277
1.449458
1.238764
1.385780
1.613698
1.582903
1.693557
1.721394
1.701038
1.390651
1.477469
1.417793
1.409442
1.165517
1.341414
1.381952
1.051905
1.225889
1.131068
0.950125
0.995535
0.943687
0.972395
1.267645
1.161863
1.186221
0.971177
0.878270
0.816505
0.855826
0.821725
0.863133
0.734907
0.616772
0.722554
0.650003
0.510468
0.514470
0.488546
0.369715
0.349533
0.263237
0.209476
0.241141
0.273850
0.378414
0.350925
0.377371
0.354927
0.300992
0.182509
0.048367
0.045236
0.083164
0.115699
0.205475
0.246535
0.248797
0.236270
0.183031
0.182683
0.253320
0.254538
0.318564
0.397901
0.453053
0.655918
0.761179
0.820333
0.800847
0.724990
0.757177
0.741518
0.599374
0.659224
0.713855
0.704112
0.736995
0.809720
0.814244
0.704112
0.678014
0.556226
0.597982
0.663400
0.575712
0.503161
0.521081
0.525257
0.518471
0.513948
0.581453
0.494114
0.554660
0.372151
0.438961
0.306385
0.248275
0.293336
0.435481
0.572406
0.722728
0.966827
0.989967
0.979354
1.126892
1.070869
0.947341
1.157861
1.222235
1.334803
1.275648
1.570029
1.304182
1.398655
1.191788
1.136461
1.204489
0.979702
0.884011
1.105318
1.128632
1.307835
1.304529
1.387346
1.772720
1.637534
1.602737
1.492954
1.596474
1.841443
1.628139
1.398481
1.493476
1.662066
1.428406
1.238764
1.186917
0.943513
0.908021
0.941078
1.196486
1.358812
1.449110
1.555066
1.521139
1.662066
2.057183
2.162617
1.892942
1.830134
1.879372
1.356725
1.145682
0.888013
0.847300
0.899322
0.998318
0.911500
0.946645
0.751261
0.697500
0.543351
0.450270
0.441918
0.456185
0.494288
0.467494
0.592762
0.747260
0.739431
0.723424
0.682538
0.795105
0.544743
0.468364
0.497767
0.560749
0.542655
0.623731
0.675927
0.859653
0.904541
1.064780
1.090356
1.132808
1.158731
1.154730
0.816157
0.567535
0.478977
0.299252
0.264455
0.308647
0.393725
0.492896
0.664270
0.767094
0.787450
0.757525
0.942643
0.826422
0.678188
0.941252
0.926289
0.985617
1.127588
1.129676
1.358812
1.293047
1.388564
1.337586
1.319840
1.333063
1.292003
1.048947
1.123065
1.232674
1.112278
1.095401
1.150032
1.054515
0.891840
1.013107
0.870788
0.836513
0.818767
0.796149
0.892188
0.835818
0.875486
0.876704
0.698196
0.392855
0.595894
0.612944
0.610509
0.803109
0.804848
0.783622
0.886099
1.110016
1.032767
0.999014
1.078873
1.136809
1.146030
1.035377
0.819115
0.987705
1.115061
1.130372
1.248507
1.142551
1.211796
1.182915
1.261730
1.136809
0.969437
0.984400
1.068956
1.124630
1.035899
1.193180
1.110364
1.110886
1.348721
1.081134
1.044772
0.932030
0.863481
0.797541
0.765528
0.707592
0.784666
0.828162
0.800673
0.969959
0.862437
0.680450
0.741170
0.696109
0.704460
0.604245
0.554312
0.615206
0.715769
0.778751
0.900713
1.009975
1.352897
1.544801
1.566375
1.552108
1.679116
1.634403
1.579946
1.423012
1.118889
1.221191
1.029635
0.854608
0.862611
1.007365
1.247115
1.283477
1.299310
1.576988
1.649713
1.284869
1.322624
1.061126
0.889578
0.907499
0.877052
0.872876
0.930465
0.959868
0.977962
0.862611
0.979702
0.996056
0.855826
1.012933
1.060082
1.069826
1.253900
1.341762
1.678768
1.591777
1.603259
1.555240
1.612307
1.584643
1.530534
1.262077
1.304356
1.360900
1.388738
0.995708
0.824335
1.026330
1.272169
0.923331
0.890274
1.313403
1.222931
1.239112
1.319318
1.100099
1.080439
1.370469
1.005278
0.795279
0.851998
1.134547
1.085310
1.047382
0.996056
0.868526
0.907847
0.800499
0.781361
0.649829
0.483153
0.651221
0.762570
0.822421
0.803109
0.932030
0.997970
1.010323
0.987705
0.945253
0.867657
0.855304
0.813896
0.991707
1.010323
1.011715
0.938120
0.906629
0.906107
0.614684
0.563881
0.696109
0.776489
0.838775
0.798759
0.861741
0.876182
0.880879
1.043728
1.224149
1.340892
1.369425
1.517138
1.498173
1.445978
1.338804
1.274778
1.466160
1.515572
1.655976
1.777243
1.860755
1.950183
1.872064
1.892594
1.957838
1.858146
1.593342
1.392043
1.226411
1.188830
1.215798
1.188656
0.959868
1.003016
1.034855
0.767616
0.680102
0.670359
0.774749
0.644088
0.651395
0.730383
0.929247
0.908021
1.117845
1.028069
1.205533
1.458331
1.746100
1.650061
1.645016
1.812562
1.670591
1.693557
1.602390
1.503393
1.329061
1.190744
1.339674
1.270951
1.404396
1.265905
1.063214
0.876182
0.962304
1.027374
1.032767
0.906281
1.054689
0.878444
0.963174
0.915328
0.816505
0.856870
0.671403
0.709331
0.689845
0.680450
0.777881
0.968741
1.153686
1.051731
0.965957
1.027895
0.922287
0.887839
0.827292
0.773879
0.731601
0.800673
0.817201
0.598678
