0.186491
0.175971
0.206764
0.202981
0.145493
0.111509
0.074884
0.071574
0.040880
0.053430
0.063595
0.075850
0.070609
0.075456
0.086803
0.070747
0.039284
0.023976
0.033137
0.099944
0.184068
0.161372
0.069131
0.052681
0.063635
0.059951
0.043815
0.023326
0.025986
0.057764
0.058119
0.040112
0.002482
0.000985
0.000985
0.005142
0.024626
0.024626
0.019741
0.010737
0.038910
0.069624
0.056070
0.038417
0.023011
0.015446
0.030537
0.085267
0.108219
0.111883
0.091867
0.118759
0.104751
0.094901
0.068934
0.091551
0.116552
0.078214
0.056267
0.062433
0.087079
0.098703
0.112671
0.126698
0.109283
0.094684
0.111647
0.130284
0.097954
0.061389
0.049824
0.050376
0.061960
0.050809
0.047303
0.042673
0.084361
0.112868
0.112651
0.111272
0.114622
0.097659
0.103845
0.117202
0.139524
0.137041
0.140667
0.181606
0.146951
0.146813
0.079376
0.052898
0.072638
0.083021
0.056779
0.086843
0.112376
0.149197
0.121241
0.090231
0.119370
0.227253
0.225539
0.195239
0.079908
0.081740
0.091670
0.051578
0.046889
0.036703
0.019701
0.056661
0.117537
0.136923
0.125556
0.049312
0.064935
0.050534
0.095610
0.073978
0.055892
0.025848
0.012254
0.032940
0.082174
0.132491
0.191279
0.177409
0.168248
0.207985
0.224968
0.191161
0.155462
0.177449
0.178828
0.129378
0.080499
0.136234
0.164564
0.155738
0.139347
0.128097
0.154103
0.202962
0.257002
0.257889
0.217462
0.175222
0.233065
0.197524
0.188856
0.173331
0.183477
0.131939
0.088695
0.139268
0.134796
0.138539
0.120256
0.134579
0.162673
0.141947
0.143444
0.116730
0.137849
0.076795
0.038930
0.097186
0.132136
0.140923
0.100476
0.053075
0.081504
0.093187
0.090074
0.061231
0.079908
0.167716
0.218565
0.213719
0.111785
0.056542
0.042732
0.071220
0.093541
0.116119
0.090350
0.060049
0.045864
0.044682
0.046948
0.088202
0.107352
0.134382
0.105736
0.151443
0.119389
0.112671
0.061310
0.014934
0.018578
0.038043
0.062906
0.133633
0.188324
0.291164
0.234050
0.147995
0.044466
0.104456
0.152251
0.158595
0.128353
0.033216
0.037826
0.047500
0.055498
0.090527
0.077780
0.042062
0.013692
0.036171
0.035383
0.066452
0.142400
0.198884
0.243605
0.166495
0.137613
0.182177
0.153985
0.136608
0.049864
0.082469
0.082509
0.069407
0.019347
0.055144
0.076244
0.084518
0.119547
0.129299
0.132885
0.139760
0.172169
0.184206
0.196263
0.146360
0.227470
0.274260
0.234208
0.181152
0.125142
0.135249
0.120552
0.076933
0.055360
0.061586
0.044209
0.049706
0.062039
0.091867
0.119389
0.214310
0.296976
0.243704
0.151837
0.147857
0.220358
0.250757
0.202942
0.132865
0.126777
0.198824
0.189230
0.238621
0.233833
0.227135
0.206764
0.195810
0.192835
0.264292
0.229499
0.206291
0.139484
0.136766
0.210172
0.236414
0.231174
0.116611
0.105283
0.135603
0.234799
0.335452
0.299025
0.204183
0.160722
0.169883
0.191634
0.156624
0.147798
0.136963
0.194687
0.163086
0.113833
0.056405
0.099393
0.191732
0.212615
0.211926
0.192579
0.250914
0.188619
0.117064
0.086863
0.067614
0.086134
0.091788
0.110602
0.173883
0.237931
0.230937
0.214191
0.112041
0.095058
0.157117
0.231115
0.254264
0.258125
0.227096
0.181054
0.112474
0.115666
0.122108
0.142203
0.148350
0.227608
0.224869
0.166987
0.191693
0.215039
0.223904
0.127073
0.124689
0.182689
0.281806
0.358030
0.370343
0.255781
0.190648
0.163717
0.134855
0.173548
0.160565
0.152428
0.047598
0.035797
0.085483
0.142814
0.184443
0.172267
0.193229
0.184285
0.242108
0.241655
0.231095
0.174947
0.211650
0.336950
0.464298
0.486994
0.348278
0.299458
0.350563
0.389532
0.406711
0.400545
0.489614
0.366817
0.257869
0.118798
0.110602
0.074234
0.108849
0.092635
0.118128
0.130501
0.232829
0.327611
0.370067
0.304561
0.259169
0.337009
0.384390
0.350149
0.320598
0.332753
0.335216
0.330448
0.407440
0.321208
0.371111
0.377652
0.345933
0.297114
0.389532
0.440873
0.430570
0.372687
0.386262
0.329759
0.293173
0.241990
0.335748
0.332871
0.267542
0.204656
0.298591
0.463648
0.513886
0.485851
0.259130
0.166849
0.097600
0.121241
0.368215
0.445129
0.684577
0.753630
0.584948
0.348751
0.182157
0.250855
0.339412
0.422669
0.426452
0.317130
0.283165
0.274162
0.297252
0.264745
0.235232
0.244275
0.232277
0.364314
0.595705
0.723369
0.643303
0.375091
0.355646
0.409706
0.358404
0.228908
0.144626
0.382952
0.620469
0.643736
0.543576
0.367526
0.432855
0.394162
0.502499
0.596099
0.531853
0.423812
0.235725
0.217619
0.262459
0.319199
0.327178
0.289214
0.144292
0.174927
0.343589
0.427536
0.346229
0.228002
0.194746
0.135800
0.190274
0.195889
0.242187
0.433288
0.548166
0.689640
0.685582
0.680302
0.694408
0.646731
0.778788
0.801326
0.739425
0.665211
0.505099
0.452477
0.382321
0.326882
0.378381
0.435318
0.498263
0.472710
0.432599
0.306590
0.384134
0.326587
0.321326
0.377534
0.423438
0.472454
0.540542
0.617002
0.622912
0.598798
0.632408
0.626715
0.790786
0.781408
0.735977
0.663733
0.613751
0.532149
0.451807
0.392428
0.504331
0.614126
0.556894
0.621750
0.593183
0.684774
1.051531
1.544928
1.720820
1.614710
1.284794
0.894395
0.595646
0.393453
0.323533
0.465894
0.531046
0.577146
0.381750
0.340594
0.476119
0.484393
0.884584
1.284892
1.417284
1.096588
0.728294
0.696417
0.735406
0.799218
0.801188
0.749000
0.868369
1.158213
1.208767
1.141940
0.952553
0.736312
0.520683
0.218210
0.138204
0.113223
0.083494
0.115370
0.162417
0.224259
0.342880
0.591213
0.627739
0.571315
0.628547
0.602502
0.649056
0.653232
0.624173
0.649844
0.487605
0.479369
0.351469
0.418296
0.415932
0.450251
0.550806
0.926153
0.981179
0.903832
0.451847
0.327513
0.229637
0.216299
0.260430
0.267976
0.186373
0.086882
0.175538
0.268370
0.512527
0.768228
0.887972
0.778374
0.574625
0.577540
0.770474
0.713952
0.710129
0.633452
0.683710
0.767421
0.567572
0.581165
0.630812
0.660778
0.612018
0.370323
0.226899
0.363014
0.433190
0.562489
0.525431
0.642101
0.719862
0.706229
0.752310
0.834680
0.735012
0.835547
0.815334
1.096076
1.253705
1.074877
0.685424
0.237183
0.238503
0.338664
0.507227
0.621139
0.627581
0.595882
0.747522
0.834582
0.929207
1.049463
1.517465
1.870609
1.741467
1.046783
0.659576
0.728038
0.938466
0.852865
1.081458
1.398430
1.486179
1.257704
0.670806
0.544896
0.572359
0.850402
1.143654
1.305519
0.943175
0.601320
0.588041
0.976765
1.309282
1.293580
0.936063
0.838739
0.667398
0.666767
0.938604
1.074345
1.234812
1.311055
1.345316
1.183589
0.541921
0.241281
0.186314
0.124512
0.203651
0.355035
0.481615
0.616214
0.518476
0.456713
0.211335
0.143050
0.346071
0.636743
0.903457
0.849732
0.747444
0.628035
0.687788
0.699589
0.720473
0.689916
0.851702
0.739957
0.609181
0.367408
0.238818
0.291913
0.333797
0.403737
0.555416
0.814014
0.999343
0.950858
0.767164
0.654395
0.739957
0.833715
0.557859
0.551811
0.329621
0.409135
0.442390
0.541743
0.602522
0.555081
0.452536
0.420305
0.501986
0.553111
0.639796
0.632507
0.710898
0.585066
0.532385
0.468652
0.468908
0.535084
0.661133
0.656247
0.560499
0.350524
0.447710
0.425171
0.574605
0.576871
0.669289
0.523855
0.517156
0.337383
0.307674
0.170829
0.214546
0.335314
0.451945
0.694093
1.154785
1.174270
1.018158
0.935472
1.018591
1.074503
0.825913
0.753748
0.920991
0.831765
0.806961
0.719291
0.946800
0.957754
0.804676
0.684754
0.575413
0.834168
1.209338
1.737566
1.844918
1.812313
1.716466
1.510944
1.145821
0.665152
0.510182
0.725733
0.988547
1.060535
1.027102
0.932753
0.977140
1.135734
0.874142
0.695176
0.433210
0.392408
0.516408
0.708908
0.817008
0.678765
0.780207
1.128287
1.382531
1.251755
0.881569
0.771203
0.789683
0.808340
0.623956
0.537488
0.725201
0.783004
1.101316
1.041425
1.064672
0.640368
0.526593
0.495406
0.537133
0.674431
0.747838
0.729890
0.772149
0.776700
0.943707
0.883697
1.045956
1.080295
1.188947
1.215977
1.083566
1.208708
1.049423
0.822899
0.520151
0.353518
0.349696
0.224042
0.269197
0.302078
0.328990
0.269670
0.294001
0.361280
0.433407
0.619878
0.737593
0.812655
0.754378
0.934920
1.244091
1.391673
1.908553
1.944567
1.972661
1.443250
0.948337
0.820121
0.913426
0.868704
0.995797
1.315271
1.418131
1.343562
0.953853
0.685385
0.394280
0.216575
0.269847
0.330251
0.327197
0.450113
0.558667
0.961458
1.078286
1.199941
0.673643
0.790510
0.764564
0.816083
0.668639
0.487171
0.277531
0.084163
0.098112
0.235567
0.388370
0.588790
0.667260
0.862696
0.797425
0.636900
0.442962
0.342269
0.493574
0.649509
0.766278
0.677760
0.609181
0.493968
0.525805
0.653469
0.701875
0.603920
0.589243
0.759225
0.752270
0.744725
0.420936
0.347490
0.353321
0.393906
0.381454
0.364965
0.380745
0.336969
0.300207
0.190215
0.203691
0.234385
0.296897
0.330290
0.627325
0.958227
1.068140
1.544337
2.055268
2.171525
2.067699
1.572234
1.501507
1.298210
0.732727
0.679238
0.512369
0.393137
0.526968
0.627798
0.828120
0.741139
0.875698
1.033564
0.959763
0.711390
0.056542
0.020804
0.042574
0.120552
0.219727
0.473617
0.768307
0.885431
0.778965
0.421113
0.470011
0.656601
0.814191
0.784994
0.837813
0.796145
0.811078
1.219228
1.198739
1.274096
0.875895
0.853534
0.888268
0.814644
0.684321
0.501277
0.460240
0.618007
0.778414
0.817245
0.591095
0.514221
0.523303
0.341895
0.273669
0.248531
0.244590
0.252747
0.327276
0.302453
0.262223
0.227234
0.215433
0.241891
0.305034
0.258007
0.233715
0.179241
0.176897
0.194372
0.259228
0.283618
0.428442
0.585579
0.512408
0.452083
0.423457
0.387818
0.413902
0.469223
0.352080
0.298296
0.357025
0.403185
0.389355
0.405391
0.239330
0.236966
0.266439
0.249082
0.265040
0.221501
0.193013
0.193072
0.164584
0.228337
0.293292
0.415144
0.518023
0.352513
0.198155
0.076145
0.068540
0.057133
0.075692
0.074313
0.124590
0.198627
0.184088
0.122325
0.119153
0.193072
0.211945
0.208261
0.209956
0.227450
0.315613
0.297882
0.275265
0.302532
0.588455
0.642121
0.472533
0.186689
0.217009
0.301231
0.471765
0.511463
0.379583
0.263188
0.263385
0.369062
0.361635
0.393295
0.431042
0.562962
0.525687
0.636388
0.570684
0.680144
0.599133
0.385316
0.433150
0.535498
0.571019
0.603270
0.575669
0.560657
0.413607
0.298591
0.261986
0.340634
0.344180
0.402870
0.320263
0.331079
0.336910
0.480827
0.757609
1.017586
1.037485
0.933955
0.724905
0.629217
0.410415
0.237084
0.276605
0.390872
0.484472
0.574408
0.551318
0.601458
0.678824
0.816398
0.677288
0.598522
0.590386
0.540857
0.534552
0.406239
0.438568
0.433525
0.478640
0.418118
0.508173
0.442903
0.365122
0.250146
0.290455
0.347588
0.299005
0.344475
0.386281
0.501868
0.570507
0.579373
0.469302
0.361064
0.245595
0.277412
0.438667
0.635836
0.753649
0.876171
0.748035
0.732136
0.678864
0.658040
0.629296
0.521628
0.454723
0.424718
0.408957
0.520013
0.514221
0.472967
0.467076
0.542295
0.699511
0.811729
0.902295
1.045266
0.958108
0.761865
0.757077
0.951174
0.972510
0.850796
0.535912
0.654789
0.620075
0.888839
0.952198
1.023772
1.001077
1.003638
1.048970
0.968136
0.958286
0.758102
0.660108
0.658296
0.657212
0.564144
0.553702
0.730422
1.039612
1.046015
0.848353
0.677820
0.826347
0.939826
1.034175
0.784206
0.644328
0.452497
0.519737
0.733712
0.886041
1.021783
0.936102
0.645076
0.431574
0.379938
0.255761
0.168760
0.164505
0.186551
0.287736
0.302374
0.350130
0.260627
0.252963
0.319632
0.573600
0.566961
0.460752
0.268370
0.149631
0.160781
0.176877
0.245950
0.444912
0.903201
1.281149
1.179057
0.746360
0.295183
0.171834
0.254264
0.470366
0.852017
0.997235
0.957911
0.717636
0.662019
0.517925
0.322174
0.185546
0.143740
0.100910
0.379406
0.700732
1.004406
1.214165
1.234556
1.306288
0.971486
0.960985
0.872408
0.942072
0.913603
1.025329
0.989000
0.892720
0.750123
0.687769
0.694152
0.658946
0.667023
0.711016
0.776621
0.711430
0.478384
0.366107
0.343234
0.348219
0.384370
0.315869
0.360355
0.427693
0.378578
0.435593
0.463411
0.479232
0.440322
0.329601
0.315593
0.291558
0.211138
0.225441
0.304738
0.309644
0.239251
0.171302
0.163678
0.178907
0.312717
0.624745
0.706189
0.654099
0.465106
0.404820
0.486028
0.700042
0.764288
0.769627
0.868704
1.059373
1.299372
1.295807
1.187824
1.044262
1.014907
1.027969
0.805739
0.575216
0.306728
0.269296
0.320341
0.338585
0.355823
0.312520
0.332596
0.276368
0.305329
0.181034
0.194707
0.212497
0.310550
0.386675
0.494027
0.453797
0.458742
0.501612
0.938722
0.927315
0.878476
0.605595
0.824121
1.013016
1.058703
1.078483
0.834858
0.871463
0.863149
1.005490
0.889982
0.776089
0.569246
0.458210
0.492037
0.354464
0.285923
0.281688
0.247092
0.251840
0.194411
0.223510
0.268488
0.383976
0.484374
0.474267
0.388350
0.329916
0.393650
0.609910
0.704574
0.778394
0.537685
0.381671
0.270951
0.363763
0.530514
0.797485
0.832632
0.725122
0.562193
0.728570
1.023654
1.073400
0.872172
0.447099
0.319829
0.512527
0.742302
0.972017
1.020876
1.019753
0.711016
0.559277
0.422591
0.449325
0.388094
0.348691
0.720236
1.111916
1.768556
1.764675
1.569673
0.576575
0.348534
0.373436
0.421192
0.427476
0.483034
0.627306
0.682351
0.596552
0.573915
0.438332
0.397570
0.271699
0.286849
0.207651
0.204459
0.169864
0.175144
0.166140
0.238916
0.269434
0.383228
0.358010
0.297646
0.202804
0.222269
0.266360
0.321642
0.447749
0.612944
0.638240
0.588869
1.052694
1.292260
1.211801
0.848491
0.875147
0.953636
0.953301
0.637669
0.393472
0.345579
0.480335
0.736037
0.768110
0.777212
0.698604
0.590149
0.420167
0.370461
0.396506
0.283461
0.328596
0.523145
0.853712
1.146334
0.940830
1.021408
0.803592
0.884505
0.966383
1.247420
1.278647
1.079034
0.649391
0.507306
0.511679
0.702210
0.875206
1.104823
1.316079
1.318601
1.625841
1.643355
1.242022
0.654730
0.442193
0.586642
0.594030
0.583687
0.370087
0.361044
0.343845
0.495052
0.787201
0.805858
1.113965
1.214638
1.312493
1.482219
1.115895
0.939727
0.435534
0.453108
0.617160
0.780896
1.157583
1.335071
1.360348
1.069834
1.063746
1.240781
1.209496
0.849496
0.757531
0.437780
0.443710
0.313249
0.266636
0.207907
0.305290
0.340496
0.675278
0.764662
0.899359
0.946110
0.921444
0.723448
0.586012
0.592533
0.589420
0.436657
0.384843
0.359251
0.626537
0.692970
0.743149
0.532405
0.432264
0.385513
0.447513
0.384587
0.407775
0.321819
0.343510
0.507542
0.551830
0.667181
0.696319
0.766317
0.684656
0.611269
0.486876
0.610008
0.623228
0.541842
0.232277
0.121281
0.149434
0.397058
0.595350
0.833124
1.121136
1.069597
0.853397
0.592553
0.526889
0.569818
0.772799
0.793406
1.054388
1.543057
1.719106
1.402390
0.601497
0.624882
0.651321
0.704909
0.612333
0.596434
0.790845
1.017606
1.136739
0.952395
0.770139
0.726954
0.976352
1.174920
1.320000
1.069243
0.826209
0.588514
0.453226
0.410238
0.459274
0.596532
0.674707
0.550235
0.414493
0.460496
0.584771
0.878338
1.521740
1.760479
1.684708
0.939924
0.713203
0.541605
0.201583
0.222032
0.313091
0.359310
0.420778
0.944869
1.760991
1.978197
1.787371
1.065835
1.140876
1.325083
1.165148
1.025270
0.767893
0.496450
0.345992
0.510694
0.722068
0.776404
0.586938
0.532405
0.489535
0.598069
0.679474
0.627345
0.632664
0.817934
0.947371
0.964945
0.711371
0.625493
0.860095
0.992605
0.996151
0.834897
0.985119
1.577691
1.933278
1.907292
1.263536
1.030648
1.452352
1.881838
1.651374
0.969279
0.471016
0.543260
0.693364
0.595784
0.559849
0.486698
0.537449
0.503208
0.534198
0.550904
0.543142
0.578427
0.697619
0.821914
0.832966
0.664127
0.509118
0.437780
0.397787
0.436224
0.500903
0.664482
0.771105
0.846738
0.882003
1.016306
0.916834
0.759245
0.153354
0.272389
0.295478
0.334093
0.437012
0.531814
0.570231
0.600020
0.556224
0.387404
0.315022
0.286357
0.293981
0.210231
0.194490
0.175616
0.397826
0.657685
0.823924
1.118220
1.128484
1.089062
0.717517
0.431574
0.529548
0.795849
0.969535
0.904541
0.721024
0.547457
0.532267
0.674057
0.941008
0.892425
0.913406
1.197202
1.994293
2.769909
2.944777
2.400354
1.359264
1.519494
1.588487
1.483697
0.605004
0.497967
0.450803
0.426196
0.242423
0.322843
0.553052
0.812142
1.200669
1.233196
1.299412
1.105158
0.886573
0.963290
0.923690
0.791752
0.913544
1.011676
1.384600
1.618788
1.520065
1.434542
1.337278
1.472881
1.461021
1.623772
1.427017
1.710359
1.861152
2.288431
2.287604
2.154779
1.445831
0.755285
0.907732
1.253567
1.606711
1.946557
1.932234
1.895708
2.064271
2.156118
2.041576
1.799527
1.228941
0.890474
1.114122
1.174743
1.175137
1.116742
1.033682
1.084137
1.348783
1.246120
0.955646
0.859071
1.277406
1.414624
1.405818
1.039671
1.170330
1.157130
1.134020
1.440886
1.352979
1.475895
1.116841
1.402016
1.439743
1.373252
1.381349
1.613212
2.030267
1.912927
1.709078
1.424830
1.407591
1.563250
1.860994
2.020791
2.221723
1.851144
1.295176
0.884465
0.982400
1.624245
1.541815
1.663391
1.451505
1.652339
1.661737
1.234398
0.958798
0.930606
1.002791
1.121116
1.399455
1.583030
1.867437
1.619162
1.297540
0.973574
0.782295
0.977199
1.074444
0.881825
0.866872
0.764938
0.864311
1.163021
2.131098
2.336719
2.457862
1.601293
1.284380
1.117373
0.570704
0.565503
0.610501
0.554825
0.408071
0.251466
0.290238
0.291952
0.287657
0.223195
0.188580
0.227214
0.203218
0.240374
0.172661
0.126048
0.183024
0.270399
0.494539
0.595685
0.656857
0.549604
0.591784
0.713223
0.688596
