0.428595
0.362845
0.365292
0.331347
0.340062
0.401683
0.538228
0.519268
0.595415
0.589757
0.560705
0.541898
0.496638
0.474619
0.342968
0.277983
0.302448
0.340674
0.448014
0.418962
0.429818
0.542968
0.611623
0.565751
0.579054
0.584559
0.556424
0.544497
0.583794
0.492356
0.561776
0.573702
0.499543
0.436546
0.337157
0.237157
0.199848
0.196484
0.261163
0.340062
0.468044
0.477525
0.417738
0.465292
0.435934
0.565445
0.470491
0.414222
0.382264
0.363304
0.388686
0.314221
0.287922
0.313151
0.337463
0.414833
0.627525
0.598779
0.687005
0.929361
1.007343
0.850003
1.095570
1.290372
1.414684
1.233949
1.401534
1.204744
1.064530
1.025539
1.065141
1.076456
1.066212
1.142817
1.156120
1.161778
1.315448
1.304439
1.331503
1.330280
1.287619
1.423858
1.431656
1.400311
1.438231
1.450464
1.504440
1.461779
1.438690
1.481962
1.164989
1.131808
1.227221
1.161013
1.371412
1.333338
1.146946
1.170188
1.012236
0.791746
0.709788
0.840982
0.697862
0.702755
0.433794
0.140367
0.199695
0.343426
0.439757
0.506730
0.668504
0.846945
0.858413
0.797556
0.987159
0.951532
0.997098
0.814223
0.779819
0.841593
0.567433
0.402448
0.403977
0.407188
0.456729
0.595721
0.647862
0.629972
0.664528
0.727831
0.777220
0.743734
0.694039
0.716669
0.804284
0.795721
0.528289
0.377524
0.353518
0.341744
0.279359
0.309175
0.375689
0.482723
0.547250
0.611011
0.636852
0.777984
0.674314
0.695262
0.660706
0.671256
0.778902
0.750461
0.911012
0.898780
0.917740
1.075539
1.202909
1.163918
1.219423
1.171717
1.031961
1.034560
0.929055
0.888535
0.885783
0.697097
0.828137
0.677067
0.824774
0.925386
0.882419
0.735018
0.858107
0.883184
1.192818
1.131655
1.033031
1.123398
0.912083
0.666669
0.681348
0.592051
0.509788
0.534864
0.644804
0.704743
0.759942
0.718351
0.714987
0.787923
0.809177
0.883184
0.962847
0.993123
1.067435
1.029209
1.086854
1.043276
1.072328
0.974774
0.918046
0.934713
0.837923
0.832113
0.889606
0.871410
0.855661
0.752755
0.411622
0.425690
0.558412
0.551072
0.511776
0.573091
0.613305
0.695415
0.781807
0.880278
0.927679
1.023551
1.056732
1.136090
1.233032
1.218659
1.329515
1.386855
1.275540
1.275693
1.133184
1.077374
1.220647
1.236549
0.963306
1.088077
0.966517
0.816211
0.775232
0.616975
0.632571
0.561623
0.657342
0.625996
0.581653
0.597861
0.522020
0.692051
0.685324
0.862083
0.852602
0.658412
0.601990
0.647709
0.613764
0.658718
0.698168
0.723397
0.696333
0.828137
0.924468
0.835324
0.892664
1.035783
1.054744
1.221564
1.057802
0.742969
0.742969
0.641745
0.622479
0.679972
0.678443
0.676302
0.741134
0.944346
0.902144
0.809177
0.952909
0.999851
1.039300
1.177527
0.974010
0.847862
1.023704
0.958719
1.004897
1.036548
1.163460
1.160707
1.306427
1.182573
1.179209
1.148169
1.167894
1.029209
1.029667
1.056426
0.906578
0.857037
0.864835
0.885171
0.854896
0.661623
0.707495
0.743122
0.729055
0.713152
0.553672
0.419573
0.487311
0.530736
0.599543
0.620491
0.617739
0.557953
0.575231
0.648320
0.753367
0.901991
0.837312
0.941288
0.857801
1.029820
1.040371
0.824926
0.845263
0.916364
0.822939
0.988841
0.970646
1.127833
1.142512
1.169729
1.329057
1.470494
1.610403
1.526917
1.448170
1.211319
1.065906
0.776150
0.420185
0.409176
0.312386
0.209940
0.169114
0.209175
0.220337
0.294802
0.399390
0.508564
0.556730
0.501684
0.472937
0.514069
0.595415
0.653366
0.875080
0.787465
0.788841
0.773856
0.685018
0.577372
0.245872
0.200154
0.290368
0.275383
0.303518
0.258869
0.417586
0.514987
0.600461
0.694039
0.820339
0.886853
0.939453
0.767434
0.758412
0.595568
0.430735
0.246025
0.254435
0.345720
0.532418
0.659635
0.713611
0.792052
0.721715
0.860706
0.653213
0.501531
0.428595
0.353365
0.300001
0.304282
0.337004
0.367891
0.441286
0.490827
0.422326
0.450460
0.527219
0.496791
0.413457
0.511928
0.510705
0.623091
0.718045
0.774162
0.842664
0.897098
0.867128
1.134408
1.104438
1.036854
0.843122
0.812235
0.544039
0.318656
0.195108
0.131193
0.091132
0.260398
0.561929
0.760859
0.926150
1.172328
1.277375
1.215601
1.103674
1.062083
1.096334
0.938077
0.827526
0.589605
0.620950
0.510552
0.747097
0.666210
0.783183
0.965753
1.038994
1.049698
1.019728
0.996487
1.226304
1.382421
1.422023
1.267589
1.559180
1.599088
1.656122
1.544807
0.897710
0.711470
0.896792
1.306885
1.728905
1.983646
2.324473
2.170191
2.164992
2.042821
2.157041
0.995263
0.642816
0.439604
0.494038
0.413610
0.319114
0.308870
0.313763
0.338380
0.201071
0.267891
0.285016
0.533488
0.610858
0.908872
1.075845
1.046946
1.135937
1.090371
1.189760
1.140983
0.902144
0.807495
0.784406
0.730278
0.761165
0.781807
0.816975
1.019575
1.202145
1.294194
1.541137
1.697865
1.874013
2.036246
1.953218
2.250467
1.904747
2.003983
2.004136
2.109946
2.199243
1.796184
1.828447
1.564532
1.281962
1.106426
0.946334
0.967435
0.947557
1.079667
1.036701
1.184714
1.063154
0.863459
0.999086
1.053521
1.038994
0.968964
0.903673
0.894651
0.947710
1.048780
0.921104
0.938535
0.760247
0.903826
0.685171
0.792969
0.763764
0.578595
0.506424
0.438228
0.363610
0.251989
0.247096
0.345261
0.472632
0.546944
0.676608
0.865294
0.952909
1.033643
1.110707
1.200310
1.335785
1.558721
1.423094
1.311167
1.361320
1.547559
1.695113
1.622636
1.952148
2.013157
1.941597
1.926154
1.756581
1.707193
1.269271
0.984560
1.076151
0.858260
0.894957
0.934254
0.958260
1.158108
1.380586
1.379974
1.671718
1.819884
1.916979
1.740373
1.630587
1.407956
1.308720
1.130126
1.290983
1.464378
1.528904
1.589455
1.604593
1.619425
1.605663
1.676611
2.055512
1.891138
1.926459
1.511626
1.648935
1.406580
1.516825
1.113001
0.893734
0.800003
0.814070
0.778749
0.785477
0.779819
0.862388
0.809330
0.821563
0.844345
0.839453
0.745568
0.796486
1.096181
1.252757
1.465754
1.451993
1.420341
1.433797
1.406274
1.171717
1.191747
1.501076
1.453369
1.627376
1.633798
1.672789
1.446641
1.378139
1.550158
1.522177
1.542972
1.423705
1.533339
1.422023
1.626305
1.901230
1.618049
1.396029
1.570801
1.450617
1.220647
1.165600
1.244653
1.265295
1.427069
1.631810
2.004136
2.132576
1.988080
2.000007
1.665449
1.592207
1.353522
1.462238
1.540220
1.271870
1.213154
1.288384
0.890217
0.808718
0.634100
0.768046
0.947404
0.829972
0.947404
0.798932
1.018964
1.013306
1.042053
1.140983
1.145876
1.039300
1.077833
1.107496
1.184408
1.355968
1.343430
1.283797
1.261625
1.203674
1.336702
1.449699
1.419118
1.405051
1.370188
1.319882
1.441289
1.291289
1.103827
0.977985
0.728596
0.689299
0.728290
0.763458
0.833795
0.736853
0.846639
0.751532
0.920951
0.918963
0.944499
0.974774
1.201533
1.211166
1.136701
1.170646
1.128291
0.920798
0.677831
0.616822
0.732571
0.511928
0.557647
0.560705
0.750003
0.853061
0.883948
1.011013
0.869575
0.843122
0.863000
0.840982
0.865752
0.867128
0.846027
0.785783
1.037007
1.083796
1.102756
1.165906
1.108567
0.948016
0.714223
0.630125
0.523396
0.406729
0.479207
0.653825
0.784101
0.843581
1.084866
1.097252
1.357803
1.299699
1.482115
1.225387
1.249699
0.428289
0.220949
0.393885
0.496638
0.574926
0.594345
0.510246
0.550919
0.580889
0.539146
0.479054
0.533488
0.674008
0.757648
0.806425
0.882419
0.746945
0.866823
0.784101
0.701226
0.470032
0.314221
0.236698
0.185475
0.127370
0.075535
0.049083
0.050765
0.056116
0.048930
0.048930
0.053364
0.063609
0.061621
0.051988
0.036544
0.036392
0.033333
0.015902
0.027370
0.020184
0.011927
0.009480
0.023547
0.016514
0.015596
0.013456
0.001070
0.010398
0.010550
0.014067
0.018807
0.016973
0.015291
0.015291
0.015291
0.009480
0.010703
0.014679
0.028899
0.025229
0.023547
0.022324
0.015291
0.014679
0.017584
0.022936
0.023853
0.033945
0.020184
0.015291
0.023700
0.030581
0.037615
0.038074
0.030734
0.022936
0.025077
0.018960
0.020948
0.019878
0.026606
0.029970
0.037768
0.053976
0.059786
0.076759
0.076912
0.093425
0.089603
0.092508
0.087156
0.083334
0.074618
0.066973
0.052294
0.022324
0.033028
0.038532
0.034251
0.046789
0.058563
0.071713
0.067279
0.069572
0.079511
0.077370
0.089756
0.106881
0.115138
0.069266
0.057034
0.059786
0.069572
0.077064
0.077370
0.073701
0.071866
0.051529
0.083028
0.132416
0.140367
0.135933
0.116361
0.116973
0.148319
0.150918
0.178441
0.163762
0.137156
0.115138
0.081805
0.082569
0.079358
0.072172
0.070642
0.070031
0.070337
0.074006
0.069725
0.056575
0.058869
0.061315
0.047248
0.051988
0.049694
0.054282
0.062997
0.064985
0.063609
0.052447
0.043731
0.024312
0.020031
0.022936
0.019113
0.024618
0.029970
0.019572
0.014220
0.020642
0.030734
0.026759
0.015291
0.015291
0.022936
0.041590
0.066667
0.091743
0.109481
0.103823
0.090214
0.053364
0.045872
0.046330
0.044190
0.036392
0.040826
0.046942
0.069266
0.081499
0.089603
0.090061
0.096178
0.124159
0.133487
0.106881
0.136851
0.178747
0.149236
0.148471
0.124159
0.114679
0.102447
0.077982
0.049847
0.066208
0.076912
0.085780
0.077829
0.076759
0.082416
0.094190
0.072477
0.073548
0.077217
0.088685
0.073395
0.064373
0.052447
0.052905
0.066973
0.096178
0.109786
0.135474
0.119114
0.143426
0.133793
0.124771
0.111468
0.125994
0.099695
0.093731
0.056575
0.067737
0.089450
0.119114
0.103976
0.102753
0.120796
0.101988
0.093578
0.091591
0.098624
0.109939
0.110398
0.114526
0.117585
0.132263
0.139144
0.153976
0.148319
0.161468
0.140062
0.144037
0.148471
0.147401
0.093731
0.122630
0.176912
0.201377
0.222784
0.199389
0.207340
0.138227
0.099389
0.114985
0.106117
0.068808
0.083181
0.102141
0.133793
0.132416
0.130734
0.116667
0.105352
0.055505
0.052294
0.087615
0.135322
0.140215
0.192203
0.267585
0.255811
0.328594
0.300001
0.248472
0.118043
0.117126
0.114373
0.119114
0.125994
0.160704
0.202141
0.204282
0.166056
0.163762
0.137004
0.104435
0.077217
0.106881
0.111927
0.099847
0.116667
0.202294
0.190673
0.222325
0.287922
0.231652
0.231499
0.217738
0.198013
0.157187
0.145719
0.116973
0.109939
0.102447
0.085627
0.066208
0.051529
0.065749
0.064373
0.077676
0.079205
0.093884
0.086392
0.090214
0.122172
0.108257
0.089603
0.106881
0.109175
0.153364
0.193884
0.103211
0.164679
0.190368
0.275842
0.343732
0.462999
0.519727
0.595568
0.575843
0.686547
0.708718
0.722938
0.799085
0.597250
0.587311
0.460552
0.234557
0.244649
0.291744
0.374772
0.396485
0.451684
0.628290
0.721409
0.633794
0.572020
0.533641
0.369573
0.336546
0.368962
0.480583
0.384558
0.505659
0.580736
0.548932
0.494497
0.343426
0.312386
0.288686
0.255505
0.241744
0.262080
0.296484
0.394497
0.447096
0.452754
0.497555
0.484864
0.401989
0.374925
0.311622
0.278594
0.318503
0.337310
0.421714
0.405047
0.489910
0.535170
0.545568
0.631348
0.612387
0.555048
0.633488
0.665446
0.325383
0.289756
0.378289
0.394956
0.379665
0.517433
0.629666
0.847862
1.172328
1.414225
1.320647
1.566213
1.624776
1.443277
1.168811
0.963918
0.854590
0.876150
0.853520
0.852908
0.894040
0.968505
0.968046
1.113612
0.715293
0.754437
0.799697
0.938688
0.977068
1.011319
0.888229
0.841593
0.722174
0.792052
1.010248
0.915905
0.984101
0.994499
0.886700
0.696027
0.595262
0.768198
0.904437
0.929667
0.908566
0.920798
0.917587
0.887924
0.844498
0.824926
0.686700
0.811165
0.898474
0.911471
1.050768
1.145570
1.020187
1.162542
0.265291
0.291133
0.391286
0.454589
0.520032
0.578901
0.631348
0.854590
0.860859
0.961624
0.973245
1.000921
1.308567
1.253063
1.217283
1.341442
1.462390
1.697865
1.566978
1.370035
1.298934
1.103827
1.037618
0.786394
0.821868
0.703519
0.722785
0.915600
0.979208
0.935019
0.793428
0.632571
0.652449
0.566974
0.546026
0.524008
0.627525
0.729819
0.946028
1.092359
1.392818
1.355204
1.569119
1.751535
1.847407
1.756887
1.868508
1.586703
1.668507
1.646948
1.457803
1.246946
1.331809
1.155814
1.081502
0.999698
1.124928
0.825691
0.725079
0.527984
0.390521
0.185322
0.067737
0.022783
0.007645
0.001070
0.001070
0.001070
0.001070
0.001070
0.004281
0.029817
0.070948
0.129817
0.201071
0.298166
0.332876
0.403977
0.585782
0.624314
0.576608
0.518809
0.537617
0.526149
0.717128
0.992817
1.131044
1.474164
1.569425
1.624623
1.612085
1.648171
1.480433
1.301075
1.074316
1.038842
0.792663
0.712541
0.848780
0.671409
0.578442
0.534864
0.531806
0.485323
0.483182
0.422173
0.467892
0.663458
0.779513
1.004744
1.292359
1.186854
1.137925
1.058108
0.850003
0.807189
0.606271
0.487463
0.489298
0.625843
0.527831
0.637770
0.651531
0.754284
0.715140
0.831196
0.845722
0.777831
0.772939
0.726914
0.805660
0.817893
0.775385
0.761012
0.713152
0.827067
1.060095
1.258720
1.224775
1.375846
1.568660
1.454286
1.346794
1.288231
1.221258
1.598018
1.490219
1.826153
1.778141
1.876918
2.029977
2.238387
1.890985
1.583645
1.692055
1.345723
1.635939
1.822789
1.864227
2.000313
2.244809
2.168662
2.300773
2.214993
2.048325
1.608721
1.443736
1.308262
1.098169
0.979361
1.060248
1.110249
1.182726
1.259943
1.283644
1.415907
1.593125
1.755358
1.773248
1.815603
1.406886
1.145723
1.052756
1.090982
1.008872
0.743428
0.602449
0.548779
0.528748
0.412234
0.526607
0.563916
0.712388
0.814835
0.960554
0.828596
0.922633
1.013612
1.239454
1.153521
1.200922
1.217588
1.314531
1.481810
1.378292
1.630740
1.826459
1.863768
1.509638
1.697101
1.633186
1.235631
1.076151
1.076915
1.086395
1.145570
1.162695
0.983490
0.844345
0.764529
0.751073
0.688076
0.719727
0.675538
0.604589
0.650461
0.648320
0.663764
0.779361
0.708412
0.659177
0.779208
0.772174
0.753978
0.906425
0.877679
0.874009
0.670186
0.667586
0.678749
0.507647
0.511470
0.568962
0.589757
0.701379
0.658412
0.549696
0.590828
0.579513
0.584559
0.550766
0.714834
0.695568
0.728443
0.866670
0.854284
0.835018
0.947251
0.999239
0.957954
0.921869
0.935936
0.951685
1.087466
1.107496
1.231197
1.304592
1.341442
1.445571
1.437467
1.302451
1.103979
1.162237
1.370647
1.035019
0.955967
1.091441
1.151227
1.267130
1.160707
0.996640
0.996487
0.833489
0.556577
0.439604
0.442815
0.488993
0.418503
0.582877
0.636699
0.744345
0.906578
0.821104
0.752602
0.628443
0.532724
0.518198
0.422631
0.418962
0.465904
0.423855
0.475231
0.645415
0.643733
0.685935
0.749850
0.952909
1.066365
1.225692
1.363766
1.378292
1.451075
1.720495
1.570648
1.515602
1.369271
1.270341
1.075080
1.170341
0.874468
0.918046
0.804743
0.766975
0.765293
0.763305
1.023551
1.119729
1.244041
1.399852
1.314531
1.129362
1.000462
0.848474
0.890982
0.582112
0.432112
0.471561
0.629207
0.518503
0.528136
0.723091
0.777984
0.987312
0.905202
0.986701
0.947251
0.941594
1.071105
1.322940
1.490525
1.756275
1.836398
1.770648
1.650312
1.555510
1.467742
1.261014
0.890523
0.885630
0.773856
0.606271
0.349390
0.245414
0.246484
0.223701
0.277524
0.390674
0.472479
0.461622
0.597250
0.550919
0.608871
0.809330
0.830584
0.753061
0.875997
0.897251
0.855202
0.919881
1.048780
1.010401
0.822480
0.910095
0.988383
0.825691
0.524620
0.376760
0.327065
0.313610
0.332723
0.315445
0.337769
0.295873
0.344191
0.377066
0.389145
0.320338
0.312386
0.428595
0.547097
0.590981
0.614987
0.760553
0.723856
0.609329
0.737464
0.782877
0.784865
