0.282160
0.352179
0.519599
0.576280
0.459530
0.430806
0.457324
0.421389
0.277669
0.160919
0.076638
0.058079
0.061921
0.112179
0.148271
0.145395
0.114622
0.068619
0.065920
0.040131
0.046022
0.049746
0.056818
0.069801
0.092497
0.053095
0.054986
0.058040
0.055163
0.049746
0.021553
0.006895
0.034477
0.046298
0.082154
0.096713
0.083829
0.073978
0.053134
0.038319
0.032152
0.044958
0.050238
0.071909
0.082390
0.083750
0.106288
0.129122
0.131584
0.153630
0.129122
0.079731
0.111844
0.109795
0.090468
0.035206
0.020194
0.041116
0.052385
0.069506
0.046869
0.016510
0.018302
0.027720
0.035442
0.057941
0.111312
0.187575
0.186117
0.161116
0.082115
0.113105
0.135544
0.129299
0.109125
0.083100
0.094546
0.123014
0.133357
0.116848
0.106741
0.067969
0.074805
0.039521
0.068757
0.100791
0.107628
0.107490
0.071437
0.078627
0.104101
0.166337
0.154733
0.135623
0.105894
0.142085
0.123231
0.152842
0.151423
0.162358
0.136785
0.073013
0.036191
0.041491
0.078903
0.084676
0.075278
0.039127
0.085562
0.127289
0.108593
0.104397
0.101599
0.092596
0.074352
0.058020
0.034241
0.038989
0.021671
0.021671
0.008412
0.032704
0.056148
0.056621
0.067220
0.050928
0.067319
0.054769
0.040624
0.035305
0.049962
0.086075
0.085543
0.104869
0.104948
0.135111
0.164741
0.181290
0.111312
0.067201
0.055124
0.053292
0.050731
0.057665
0.055183
0.079100
0.084085
0.097107
0.096792
0.133141
0.157846
0.167854
0.148094
0.145690
0.167106
0.160919
0.155797
0.126856
0.089857
0.063694
0.074825
0.086035
0.066649
0.014520
0.000985
0.000985
0.024429
0.045431
0.075830
0.104810
0.090783
0.078391
0.060364
0.049824
0.029552
0.029946
0.046002
0.044958
0.038319
0.031325
0.039343
0.039402
0.015367
0.022006
0.030537
0.040269
0.043421
0.038417
0.056089
0.076460
0.086193
0.070038
0.077268
0.061074
0.052720
0.034142
0.030596
0.060207
0.042535
0.038752
0.023307
0.040880
0.041530
0.068875
0.128491
0.177646
0.152507
0.116631
0.073407
0.078312
0.102899
0.166219
0.146754
0.178237
0.155521
0.144489
0.077327
0.090704
0.096536
0.066590
0.026498
0.040230
0.072658
0.118838
0.114759
0.097127
0.096142
0.150635
0.185231
0.173469
0.181724
0.089306
0.114149
0.198273
0.242009
0.272999
0.228041
0.230268
0.177705
0.147779
0.094842
0.110662
0.103175
0.140942
0.127014
0.175932
0.186886
0.198509
0.167972
0.088202
0.100240
0.136096
0.148705
0.129476
0.151817
0.176030
0.213856
0.175813
0.131013
0.051834
0.021671
0.007033
0.000985
0.025454
0.048504
0.044406
0.041254
0.062374
0.082745
0.114208
0.107529
0.094467
0.095945
0.088655
0.105638
0.178985
0.204223
0.198884
0.115035
0.081445
0.101382
0.135170
0.191732
0.169745
0.107647
0.070648
0.048189
0.041668
0.030261
0.053410
0.155009
0.216595
0.202115
0.175321
0.116454
0.083415
0.052208
0.057567
0.082942
0.127408
0.200558
0.193032
0.135446
0.069998
0.056720
0.064305
0.089266
0.128215
0.117498
0.100338
0.055735
0.066196
0.069644
0.067851
0.084873
0.115882
0.109125
0.140785
0.105598
0.142558
0.160033
0.123251
0.130560
0.092832
0.098723
0.057153
0.051282
0.086390
0.126777
0.118680
0.109184
0.079652
0.065861
0.034792
0.059025
0.115213
0.167460
0.144942
0.088242
0.080243
0.082469
0.067693
0.075298
0.041510
0.022932
0.009752
0.006698
0.084341
0.127821
0.154182
0.128018
0.096024
0.107588
0.097876
0.084006
0.054907
0.074845
0.108810
0.121162
0.119586
0.151443
0.162811
0.154851
0.076480
0.046613
0.025178
0.071850
0.174119
0.196362
0.210901
0.147444
0.151325
0.089739
0.081780
0.117951
0.148508
0.191693
0.164781
0.091394
0.063024
0.031384
0.072382
0.108258
0.149118
0.136844
0.189269
0.149532
0.164446
0.125457
0.105126
0.085168
0.084242
0.049332
0.080401
0.147601
0.184285
0.158713
0.088025
0.155285
0.245654
0.347785
0.388153
0.296306
0.220752
0.111588
0.065940
0.099570
0.117971
0.106189
0.123132
0.136569
0.197091
0.206232
0.199593
0.210783
0.289903
0.368846
0.371939
0.359389
0.308127
0.223786
0.182059
0.197130
0.215748
0.278240
0.296601
0.224692
0.247979
0.313426
0.290376
0.260115
0.190648
0.258854
0.284997
0.338742
0.452694
0.576713
0.576339
0.336969
0.197839
0.148094
0.082804
0.074786
0.063871
0.096359
0.121458
0.161136
0.132963
0.078036
0.057744
0.088655
0.082115
0.062098
0.049095
0.083632
0.101225
0.123349
0.101579
0.118463
0.216240
0.230189
0.262912
0.195377
0.196933
0.156152
0.108337
0.061980
0.037137
0.039757
0.032665
0.028291
0.057133
0.071043
0.064915
0.041806
0.033906
0.061212
0.111095
0.105618
0.076244
0.041983
0.077130
0.087119
0.082016
0.082784
0.090507
0.089995
0.079652
0.100653
0.112848
0.091867
0.111548
0.215019
0.218920
0.216083
0.153689
0.145178
0.175951
0.235272
0.238247
0.195081
0.132963
0.194017
0.199849
0.166140
0.086429
0.173548
0.218683
0.301940
0.268035
0.240709
0.147463
0.097994
0.145158
0.177271
0.157767
0.079475
0.041806
0.034911
0.032330
0.032507
0.012431
0.034241
0.118187
0.131486
0.133771
0.053193
0.040387
0.014224
0.045234
0.077406
0.118365
0.199356
0.244334
0.255327
0.278732
0.272448
0.273669
0.246560
0.099629
0.135879
0.237931
0.255820
0.228790
0.130974
0.132944
0.199612
0.258125
0.321977
0.270241
0.220102
0.214329
0.233912
0.216890
0.099393
0.084853
0.080992
0.084952
0.123251
0.147917
0.149965
0.140154
0.125122
0.094211
0.133495
0.159915
0.140686
0.096043
0.146616
0.134027
0.101540
0.086744
0.096871
0.143838
0.199002
0.188442
0.154871
0.090566
0.093462
0.104988
0.163106
0.160978
0.105736
0.109302
0.114700
0.128806
0.084420
0.079790
0.081898
0.149591
0.242778
0.298178
0.262440
0.209187
0.143799
0.116730
0.088084
0.105756
0.139248
0.161589
0.194057
0.290750
0.323829
0.250934
0.236986
0.244452
0.308363
0.428186
0.363467
0.292346
0.204104
0.147010
0.140213
0.111588
0.169391
0.192559
0.200558
0.164899
0.152330
0.141041
0.152211
0.153334
0.203297
0.234405
0.284643
0.330330
0.274891
0.266931
0.256766
0.296877
0.310333
0.249161
0.206725
0.276979
0.293331
0.372293
0.374776
0.297547
0.183004
0.090074
0.180108
0.346032
0.364492
0.300758
0.160998
0.133239
0.185290
0.246541
0.226623
0.251072
0.217048
0.368846
0.384016
0.325385
0.153354
0.242581
0.331433
0.434884
0.352474
0.217875
0.276743
0.262105
0.259228
0.099077
0.168741
0.295597
0.475646
0.501612
0.315416
0.227923
0.177882
0.219412
0.210034
0.287283
0.292011
0.261494
0.136510
0.040427
0.040092
0.064285
0.082272
0.149808
0.238168
0.211236
0.217304
0.096969
0.071121
0.044249
0.030182
0.032310
0.042338
0.066551
0.095945
0.105086
0.139780
0.183911
0.228829
0.277826
0.348908
0.262853
0.175892
0.129910
0.248294
0.315219
0.313446
0.269453
0.183694
0.166081
0.114050
0.083868
0.098959
0.131821
0.129929
0.164643
0.229755
0.241852
0.214625
0.156447
0.142420
0.147779
0.145474
0.196362
0.208557
0.227726
0.230386
0.245891
0.241261
0.240118
0.179931
0.168150
0.217107
0.390478
0.456378
0.478778
0.379307
0.254914
0.184147
0.217225
0.221028
0.174159
0.126088
0.057764
0.015012
0.053154
0.133357
0.258755
0.391679
0.454940
0.400230
0.394851
0.281766
0.252944
0.199140
0.194549
0.176404
0.128944
0.165943
0.112888
0.158535
0.176582
0.263346
0.283717
0.297724
0.307142
0.259287
0.257514
0.290711
0.261947
0.300325
0.433013
0.478443
0.481241
0.411085
0.279855
0.178532
0.122147
0.094585
0.215925
0.302591
0.340121
0.328143
0.170041
0.191653
0.207060
0.308954
0.279304
0.278398
0.264508
0.306117
0.344554
0.366245
0.327591
0.333502
0.263641
0.123783
0.041254
0.052149
0.080854
0.092694
0.147936
0.143267
0.200341
0.248885
0.307634
0.324932
0.264705
0.172779
0.133042
0.149217
0.205011
0.209384
0.203927
0.172484
0.188895
0.247270
0.382971
0.478798
0.547555
0.542610
0.371939
0.328025
0.491584
0.508153
0.578998
0.363113
0.329621
0.336733
0.303083
0.241083
0.213916
0.181310
0.133357
0.081760
0.094979
0.127427
0.111824
0.111548
0.112435
0.139898
0.159264
0.201760
0.168918
0.156585
0.148744
0.054868
0.054454
0.063477
0.074884
0.092576
0.090645
0.105559
0.092399
0.108613
0.162929
0.226564
0.217698
0.305900
0.366324
0.401234
0.302275
0.252372
0.234306
0.247309
0.302000
0.367211
0.479606
0.602147
0.662295
0.707450
0.615800
0.530947
0.394615
0.317524
0.223451
0.151207
0.168406
0.197839
0.219077
0.205937
0.254165
0.304856
0.369949
0.446665
0.358424
0.287401
0.397294
0.467371
0.438411
0.269138
0.348593
0.467884
0.448734
0.380332
0.424403
0.514930
0.617948
0.546511
0.431042
0.305428
0.213856
0.485792
0.679770
0.716197
0.634142
0.453541
0.307575
0.241221
0.365181
0.496687
0.664068
0.571591
0.493062
0.341166
0.371111
0.396605
0.373081
0.327040
0.359803
0.397944
0.454073
0.391640
0.221954
0.320203
0.352198
0.404682
0.293686
0.275462
0.344239
0.328892
0.353952
0.253298
0.199770
0.141120
0.203829
0.246462
0.276506
0.301212
0.302216
0.252766
0.198391
0.067752
0.044840
0.040624
0.192225
0.248649
0.300877
0.196933
0.160959
0.235961
0.279481
0.279599
0.349637
0.289726
0.267601
0.178375
0.242502
0.330034
0.413508
0.570645
0.683966
0.654769
0.408406
0.250954
0.269079
0.293272
0.502715
0.772937
0.773823
0.708356
0.343746
0.238660
0.163421
0.104259
0.151423
0.224791
0.243546
0.183812
0.172248
0.121418
0.133259
0.225204
0.422453
0.487132
0.631502
1.023891
1.298742
1.244446
0.608806
0.319790
0.398358
0.596454
0.667437
0.664797
0.745927
0.933600
0.901881
0.632310
0.275935
0.097462
0.123586
0.115410
0.161392
0.200617
0.238562
0.223530
0.282042
0.497849
0.620785
0.875147
0.969318
0.991403
0.870123
0.712119
0.712592
0.730461
0.590327
0.499169
0.558174
0.751108
0.746518
0.814388
0.901763
0.987956
0.936378
0.764505
0.414355
0.516841
0.738874
0.830523
0.674490
0.457797
0.481793
0.573955
0.610993
0.512763
0.593774
0.710327
0.736628
0.625414
0.366206
0.229381
0.089246
0.104278
0.098388
0.117813
0.128491
0.243251
0.302374
0.389630
0.426196
0.557997
0.511463
0.570881
0.578585
0.587312
0.518102
0.400840
0.542275
0.716493
0.699885
0.465835
0.309585
0.350465
0.459589
0.469657
0.455176
0.512625
0.477242
0.464574
0.341993
0.223293
0.322509
0.497967
0.526810
0.438627
0.252057
0.217895
0.380568
0.510359
0.695235
0.788619
0.942544
1.002141
1.004721
0.883874
0.864567
0.857888
0.944140
0.861671
0.833636
0.600157
0.595193
0.378401
0.182394
0.149867
0.136490
0.204360
0.246541
0.289745
0.343155
0.397609
0.555002
0.644012
0.723152
0.735761
0.653863
0.525293
0.357852
0.255032
0.253377
0.255564
0.207020
0.221658
0.241202
0.277097
0.238128
0.213522
0.246226
0.259819
0.440814
0.581540
0.712592
0.829401
0.834326
0.666807
0.612510
0.521215
0.609929
0.447040
0.441740
0.301645
0.194924
0.087592
0.363842
0.701008
0.792677
0.673426
0.382991
0.413252
0.470149
0.516211
0.401668
0.386124
0.428205
0.412444
0.349223
0.433722
0.489535
0.467273
0.328399
0.289036
0.399678
0.529312
0.598404
0.626971
0.600000
0.557760
0.508744
0.470267
0.455886
0.494618
0.455846
0.425723
0.462998
0.433210
0.485615
0.415321
0.347962
0.535675
0.583668
0.606048
0.282732
0.240433
0.239961
0.234050
0.292760
0.405982
0.658552
0.972017
1.281287
1.130750
0.884130
0.713794
0.571847
0.467844
0.436953
0.382203
0.611978
0.784738
0.801405
0.584751
0.396644
0.387247
0.392034
0.502045
0.631128
0.689483
0.605496
0.783162
0.867897
1.119993
1.215859
1.073400
0.926705
0.619011
0.534946
0.620469
0.538355
0.538394
0.546038
0.921878
1.230241
1.452273
1.093653
0.710228
0.571965
0.589538
0.728373
0.615111
0.874615
1.273741
1.412241
1.119914
0.574388
0.633216
0.684360
0.689246
0.486344
0.501317
0.509650
0.682095
0.835882
0.750143
0.701382
0.700003
0.727073
0.582939
0.440400
0.525254
0.707884
1.239914
1.424436
1.489528
1.017468
0.893429
0.880249
0.817875
0.631975
0.656306
0.743228
0.777803
0.778867
0.572556
0.540207
0.457580
0.329837
0.355744
0.317248
0.322213
0.450212
0.507188
0.464574
0.302630
0.366324
0.547752
0.590130
0.619346
0.628626
0.623168
0.391817
0.163599
0.202213
0.233105
0.291203
0.384390
0.433466
0.555180
0.659891
0.669112
0.611032
0.455984
0.490875
0.558292
0.589558
0.518476
0.334605
0.260174
0.258677
0.305960
0.389453
0.513472
0.471469
0.454802
0.324420
0.323257
0.510123
0.739327
0.986104
1.023378
0.767381
0.511601
0.294887
0.383228
0.473636
0.521018
0.679987
0.978085
1.113630
0.906747
0.833006
0.818447
0.749059
0.864587
0.929266
0.935748
0.712809
0.488314
0.516427
0.421054
0.472119
0.961596
1.983181
2.221408
1.967696
0.934900
0.731761
0.661546
0.773134
0.784915
0.842167
1.018217
0.966560
0.999678
0.760171
0.691866
0.754083
0.746793
0.629020
0.543970
0.578230
0.678548
0.665191
0.816083
1.064416
1.053856
0.974283
0.894848
1.094441
1.164577
1.431370
1.599717
1.807722
2.108835
1.989525
1.928826
1.720426
1.610041
1.968740
2.505440
2.550103
2.581428
1.971912
1.526094
0.964570
0.717005
0.812615
1.039396
1.195803
1.297225
1.337258
1.279592
1.243441
1.211564
1.303608
1.750668
2.099280
2.352973
1.653600
1.347601
1.295984
1.286015
1.415925
1.638765
2.091715
2.316447
1.966041
1.850100
1.546819
1.527020
1.318660
1.500443
2.059110
2.093015
1.869269
1.996578
1.961746
1.724071
1.109729
1.246711
1.608780
1.601727
1.532497
1.383024
0.894001
0.681760
0.780384
0.890060
0.665014
0.518417
0.434057
0.368156
0.303832
0.184029
0.136923
0.119133
0.065014
0.050317
0.100082
0.099649
0.141297
0.160250
0.154083
0.137652
0.133416
0.111115
0.079652
0.062374
0.097304
0.162180
0.157058
0.148389
0.088025
0.055991
0.078982
0.091808
0.092793
0.065802
0.052819
0.054947
0.063753
0.088045
0.120374
0.102564
0.044604
0.076500
0.121438
0.135938
0.177330
0.111450
0.089857
0.055124
0.034024
0.066708
0.108337
0.142912
0.198036
0.190570
0.151995
0.119350
0.102801
0.100791
0.118857
0.074254
0.068146
0.069486
0.102525
0.116966
0.132963
0.147503
0.122187
0.146183
0.150970
0.191870
0.197564
0.177114
0.165569
0.167716
0.226938
0.284682
0.241064
0.213955
0.239074
0.171834
0.167204
0.147385
0.179852
0.165352
0.082922
0.098644
0.163618
0.211394
0.290336
0.286889
0.282259
0.264134
0.231253
0.154576
0.147010
0.130481
0.107273
0.150517
0.215886
0.327867
0.375268
0.375032
0.359783
0.383760
0.373416
0.334014
0.203553
0.208498
0.219255
0.215610
0.209384
0.230130
0.400801
0.414572
0.426255
0.457009
0.469282
0.512034
0.501238
0.456910
0.484610
0.440006
0.507562
0.582269
0.424502
0.228120
0.170140
0.223372
0.238778
0.229440
0.230484
0.229026
0.197839
0.176739
0.233499
0.287027
0.241576
0.187536
0.139248
0.148744
0.244314
0.297133
0.366580
0.338250
0.321681
0.326212
0.331177
0.306117
0.231765
0.218664
0.200341
0.163579
0.146340
0.152408
0.190274
0.255268
0.322272
0.503897
0.569286
0.636821
0.519481
0.410849
0.413095
0.364551
0.314608
0.196795
0.304758
0.513827
0.779320
0.747010
0.634733
0.447926
0.384311
0.363152
0.339136
0.293784
0.531637
0.696260
0.649785
0.548836
0.189506
0.280663
0.307240
0.312422
0.262380
0.298709
0.553052
0.770888
0.814644
0.662689
0.246501
0.216457
0.303635
0.403776
0.363999
0.508074
0.597734
0.546353
0.531578
0.497199
0.592001
0.684597
0.604117
0.832494
0.760722
0.765588
0.589164
0.596197
0.655695
0.872664
1.075370
1.122692
0.899734
0.571256
0.625414
0.570941
0.716355
0.709893
0.568517
0.382262
0.198411
0.124846
0.129831
0.172110
0.187496
0.186925
0.160801
0.208714
0.248629
0.269059
0.505158
0.634398
0.652858
0.535656
0.320105
0.268862
0.227312
0.277452
0.280663
0.304600
0.225598
0.237990
0.364216
0.379701
0.380194
0.374401
0.335157
0.291913
0.321858
0.408012
0.411203
0.572773
0.551318
0.619997
0.561504
0.411853
0.274260
0.179832
0.250540
0.330172
0.504213
0.540640
0.578939
0.502459
0.461954
0.445168
0.452024
0.441681
0.379740
0.465303
0.561208
0.569167
0.544994
0.564991
0.612766
0.586583
0.294198
0.210704
0.145020
0.312362
0.438864
0.572674
0.564912
0.533351
0.479271
0.481221
0.480611
0.463057
0.586012
0.668205
0.707568
0.707174
0.606757
0.504528
0.535419
0.423379
0.537330
0.536798
0.544896
0.499898
0.442765
0.437761
0.328025
0.508980
0.538946
0.431949
0.360926
0.305644
0.309545
0.281609
0.347293
0.452398
0.529233
0.581816
0.486560
0.425053
0.378263
0.485418
0.492175
0.429013
0.329365
0.182256
0.140312
0.098270
0.184640
0.437386
0.549919
0.570251
0.332123
0.256372
0.352927
0.363940
0.340279
0.213265
0.135268
0.154970
0.155935
0.207375
0.248274
0.375702
0.361793
0.375840
0.490836
0.502361
0.639974
0.608806
0.613751
0.628212
0.345756
0.384055
0.445070
0.412031
0.412563
0.339018
0.370934
0.442174
0.503464
0.544088
0.637097
0.621277
0.678962
0.671574
0.621159
0.613791
0.489949
0.495603
0.549565
0.425053
0.415754
0.626143
0.632152
0.551436
0.364610
0.359468
0.617081
0.782945
0.791318
0.663497
0.508212
0.510694
0.524544
0.552244
0.517964
0.461303
0.456260
0.521057
0.787201
1.067056
1.114299
1.001944
0.696417
0.641786
0.562824
0.435849
0.352080
0.360118
0.455689
0.576063
0.630911
0.594779
0.738874
0.779714
0.864252
0.675199
0.697659
0.843901
0.843053
0.563553
0.396092
0.311771
0.364275
0.422000
0.549447
0.553820
0.322252
0.236296
0.267128
0.527499
0.878752
1.017212
0.815314
0.448222
0.270872
0.265946
0.438017
0.496234
0.570586
0.711568
0.732057
0.780916
0.900010
1.002160
1.010711
0.736253
0.508310
0.565779
0.987365
1.215229
1.214973
0.960985
0.767480
0.691256
0.643145
0.758634
0.832848
1.021054
1.233058
1.321458
1.404715
1.484406
1.586301
1.368583
0.929857
0.717537
0.727073
0.796243
0.937265
1.134572
1.293679
1.398312
1.392204
1.396736
1.490533
1.474299
1.089535
0.769548
0.935019
0.841064
1.113531
1.184731
1.203763
0.770021
0.550333
0.402239
0.441405
0.709499
0.751128
0.836572
0.643894
0.653351
0.678351
0.764800
0.994162
0.771440
0.490698
0.180601
0.314234
0.394260
0.476690
0.444242
0.559908
0.724669
0.941343
0.974125
0.978184
1.022531
0.924222
0.881530
0.529036
0.634142
0.828612
0.902137
0.961123
0.911594
0.876014
0.737061
0.653055
0.841044
1.044439
1.068277
0.753216
0.940890
0.956375
1.051078
0.890711
0.738578
0.563769
0.395324
0.429269
0.530927
0.627956
0.536129
0.465854
0.472159
0.408150
0.318706
0.380391
0.612490
0.654493
0.471016
0.322804
0.524229
0.760860
0.723073
0.689621
0.672224
0.688754
0.712238
0.599074
0.487112
0.387385
0.438470
0.470425
0.439199
0.583766
0.701855
0.789466
0.482088
0.293745
0.403047
0.635679
0.814014
0.920381
1.074976
1.452963
1.642232
1.765010
1.495163
0.978420
0.639836
0.437012
0.547634
0.651361
0.624981
0.561977
0.707962
0.757255
1.104646
0.944239
0.886258
0.790747
0.897114
0.814999
0.822604
0.903122
1.310740
1.133429
0.738243
0.387857
0.296424
0.338230
0.431358
0.442292
0.468613
0.491683
0.545270
0.696181
0.909821
1.057166
0.938466
0.691945
0.534651
0.495899
0.406849
0.545999
0.704850
0.946406
1.412044
1.436158
1.635061
1.076493
1.003382
0.877609
0.614027
0.585066
0.505690
0.581579
0.636959
0.656798
0.535360
0.465047
0.687769
0.989965
1.100331
1.013882
0.755226
0.544738
0.543398
0.417212
0.493456
0.625808
1.100568
1.105848
0.925680
0.706879
1.074345
1.219957
1.476171
1.124800
0.966994
0.644820
0.342702
0.430550
0.586721
0.701323
0.663201
0.677563
0.588002
0.519875
0.621238
0.760821
0.993945
1.015518
0.870478
0.762200
0.803434
0.740982
0.691453
0.580437
0.637688
0.595153
0.570074
0.347943
0.410494
0.375781
0.266971
0.224219
0.191870
0.188875
0.284367
0.355311
0.495741
0.494500
0.542000
0.778434
0.909722
0.838719
0.885785
0.438332
0.306097
0.203651
0.329818
0.345598
0.370560
0.361931
0.427831
0.558923
0.580870
0.480551
0.412917
0.334388
0.370422
0.882180
1.158194
1.159691
0.553249
0.427023
0.758791
0.771696
0.758516
0.520466
0.442055
0.472907
0.587273
0.915790
1.250809
1.137882
1.037800
0.912047
0.968274
1.144974
1.184790
1.132326
1.051334
1.004071
0.906728
1.196394
1.336056
1.350615
1.063589
0.859524
0.871522
0.842659
0.941264
1.078404
1.206383
1.326481
1.282055
1.500147
2.148139
1.814165
1.656122
0.913466
1.231305
1.342045
1.291669
1.354457
1.288714
1.186898
1.286035
1.292241
1.574894
2.655819
2.789531
2.369384
0.722659
0.454132
0.569305
0.853771
0.856825
0.759560
0.667831
0.666590
1.012247
1.416319
1.345828
1.088924
0.828238
1.104449
1.656240
1.604426
1.485943
1.257803
1.330441
1.397347
1.431292
1.329949
1.217416
1.053482
0.942210
0.975248
