1.765762
1.925379
2.120853
1.894009
1.537150
1.007372
0.739112
0.634956
0.668117
0.937354
1.221125
1.274586
1.234705
0.779504
0.504709
0.407437
0.456434
0.370509
0.308095
0.459457
0.803758
1.096273
1.375812
2.183454
2.523361
2.145108
1.446923
0.797503
0.551567
0.432063
0.426761
0.306979
0.274934
0.301863
0.314629
0.392182
0.550683
1.165036
1.478200
1.433506
1.061531
0.843337
0.672907
0.642467
0.487803
0.594517
0.605981
0.972933
1.142968
1.042463
0.739065
0.690138
0.865150
1.417925
1.580472
1.468154
1.075275
0.840942
1.020255
1.195708
1.221846
1.981933
2.259216
2.076159
1.258634
0.592982
0.574449
0.689790
0.769342
0.689510
0.551404
0.564659
0.527475
0.553404
0.499454
0.688255
0.824408
0.853825
0.630352
0.385718
0.270563
0.292561
0.318978
0.453480
0.846035
0.875265
0.862847
0.319722
0.278725
0.297445
0.271981
0.421483
0.488036
0.601284
0.380857
0.417041
0.368021
0.842639
1.163943
1.190453
0.868777
0.714718
0.917704
1.011628
0.902473
0.592192
0.314281
0.236984
0.323303
0.412948
0.615330
0.612795
0.597819
0.557357
0.505802
0.515011
0.479734
0.519522
0.792062
1.215497
1.339954
1.244519
0.907309
0.743763
0.644909
0.565914
0.470642
0.485664
0.726299
1.306235
1.445598
1.110714
0.778807
0.859917
1.201568
1.319072
1.085878
0.704951
0.642886
0.836500
0.889055
1.349953
1.582728
1.470875
1.301584
1.020162
0.933098
0.992606
0.768435
0.557427
0.439551
0.415506
0.516499
0.534986
0.458596
0.479688
0.641281
0.840058
0.866615
0.720183
0.891241
1.159315
1.206591
0.852290
0.636584
0.504547
0.615237
0.485711
0.431389
0.236170
0.481525
0.629422
0.901101
1.042416
1.035301
0.956422
0.945330
1.320537
1.407252
1.220451
0.914495
0.659350
0.731066
0.806851
0.917239
1.020953
1.177523
1.400159
1.522546
1.567938
1.524360
1.199894
0.797364
0.495849
0.281864
0.260819
0.415925
0.537498
0.544334
0.428784
0.308955
0.168198
0.275748
0.294352
0.281167
0.303793
0.251866
0.241634
0.169430
0.139804
0.235681
0.552729
0.744600
0.749367
0.609097
0.661210
0.748227
0.765296
0.630770
0.367463
0.450387
0.420017
0.580076
0.866870
1.019836
1.052532
0.818920
0.769784
0.881451
1.143177
1.292585
1.032859
0.797712
0.499152
0.420157
0.274446
0.332279
0.480339
1.041068
1.120504
1.138991
0.561473
0.506105
1.269889
1.217404
1.156199
0.788387
0.929936
0.874940
0.853081
0.635003
0.676651
0.621934
0.591936
0.427691
0.326884
0.224682
0.168244
0.189080
0.382648
1.037347
1.515267
1.989886
1.473247
0.964747
0.663070
0.883846
0.970863
0.972956
0.899263
0.794503
0.733345
0.549264
0.406460
0.621166
0.666814
0.788364
0.693673
0.616446
0.731973
0.952167
1.053695
1.019116
0.773784
0.841849
0.776109
0.587936
0.620585
1.052509
1.334187
1.484316
1.331699
1.320723
1.255332
1.100715
0.927285
0.743321
0.645002
0.658280
0.828454
1.164013
1.171686
0.934819
1.089064
1.292539
1.320327
0.876614
0.822780
0.937075
0.896752
0.560054
0.501035
0.402763
0.387392
0.393182
0.387415
0.292329
0.169849
0.242472
0.371672
0.689673
1.360115
1.350511
1.021185
0.525382
0.449806
0.383415
0.204753
0.153873
0.289817
0.426668
0.424110
0.310513
0.352324
0.415808
0.480664
0.441132
0.476037
0.867591
1.202405
1.104482
0.678511
0.278818
0.176476
0.200242
0.337744
0.338907
0.395996
0.301654
0.388717
0.416181
0.487152
0.551474
0.707626
0.724252
0.762645
0.741902
0.498082
0.367579
0.221659
0.287724
0.428831
0.421389
0.379904
0.217799
0.266493
0.195800
0.111178
0.010650
0.014464
0.051206
0.152803
0.439900
0.547218
0.534265
0.397670
0.281585
0.319722
0.358022
0.303049
0.151199
0.190522
0.293817
0.308560
0.326977
0.227984
0.264424
0.331861
0.487803
0.404391
0.379881
0.277190
0.288096
0.279306
0.344720
0.413111
0.374021
0.281074
0.190964
0.175918
0.220659
0.366277
0.399461
0.345278
0.140246
0.223775
0.385555
0.418925
0.363021
0.250169
0.275260
0.289050
0.236286
0.249866
0.182941
0.181871
0.185313
0.290887
0.379625
0.324792
0.212962
0.229333
0.215334
0.206544
0.235309
0.175732
0.141920
0.088389
0.128200
0.126270
0.072832
0.153036
0.304142
0.397670
0.386462
0.281446
0.198103
0.152548
0.054810
0.037788
0.054392
0.076181
0.093412
0.179453
0.132479
0.159733
0.254936
0.268423
0.288050
0.139455
0.135270
0.174965
0.159873
0.119503
0.162779
0.247774
0.320024
0.264307
0.139921
0.121433
0.088482
0.115527
0.111202
0.082576
0.064926
0.063251
0.073065
0.075274
0.102272
0.091156
0.084878
0.049531
0.059926
0.046508
0.076367
0.190475
0.247588
0.262052
0.245332
0.195428
0.177244
0.198800
0.171151
0.154873
0.134177
0.132526
0.197498
0.270028
0.290631
0.341209
0.314002
0.383160
0.370835
0.345883
0.414064
0.343279
0.308886
0.199475
0.158198
0.142386
0.102412
0.115039
0.171174
0.126294
0.173383
0.225729
0.315955
0.297468
0.236030
0.135177
0.128456
0.138990
0.076599
0.077157
0.096993
0.168035
0.307397
0.279725
0.246471
0.206660
0.243820
0.186987
0.117294
0.173523
0.246797
0.239495
0.266563
0.230403
0.237960
0.230217
0.205009
0.171849
0.131596
0.107272
0.062298
0.038997
0.019882
0.018882
0.022440
0.097621
0.111946
0.092389
0.047741
0.064996
0.112434
0.118782
0.125735
0.088831
0.074530
0.052182
0.062461
0.086041
0.079204
0.020789
0.002139
0.035160
0.051973
0.142083
0.191708
0.185708
0.139595
0.051996
0.036184
0.084203
0.090691
0.077646
0.053461
0.019766
0.059508
0.110016
0.102319
0.052182
0.036602
0.058275
0.073832
0.049485
0.040579
0.068925
0.091622
0.067995
0.050555
0.091412
0.109806
0.100551
0.043811
0.017743
0.080692
0.131758
0.165151
0.146176
0.104737
0.049322
0.039346
0.053694
0.072693
0.086692
0.052531
0.013999
0.005000
0.059042
0.072018
0.093273
0.073274
0.061438
0.040904
0.025277
0.007627
0.033254
0.061414
0.079018
0.102481
0.078367
0.061531
0.131526
0.262517
0.270935
0.190638
0.060624
0.061856
0.073297
0.082622
0.131921
0.146129
0.138363
0.093203
0.061507
0.040834
0.044788
0.052020
0.044764
0.072576
0.095714
0.080646
0.086971
0.041020
0.052113
0.111457
0.125712
0.127410
0.089296
0.047229
0.046346
0.047671
0.055159
0.075506
0.084878
0.074716
0.098133
0.070297
0.122061
0.096435
0.102505
0.086343
0.076437
0.039183
0.090319
0.130828
0.144688
0.107318
0.067926
0.070716
0.093854
0.120038
0.100295
0.099365
0.086761
0.086017
0.092668
0.035067
0.055996
0.044578
0.054461
0.069344
0.065484
0.079715
0.120038
0.152571
0.131526
0.108481
0.073390
0.036253
0.045950
0.071483
0.088366
0.097947
0.065856
0.067972
0.128689
0.148385
0.192126
0.180732
0.160663
0.121038
0.141014
0.229217
0.288864
0.401693
0.330768
0.333768
0.195242
0.164779
0.147315
0.216613
0.241355
0.155850
0.078553
0.066274
0.088924
0.128224
0.100574
0.229821
0.226775
0.206846
0.124387
0.088924
0.051415
0.057461
0.075390
0.058810
0.053973
0.070321
0.089529
0.067833
0.065995
0.097458
0.117434
0.091622
0.034579
0.036997
0.067972
0.096854
0.107900
0.146850
0.172430
0.185313
0.196126
0.152013
0.087715
0.071832
0.074506
0.094110
0.136735
0.129224
0.090645
0.076995
0.096551
0.130456
0.124247
0.098435
0.119992
0.135781
0.105853
0.057601
0.019813
0.003953
0.000419
0.000419
0.020022
0.061275
0.095342
0.107783
0.086041
0.072762
0.103691
0.085622
0.056810
0.040927
0.089598
0.110457
0.094552
0.051694
0.016278
0.012394
0.035998
0.039439
0.066600
0.065740
0.107132
0.116225
0.102365
0.173151
0.159524
0.186871
0.165686
0.159431
0.130758
0.139804
0.145385
0.209706
0.176616
0.179685
0.137688
0.071553
0.091877
0.107155
0.114457
0.049043
0.029068
0.000419
0.036277
0.084785
0.112783
0.082715
0.034370
0.005558
0.059763
0.079855
0.123247
0.103760
0.074739
0.041834
0.032835
0.045229
0.059601
0.133851
0.139502
0.168151
0.139990
0.146060
0.083064
0.051020
0.018231
0.048206
0.103481
0.098342
0.101272
0.037207
0.025603
0.018603
0.033742
0.116248
0.227426
0.252448
0.222333
0.221310
0.294398
0.295142
0.295445
0.343906
0.463805
0.424552
0.471037
0.632956
0.771040
1.072182
1.014162
0.827547
0.692836
0.722741
0.654885
0.428761
0.310118
0.330535
0.400019
0.474804
0.463131
0.523080
0.472665
0.412599
0.301537
0.312537
0.470991
0.554799
0.562263
0.439365
0.253331
0.152176
0.180476
0.317908
0.474200
0.614958
0.485850
0.434761
0.414785
0.470409
0.321768
0.504802
0.673093
0.759878
0.631724
0.503570
0.566705
0.504802
0.452341
0.387903
0.428901
0.316164
0.194591
0.480176
0.748181
0.727903
0.511476
0.319397
0.200265
0.408995
0.590680
0.677000
0.566845
0.420064
0.313095
0.274004
0.287655
0.453411
0.514034
0.521917
0.474479
0.613632
0.633003
0.582960
0.713090
0.769435
0.831361
0.576797
0.409995
0.405972
0.453108
0.727113
0.796061
0.729484
0.533684
0.392647
0.367626
0.489757
0.602912
0.597308
1.144293
1.368371
1.372254
1.040021
0.511569
0.598238
0.870242
0.815502
0.679604
0.558054
0.551520
0.496198
0.454550
0.337465
0.466689
0.548288
0.528754
0.468875
0.298305
0.290771
0.218055
0.171639
0.205102
0.298189
0.430831
0.483967
0.649420
1.171942
5.812110
5.844317
5.312842
2.028464
1.606889
1.334652
1.156036
0.893008
0.752460
0.730577
0.710067
0.725461
0.473711
0.477339
0.708416
0.850406
1.183662
1.015348
0.939307
0.690859
0.592354
0.487059
0.904565
0.969933
1.020325
0.792945
0.561845
0.520243
0.318280
0.264121
0.206893
0.269563
0.390833
0.843058
0.952957
0.943609
0.541800
0.595145
1.099040
1.220404
1.206568
1.037091
0.857592
0.669303
0.430552
0.412251
0.369719
0.738995
0.837314
0.913100
0.732461
0.560310
0.631073
0.706858
0.717741
0.727136
0.755320
0.763947
0.531103
0.399484
0.510709
0.515290
0.485757
0.289980
0.262424
0.289492
0.490710
0.645397
0.699114
0.547753
0.437505
0.206242
0.353976
0.372277
0.489013
0.505570
0.495222
0.482222
0.464712
0.504012
0.576332
0.762761
0.732089
0.691510
0.598331
0.575774
0.669489
1.009651
1.337652
1.756018
1.394206
1.162222
0.851034
0.643769
0.576472
0.344348
0.283585
0.314955
0.354534
0.426389
0.529568
0.560589
0.508616
0.650909
0.616934
0.775900
0.673558
0.708277
0.625166
0.666605
0.720950
0.707998
0.860289
1.071624
1.206405
1.142247
0.981304
0.624841
0.571100
0.610981
0.769551
0.829710
0.754390
0.682906
0.594098
0.664745
0.625515
0.455620
0.421622
0.603261
0.617841
0.614120
0.736810
0.704230
0.723717
1.244821
1.397415
1.233287
0.683023
0.459550
0.501244
0.523103
0.536451
0.593540
0.534940
0.479246
0.442853
0.533010
0.695929
0.792689
0.816851
0.881753
0.852732
0.928913
0.860615
0.799015
0.593866
0.647281
0.624817
0.705812
0.836826
0.669582
0.587657
0.424529
0.277376
0.254866
0.174848
0.169012
0.175197
0.221520
0.564031
0.653769
0.655862
0.386415
0.122480
0.039602
0.057624
0.068600
0.091598
0.112783
0.110690
0.140409
0.185080
0.212613
0.350906
0.362115
0.692673
0.624259
0.516057
0.292933
0.324536
0.325187
0.246123
0.281771
0.485153
0.643118
0.507942
0.372230
0.284073
0.338511
0.256912
0.140153
0.134781
0.166314
0.162361
0.109644
0.191382
0.258308
0.286376
0.233775
0.189336
0.132828
0.159919
0.165500
0.149990
0.160221
0.222357
0.333721
0.308421
0.287980
0.218566
0.196219
0.186615
0.210730
0.185266
0.136618
0.067344
0.057740
0.068902
0.218427
0.320978
0.333814
0.200312
0.142758
0.112295
0.133433
0.096040
0.105528
0.207125
0.248983
0.259168
0.271679
0.179871
0.207986
0.268586
0.253657
0.199707
0.084669
0.122619
0.282446
0.262284
0.155152
0.063647
0.079181
0.128503
0.158361
0.166593
0.108620
0.094528
0.130386
0.277516
0.313792
0.298979
0.260935
0.121178
0.078088
0.085994
0.120596
0.244704
0.302886
0.258819
0.209869
0.191243
0.182359
0.118131
0.232682
0.278771
0.299375
0.318025
0.281632
0.268633
0.174569
0.068321
0.063693
0.102737
0.107016
0.104039
0.181057
0.127991
0.147618
0.145943
0.142595
0.110341
0.124643
0.143339
0.158454
0.166826
0.174197
0.156245
0.143176
0.115108
0.076902
0.108504
0.083064
0.111643
0.107713
0.061275
0.141525
0.200847
0.347464
0.307746
0.197451
0.077250
0.067158
0.086854
0.117387
0.141432
0.109062
0.052461
0.032905
0.065112
0.075204
0.077785
0.071646
0.070274
0.103993
0.129968
0.165384
0.222543
0.218380
0.261075
0.248518
0.211613
0.177383
0.092087
0.067530
0.106737
0.128828
0.117945
0.041486
0.037579
0.062345
0.077250
0.078064
0.091854
0.073762
0.070949
0.061810
0.107155
0.154547
0.142130
0.085901
0.038951
0.083622
0.070693
0.062972
0.038276
0.082738
0.125038
0.156338
0.192126
0.166965
0.151338
0.074158
0.104690
0.108458
0.101342
0.105063
0.163082
0.216125
0.288957
0.363161
0.407925
0.294073
0.238193
0.203195
0.203219
0.142037
0.103086
0.100691
0.097272
0.195870
0.310769
0.346488
0.351255
0.234891
0.337256
0.445179
0.534079
0.491780
0.365370
0.304607
