0.899402
0.859944
0.950892
0.840480
0.583558
0.450320
0.425548
0.373527
0.428379
0.573473
0.539677
0.482524
0.579135
0.573119
0.477216
0.433334
0.421479
0.429441
0.397414
0.319913
0.209324
0.191452
0.193576
0.147394
0.093249
0.081925
0.097319
0.103689
0.077324
0.057860
0.044413
0.019110
0.002123
0.001592
0.014863
0.023533
0.031496
0.021233
0.025303
0.026541
0.027249
0.033619
0.035389
0.020172
0.026541
0.019818
0.017694
0.017163
0.016633
0.016987
0.017694
0.017694
0.023180
0.017694
0.011147
0.008847
0.012386
0.032204
0.032558
0.039812
0.052375
0.045120
0.048129
0.050783
0.064230
0.068831
0.059099
0.053260
0.059453
0.071308
0.061576
0.067061
0.065646
0.039989
0.035389
0.027249
0.025480
0.018402
0.010086
0.020879
0.035212
0.056799
0.066177
0.072547
0.078917
0.087056
0.056976
0.042112
0.025657
0.004601
0.012563
0.010263
0.020348
0.032381
0.017694
0.021233
0.052729
0.062815
0.061930
0.074493
0.078740
0.086525
0.068654
0.050783
0.046890
0.044236
0.056268
0.070954
0.073608
0.093957
0.081748
0.096080
0.134300
0.127930
0.120675
0.097673
0.035389
0.031496
0.038397
0.046890
0.068477
0.068123
0.080155
0.091657
0.090949
0.051314
0.041759
0.047421
0.053083
0.064230
0.083517
0.070777
0.085464
0.067061
0.051667
0.027072
0.008847
0.016810
0.024772
0.027249
0.035212
0.022118
0.024064
0.048482
0.079447
0.112713
0.121029
0.131292
0.102981
0.062461
0.094311
0.148278
0.150225
0.126160
0.148986
0.158364
0.107051
0.018933
0.034327
0.042466
0.084756
0.097673
0.127222
0.153587
0.148101
0.123329
0.129699
0.134477
0.154117
0.206493
0.226664
0.216578
0.194284
0.157656
0.107581
0.100858
0.096434
0.108289
0.136069
0.155710
0.177651
0.245774
0.233388
0.237458
0.232857
0.173935
0.095018
0.026895
0.026365
0.055383
0.112182
0.163319
0.168096
0.174643
0.178359
0.167034
0.148632
0.141201
0.143855
0.159957
0.176943
0.173581
0.138370
0.147040
0.119260
0.124568
0.129345
0.127753
0.112713
0.107051
0.086348
0.079094
0.088118
0.121560
0.182605
0.204546
0.222241
0.265946
0.269130
0.310004
0.308412
0.272139
0.219586
0.189683
0.141024
0.154117
0.140493
0.114482
0.097142
0.062992
0.064053
0.084402
0.089356
0.095549
0.087941
0.092187
0.151286
0.165265
0.176058
0.174997
0.166150
0.135008
0.140139
0.136777
0.129522
0.122091
0.133415
0.146863
0.157833
0.173050
0.162965
0.168627
0.130584
0.119083
0.100150
0.099619
0.100858
0.141731
0.200123
0.243297
0.272492
0.311951
0.227903
0.201361
0.157302
0.087764
0.053968
0.051844
0.058922
0.064584
0.101742
0.131292
0.147217
0.170042
0.174289
0.192514
0.219586
0.204546
0.264176
0.310004
0.356363
0.479693
0.540561
0.589751
0.582497
0.513135
0.500218
0.609392
0.665660
0.932490
0.914619
0.953193
1.140398
1.144822
1.197374
1.151546
1.179326
1.204629
1.106071
1.186404
0.991766
1.273106
1.027686
0.856582
0.723520
0.603553
0.606384
0.492964
0.430326
0.382374
0.440942
0.435457
0.393875
0.358133
0.282578
0.420240
0.423248
0.494733
0.570995
0.650620
0.512427
0.618416
0.635580
0.662298
0.582320
0.707949
0.598952
0.564626
0.625140
0.682470
0.762094
0.831810
0.816946
0.813585
0.799960
0.753424
0.836764
0.885070
0.816416
0.759440
0.699987
0.629033
0.689017
0.634341
0.618770
0.718212
0.809692
0.823493
0.993359
1.143053
1.299293
1.361223
1.222854
1.416784
1.410414
1.550022
1.559754
0.999021
0.775365
0.782619
0.868791
0.818539
0.718389
0.581435
0.552947
0.503226
0.446781
0.329822
0.256568
0.233388
0.255683
0.344508
0.519505
0.581612
0.542685
0.641596
0.912319
1.041487
1.233117
1.075283
1.203921
1.148007
0.860474
0.835525
0.644073
0.177120
0.178005
0.186144
0.215694
0.255860
0.259929
0.227726
0.357425
0.387152
0.552593
0.555955
0.606561
0.669376
0.679108
0.792174
0.682293
0.428025
0.419532
0.391929
0.350878
0.299388
0.319382
0.297441
0.356894
0.496502
0.593467
0.759263
0.854812
0.943461
0.968056
0.897279
0.706003
0.736968
0.782266
0.918689
0.897456
0.746700
0.865783
0.780319
0.665129
0.496856
0.345039
0.257806
0.234980
0.328230
0.462529
0.581258
0.618770
0.651328
0.659644
0.791644
0.891439
0.769526
0.890201
0.817123
0.840126
0.656459
0.640357
0.697333
0.834464
0.738030
0.780319
0.869675
0.760325
0.863836
0.849681
0.733960
0.777842
0.849150
0.904887
0.875868
1.071391
0.948592
1.036356
1.081476
0.843488
1.015300
0.999906
1.229578
0.975664
0.962925
0.954077
1.063428
1.117927
1.227985
1.026801
1.039187
0.891439
0.780142
0.748116
0.653805
0.507827
0.587097
0.651328
0.755901
0.865075
0.856936
0.875161
0.866491
0.896394
0.909665
0.943461
1.011584
1.289031
1.489861
1.228339
1.232586
1.325127
0.939922
0.769703
0.795536
0.848796
0.873568
0.689724
0.760679
0.841895
0.821901
0.791113
0.748116
0.761917
0.508181
0.350524
0.440235
0.431387
0.517382
0.529060
0.580020
0.507119
0.533484
0.519859
0.455806
0.472615
0.425902
0.348401
0.264884
0.229141
0.159249
0.057683
0.027426
0.019818
0.017340
0.017694
0.022118
0.034681
0.031142
0.035389
0.030788
0.019641
0.020879
0.026365
0.018402
0.026718
0.029726
0.035389
0.048482
0.071485
0.073078
0.104220
0.111651
0.105635
0.110943
0.108643
0.111297
0.095549
0.089710
0.069716
0.052552
0.051844
0.062461
0.062815
0.051137
0.043174
0.035389
0.037689
0.037335
0.029903
0.032911
0.044590
0.038927
0.051667
0.050252
0.064761
0.054675
0.061930
0.061399
0.061930
0.087410
0.119790
0.089710
0.079624
0.087410
0.080155
0.043705
0.042643
0.039458
0.040166
0.061930
0.055914
0.060868
0.063169
0.053260
0.032558
0.048836
0.066885
0.058745
0.039281
0.037335
0.047775
0.057507
0.059099
0.056268
0.071485
0.076616
0.092364
0.107935
0.096965
0.079624
0.077147
0.071662
0.091480
0.103158
0.099973
0.097319
0.097850
0.118375
0.136246
0.154471
0.149871
0.169335
0.160134
0.131469
0.123329
0.107051
0.053614
0.062638
0.074139
0.077324
0.135715
0.151286
0.192868
0.211093
0.194284
0.197822
0.144386
0.118021
0.101919
0.084225
0.082455
0.078563
0.078386
0.094842
0.124391
0.116252
0.118906
0.145270
0.137839
0.144739
0.135538
0.125276
0.100681
0.056976
0.023710
0.008847
0.024241
0.033796
0.040874
0.034681
0.025303
0.049367
0.088649
0.136954
0.154648
0.179066
0.227726
0.265769
0.240997
0.220117
0.127930
0.109351
0.097850
0.074847
0.090772
0.065823
0.049898
0.049013
0.049367
0.062107
0.101388
0.110766
0.119790
0.105104
0.077501
0.088825
0.103512
0.106697
0.088118
0.090064
0.118729
0.118021
0.139077
0.162965
0.164203
0.230203
0.280809
0.236750
0.299919
0.267361
0.194107
0.086879
0.111120
0.149517
0.155356
0.175528
0.166327
0.198353
0.195699
0.165796
0.078209
0.017340
0.051314
0.076970
0.090064
0.107228
0.134654
0.154471
0.205254
0.178713
0.161195
0.150225
0.124568
0.101035
0.115013
0.125276
0.133592
0.139254
0.174997
0.159603
0.148986
0.160841
0.131115
0.147924
0.133061
0.179951
0.194284
0.183667
0.174643
0.217994
0.220294
0.246836
0.232503
0.207200
0.156949
0.093957
0.098203
0.119790
0.108289
0.096257
0.090064
0.106874
0.084048
0.076086
0.126514
0.113421
0.184198
0.190214
0.299742
0.285055
0.235511
0.235688
0.225956
0.215694
0.201007
0.212155
0.194284
0.264353
0.239935
0.179066
0.207731
0.207908
0.175174
0.219763
0.218171
0.220117
0.205254
0.203838
0.228964
0.229141
0.257275
0.207200
0.199061
0.136954
0.053083
0.053791
0.024418
0.002477
0.011678
0.024949
0.033619
0.057153
0.101388
0.136777
0.222064
0.259399
0.285055
0.289833
0.290895
0.269838
0.213216
0.185259
0.177651
0.156418
0.140847
0.126868
0.104927
0.137485
0.142793
0.165619
0.160310
0.198707
0.214986
0.228964
0.258868
0.220648
0.194107
0.157656
0.145270
0.141731
0.138723
0.125807
0.140139
0.143147
0.133769
0.114659
0.127399
0.133592
0.144563
0.144739
0.145447
0.155887
0.148809
0.156241
0.151817
0.159957
0.124745
0.136069
0.139077
0.169688
0.180305
0.240997
0.210562
0.222064
0.240997
0.240820
0.250375
0.231088
0.291248
0.292664
0.285232
0.289656
0.253383
0.237104
0.193930
0.132530
0.126337
0.109528
0.099265
0.110059
0.084048
0.071308
0.057330
0.078386
0.089356
0.068831
0.053083
0.053260
0.011324
0.018933
0.026541
0.034327
0.036450
0.041051
0.036273
0.037335
0.040520
0.031850
0.017694
0.017694
0.020172
0.022649
0.020172
0.024418
0.027780
0.026541
0.021410
0.017694
0.017694
0.017694
0.016987
0.025126
0.031496
0.026541
0.032911
0.032381
0.041582
0.051844
0.049013
0.057507
0.057330
0.047952
0.060161
0.061930
0.068654
0.061930
0.042997
0.040166
0.031319
0.035389
0.036450
0.039812
0.022295
0.013094
0.019995
0.017694
0.029373
0.047598
0.052906
0.051667
0.039281
0.023887
0.010440
0.002477
0.007962
0.018048
0.016633
0.014155
0.027780
0.041405
0.058922
0.070777
0.090949
0.112005
0.112182
0.092541
0.074670
0.065469
0.059630
0.037866
0.022472
0.017694
0.015217
0.000354
0.001592
0.010440
0.025834
0.026541
0.026541
0.028842
0.026541
0.025303
0.017694
0.017694
0.019287
0.019287
0.035743
0.036450
0.040697
0.044236
0.065469
0.067415
0.061930
0.032911
0.017694
0.010263
0.008847
0.001946
0.000354
0.000354
0.000354
0.000354
0.015040
0.018048
0.024241
0.044944
0.050960
0.042112
0.035389
0.037689
0.035743
0.023887
0.025657
0.029019
0.042643
0.044767
0.061930
0.063346
0.044236
0.036804
0.040520
0.034858
0.026895
0.027249
0.029373
0.019110
0.007432
0.008847
0.008847
0.011678
0.020702
0.017694
0.017694
0.013094
0.008847
0.002654
0.001946
0.008847
0.008847
0.008847
0.012209
0.013448
0.008847
0.008847
0.015748
0.017694
0.017694
0.012917
0.000354
0.000354
0.000354
0.000354
0.000354
0.000354
0.000354
0.000354
0.000354
0.005485
0.012386
0.026011
0.034681
0.035035
0.019818
0.009909
0.002654
0.000354
0.000354
0.000354
0.000354
0.000354
0.000354
0.000354
0.018048
0.029196
0.035389
0.038043
0.044236
0.029373
0.026541
0.026541
0.035035
0.042466
0.041936
0.033265
0.042466
0.030434
0.034858
0.044059
0.039989
0.033619
0.027072
0.029196
0.025834
0.030965
0.036627
0.026541
0.035389
0.025303
0.010970
0.018933
0.035566
0.036450
0.044944
0.039104
0.043351
0.027603
0.021764
0.035389
0.043705
0.044236
0.051137
0.054852
0.036981
0.035919
0.043351
0.047067
0.062638
0.092010
0.091480
0.105281
0.133061
0.150756
0.149694
0.119790
0.129345
0.113421
0.078386
0.083163
0.086525
0.066177
0.053083
0.064230
0.057330
0.054852
0.039104
0.027249
0.036804
0.046713
0.031850
0.017694
0.026188
0.021587
0.013625
0.018048
0.014509
0.055029
0.000354
0.000354
0.000354
0.000354
0.000354
0.000354
0.000354
0.000354
0.000354
0.000354
0.000354
0.000354
0.000354
0.000354
0.000354
0.000354
0.000354
0.000354
0.000354
0.000354
0.000354
0.000354
0.000354
0.000354
0.000354
0.000354
0.000354
0.000354
0.000354
0.000354
0.000354
0.000354
0.000354
0.000354
0.000354
0.000354
0.000354
0.000354
0.000354
0.000354
0.000354
0.000354
0.000354
0.000354
0.000354
0.000354
0.000354
0.000354
0.000354
0.000354
0.000354
0.000354
0.000354
0.000354
0.000354
0.000354
0.000354
0.000354
0.000354
0.000354
0.000354
0.000354
0.000354
0.000354
0.000354
0.000354
0.000354
0.000354
0.000354
0.000354
0.000354
0.000354
0.000354
0.000354
0.000354
0.000354
0.000354
0.000354
0.000354
0.000354
0.000354
0.000354
0.000354
0.000354
0.000354
0.000354
0.000354
0.000354
0.000354
0.000354
0.000354
0.000354
0.000354
0.000354
0.000354
0.000354
0.000354
0.000354
0.000354
0.000354
0.000354
0.000354
0.000354
0.000354
0.000354
0.000354
0.000354
0.000354
0.000354
0.000354
0.000354
0.000354
0.000354
0.000354
0.000354
0.000354
0.000354
0.000354
0.000354
0.000354
0.000354
0.000354
0.000354
0.000354
0.000354
0.000354
0.000354
0.000354
0.000354
0.000354
0.000354
0.000354
0.000354
0.000354
0.000354
0.000354
0.000354
0.000354
0.000354
0.000354
0.000354
0.000354
0.000354
0.000354
0.000354
0.000354
0.000354
0.000354
0.000354
0.000354
0.000354
0.000354
0.000354
0.000354
0.000354
0.000354
0.000354
0.000354
0.000354
0.000354
0.000354
0.000354
0.000354
0.000354
0.000354
0.000354
0.000354
0.000354
0.000354
0.000354
0.000354
0.000354
0.000354
0.000354
0.000354
0.000354
0.000354
0.000354
0.000354
0.000354
0.000354
0.000354
0.000354
0.000354
0.000354
0.000354
0.000354
0.000354
0.000354
0.000354
0.000354
0.000354
0.000354
0.000354
0.000354
0.000354
0.000354
0.000354
0.000354
0.000354
0.000354
0.000354
0.000354
0.000354
0.000354
0.000354
0.000354
0.000354
0.000354
0.000354
0.000354
0.000354
0.000354
0.000354
0.000354
0.000354
0.000354
0.000354
0.000354
0.000354
0.000354
0.000354
0.000354
0.000354
0.000354
0.000354
0.000354
0.000354
0.000354
0.057507
0.025834
0.031319
0.048836
0.074139
0.104750
0.124037
0.118729
0.122445
0.115190
0.097142
0.058391
0.039458
0.035919
0.047421
0.062107
0.073962
0.061222
0.058391
0.052729
0.027780
0.040874
0.031496
0.032027
0.056091
0.070423
0.077501
0.085640
0.089356
0.086525
0.090595
0.102981
0.113597
0.118021
0.157479
0.206670
0.245243
0.274793
0.249313
0.190568
0.196230
0.200477
0.191983
0.143147
0.127045
0.046890
0.039281
0.053083
0.059630
0.064407
0.049721
0.065646
0.117136
0.133946
0.174997
0.147217
0.139254
0.170396
0.148455
0.122975
0.138546
0.168627
0.204723
0.262407
0.223479
0.229318
0.176589
0.177297
0.190745
0.144386
0.146155
0.116782
0.120675
0.161195
0.170042
0.163672
0.150579
0.149340
0.192337
0.177120
0.182251
0.201361
0.215694
0.245420
0.264530
0.191452
0.177297
0.156595
0.177297
0.185259
0.193930
0.252675
0.253560
0.306642
0.322744
0.389629
0.391752
0.462352
0.389806
0.350347
0.355833
0.311420
0.228611
0.287533
0.269307
0.298149
0.302750
0.335130
0.334776
0.346278
0.312305
0.273554
0.225779
0.205785
0.218525
0.193576
0.238873
0.279216
0.389098
0.370165
0.331061
0.300980
0.268069
0.251259
0.237281
0.207377
0.205608
0.242589
0.271962
0.258337
0.324337
0.301511
0.333892
0.299919
0.296734
0.224010
0.246305
0.248959
0.204369
0.186498
0.191276
0.217109
0.184552
0.197999
0.253913
0.243120
0.300449
0.313543
0.265238
0.228434
0.209501
0.217817
0.201184
0.246659
0.256391
0.291425
0.268777
0.254090
0.362556
0.383967
0.366449
0.365565
0.386267
0.365741
0.284348
0.283286
0.236750
0.189152
0.182251
0.213570
0.225072
0.237104
0.226664
0.236396
0.228787
0.258691
0.338492
0.380605
0.415639
0.458460
0.557725
0.570465
0.696625
0.900110
1.090147
1.098817
1.247626
1.048211
1.026270
1.080061
0.992297
0.961155
0.857997
0.760679
0.626025
0.643011
0.669199
0.496502
0.306819
0.270015
0.296557
0.355125
0.389098
0.476862
0.393698
0.504642
0.544100
0.619124
0.639649
0.660175
0.718212
0.738561
0.773772
0.807568
0.798190
0.671499
0.762802
0.724582
0.933375
0.699987
0.651328
0.714496
0.676454
0.642127
0.499157
0.403430
0.391221
0.250728
0.208793
0.271077
0.311420
0.337077
0.400953
0.533660
0.622132
0.612754
0.606030
0.585151
0.635403
0.715027
0.621424
0.600368
0.492787
0.392460
0.378127
0.322390
0.279216
0.237812
0.243828
0.246128
0.303988
0.341500
0.421479
0.555248
0.602314
0.621601
0.581258
0.601784
0.402546
0.374942
0.381312
0.322036
0.291071
0.223656
0.215340
0.188798
0.196761
0.187029
0.391221
0.552416
0.613639
0.785981
0.847381
0.860651
0.894094
0.733075
0.644781
0.661590
0.647435
0.569580
0.443419
0.547285
0.534368
0.634695
0.604261
0.675569
0.587982
0.455452
0.461822
0.383613
0.383613
0.519859
0.612931
0.575242
0.600899
0.789166
0.834818
0.838887
0.788459
0.701756
0.760148
0.599660
0.563033
0.458106
0.540384
0.560202
0.680877
0.869322
0.856582
1.016361
0.954254
0.885777
0.710250
0.692025
0.631510
0.635226
0.695033
0.688663
0.669907
0.736260
0.629918
0.578427
0.614523
0.610277
0.723167
0.786512
0.937091
1.013530
1.132613
1.036887
0.933906
0.889316
0.847204
0.893740
1.002560
1.037418
1.124297
1.341406
1.465266
1.631593
1.707147
1.502070
1.558692
1.668220
1.321057
1.288854
1.238602
1.144645
1.045557
1.141814
1.212945
1.137037
1.068029
1.028393
1.105187
1.109433
1.089970
1.064490
1.142876
1.285492
1.366355
1.449695
1.236302
1.061128
0.730598
0.695386
0.646550
0.492610
0.483586
0.471730
0.538084
0.618947
0.710073
0.844726
1.109787
1.293631
1.504370
1.939120
1.967608
2.040508
2.028653
1.697062
1.469867
1.425454
1.583110
1.284784
1.280360
1.428285
1.568601
1.512510
1.557807
1.633716
1.353615
1.152431
0.922935
0.827917
0.682293
0.477923
0.511012
0.474031
0.484470
0.511896
0.648850
0.664068
0.699102
0.643719
0.610985
0.676631
0.744754
0.765810
0.817123
0.798190
1.000790
1.140752
1.060597
1.119342
1.058297
1.160570
1.153315
1.024855
0.982211
0.871976
0.682116
0.765102
0.540030
0.500572
0.470846
0.499157
0.479162
0.504288
0.531714
0.575950
0.644427
0.680700
0.636995
0.741569
0.856759
0.823670
0.937976
0.841365
0.830040
0.947884
1.071568
1.088200
1.097224
1.131551
0.810930
0.710781
0.426433
0.286648
0.279924
0.242235
0.268423
0.266476
0.317790
0.418471
0.516143
0.635934
0.711134
0.810576
0.844903
0.836587
0.822609
0.863129
0.933198
1.013707
1.162162
0.954785
0.899579
0.793590
1.034056
1.085546
0.826678
1.005037
1.001144
1.014238
1.147830
1.095455
1.003268
1.070506
1.120404
0.916742
0.812877
0.701933
0.524636
0.446604
0.378304
0.312305
0.287179
0.250375
0.224895
0.227549
0.178182
0.288240
0.361495
0.460937
0.494202
0.639472
0.683354
0.652035
0.572234
0.497564
0.395291
0.196938
0.176943
0.229318
0.289302
0.427141
0.499864
0.688840
0.799783
0.933906
0.917450
0.802083
0.977257
1.236656
1.167648
1.027332
0.865783
0.816593
0.799429
0.841542
0.801552
0.864721
1.005568
0.955670
1.140398
0.945230
0.928244
0.979380
1.040956
0.887724
0.893386
1.056881
1.048565
0.901702
0.987520
1.134559
1.171187
1.245149
1.247626
1.428462
1.329728
1.384226
1.295224
0.932490
0.991589
1.191004
1.129428
1.254173
1.288500
1.114211
1.120581
0.788282
0.519859
0.449259
0.463591
0.543392
0.581258
0.548878
0.660352
0.672030
0.682293
0.866491
0.850212
0.858174
0.907895
0.938683
1.020962
1.078468
0.903472
1.024855
0.844903
0.839241
0.811992
1.077053
1.061659
0.906303
0.870029
0.789697
0.803499
0.948946
0.839772
0.836764
0.992297
0.904002
0.958678
0.970710
1.011230
0.682647
0.751477
0.635226
0.595060
0.583558
0.636818
0.636641
0.694502
0.728298
0.712550
0.836587
0.810400
0.979557
1.105187
1.014946
1.009637
0.939037
0.865429
0.838357
0.904179
0.962040
0.954254
0.994420
1.072983
0.997075
1.026624
1.004506
1.002560
0.946115
1.130490
0.938506
0.975841
0.939568
1.033702
0.873568
0.960093
1.012115
0.858528
0.615939
0.580197
0.580727
0.660883
0.750947
0.839241
0.744223
0.812877
0.766518
0.634341
0.776073
0.849504
0.878523
0.897809
1.051396
0.853928
0.699279
0.842426
0.735906
0.822432
0.781558
0.845965
0.802437
0.852866
0.804030
0.678754
0.609215
0.557194
0.566926
0.708480
0.704234
0.769703
0.886839
0.907010
0.825086
0.786866
0.734314
0.685832
0.563210
0.599483
0.553301
0.645489
0.676631
0.739445
0.947177
0.926297
1.168002
1.188173
1.095809
0.940630
1.014946
0.987343
0.915150
0.859944
0.879230
1.000260
1.019900
1.228693
1.234001
1.261251
1.525958
1.476767
1.436070
1.487207
1.315041
1.118811
1.153846
1.567008
1.552322
1.375733
1.674944
1.678836
1.475529
1.092270
1.124827
1.010345
0.730598
0.694856
0.459521
0.072193
0.016279
0.062284
0.113774
0.165265
0.216932
0.254444
0.357071
0.500041
0.569226
0.659644
0.798367
0.832694
0.664245
0.932313
0.897456
0.963809
0.941691
0.904179
1.099525
1.049450
1.168886
1.238071
1.376971
1.236125
0.976549
0.989643
1.007514
1.037595
1.216130
1.353261
1.369717
1.633008
1.435893
1.222500
1.149600
1.065728
1.197551
0.999906
0.928598
0.869145
0.859590
0.925413
0.747408
0.658936
0.818008
0.672561
0.509242
0.503580
0.312659
0.329468
0.311243
0.259576
0.225956
0.199592
0.165265
0.298680
0.395468
0.539323
0.628325
0.727590
0.720689
0.531360
0.528352
0.532599
0.656813
0.717681
0.972479
0.819247
0.739268
0.899756
0.971949
0.980973
0.939037
0.892501
0.908426
1.105718
1.076345
1.141283
1.209052
1.095278
1.151723
1.120935
1.133144
1.029455
1.043434
1.127836
1.118104
0.862244
0.691848
1.032109
1.242849
1.599035
1.659550
1.347953
1.589657
1.220377
1.107664
1.045380
1.124474
1.134913
0.968941
1.068206
0.916035
0.875692
1.011230
0.983450
0.958324
0.985927
1.032640
0.950715
0.813231
1.167825
1.157031
1.405282
1.330612
1.237363
1.243733
1.081123
0.727944
0.576481
0.575773
0.624786
0.611692
0.789520
0.889670
1.060243
1.144291
1.247272
0.870560
0.333715
0.104043
0.096788
0.179420
0.156064
0.192337
0.249136
0.424664
0.534368
0.891616
1.064313
1.153492
1.361223
1.381041
1.508086
1.393781
1.635308
1.611775
1.695646
1.941243
1.393958
1.385465
1.480129
1.536220
1.460312
1.279476
1.151723
0.977080
1.099702
0.916388
1.032994
0.990528
0.951069
0.855343
0.994597
1.027332
1.070860
1.390950
1.479952
1.677421
2.043516
2.157291
2.750404
2.679450
2.493306
2.265934
2.600179
2.227183
2.279381
2.069704
2.107923
2.182593
1.914348
2.156937
1.749614
1.435186
1.298409
1.078822
1.116511
1.443148
1.136860
1.176318
1.227808
1.206929
1.055289
1.317695
1.275760
1.282661
1.175079
1.364585
0.979203
0.922935
0.877638
1.173310
1.251165
1.108018
1.040603
1.156323
0.857466
0.638765
0.677692
0.620186
0.640534
0.733252
0.786866
0.678046
0.597891
0.600368
0.613993
0.566749
0.658582
0.674507
0.862598
0.798544
0.855343
1.057412
1.075637
1.119696
1.190119
1.249572
1.401567
1.528081
1.446864
1.451111
1.533389
1.238071
0.759263
0.590105
0.431564
0.373350
0.313720
0.339908
0.566218
0.879584
1.135267
1.110495
1.253642
1.199851
1.408821
1.090677
0.687955
0.654336
0.694325
0.596829
0.582143
0.756963
0.993890
0.988050
1.240725
1.322119
1.213830
1.376618
1.326543
1.632477
1.732981
1.509679
1.546129
1.556923
1.610182
1.747313
1.720949
1.784295
1.935581
1.783233
1.524896
1.720595
1.544006
1.264966
1.243025
1.210999
1.191712
1.076876
0.982388
0.847911
0.778550
0.717327
0.739445
0.798544
0.774480
0.923289
1.247449
1.397497
1.445448
1.718295
1.791549
1.744305
1.866396
1.647871
1.953629
1.479598
1.333266
1.502955
1.312918
1.338398
1.313272
1.218607
1.355384
1.456419
1.440317
1.437132
1.425631
1.603636
1.803758
1.577625
1.487915
1.745721
1.560992
1.468982
1.664327
1.805882
1.803050
1.840739
1.972916
2.018567
1.814729
1.883737
1.760407
1.560638
1.365116
1.330966
1.192066
1.144291
1.085369
1.255588
1.322473
1.227101
1.348307
1.325127
1.068383
1.035294
1.103063
0.718212
0.673446
0.651328
0.730598
0.764925
0.776426
0.818716
0.828979
0.687955
0.631864
0.617178
0.689017
0.816769
0.878700
1.046796
1.372371
1.701839
1.814552
1.950621
2.000519
2.102969
2.100846
1.781817
1.522596
1.180388
1.247803
0.813408
0.775188
0.612931
0.368749
0.318321
0.314074
0.267538
0.249313
0.247720
0.394406
0.464830
0.443243
0.548170
0.526583
0.580373
0.503757
0.675215
0.507119
0.429618
0.430503
0.360610
0.358487
0.356187
0.437934
0.473854
0.511366
0.632926
0.651682
0.529591
0.463060
0.462352
0.475977
0.392460
0.357956
0.389983
0.457398
0.419355
0.392637
0.457929
0.443419
0.513312
0.554540
0.516320
0.531183
0.493848
0.492433
0.519859
0.531183
0.576658
0.606030
0.730775
0.613285
0.522513
