0.845890
0.697600
0.519717
0.483073
0.504035
0.370382
0.339530
0.305014
0.465342
0.515935
0.754201
0.764682
0.701284
0.699038
0.599665
0.605418
0.341185
0.133436
0.098526
0.151601
0.183714
0.132234
0.122640
0.124039
0.157747
0.158989
0.162850
0.198411
0.423753
0.540877
0.453147
0.308757
0.276664
0.292563
0.198391
0.167756
0.156940
0.115981
0.228219
0.303280
0.319632
0.235331
0.244157
0.237715
0.277905
0.431535
0.702348
0.678805
0.622321
0.397728
0.379721
0.523126
0.511679
0.534119
0.489082
0.542709
0.438686
0.268133
0.167401
0.156940
0.162515
0.248885
0.310136
0.256253
0.189979
0.241832
0.390852
0.410671
0.380391
0.204597
0.136825
0.147030
0.173292
0.271699
0.311712
0.342702
0.273374
0.213896
0.220515
0.162161
0.212438
0.301468
0.426531
0.439415
0.310038
0.180955
0.192737
0.254027
0.247092
0.228691
0.187161
0.235331
0.306866
0.366068
0.312559
0.246482
0.185388
0.222151
0.248274
0.324065
0.562114
0.676854
0.657192
0.432441
0.395344
0.484354
0.533804
0.602581
0.550786
0.476178
0.216693
0.251959
0.335196
0.504134
0.888859
0.872211
0.761491
0.343096
0.105185
0.199494
0.311141
0.436145
0.429506
0.459846
0.400210
0.327631
0.180424
0.210172
0.303339
0.401530
0.488649
0.461008
0.341323
0.256017
0.130895
0.149453
0.217087
0.322095
0.462683
0.470996
0.460043
0.358463
0.340102
0.382341
0.534237
0.720315
0.878752
0.843940
0.722206
0.391758
0.247782
0.201149
0.155580
0.061192
0.074904
0.143385
0.183260
0.311850
0.516250
0.638811
0.645116
0.532681
0.675515
0.698092
0.695531
0.450724
0.505513
0.655203
0.764820
0.699747
0.513965
0.329621
0.371486
0.311161
0.309900
0.208833
0.260292
0.310195
0.311555
0.406179
0.329365
0.332536
0.244748
0.297350
0.394063
0.387286
0.349479
0.427516
0.524032
0.473774
0.491210
0.426472
0.454881
0.416227
0.495958
0.515285
0.455767
0.405391
0.355941
0.360552
0.258342
0.209660
0.331492
0.384331
0.587312
0.568301
0.490028
0.227765
0.184462
0.214487
0.285431
0.266163
0.245240
0.277294
0.371919
0.397373
0.373495
0.279087
0.364374
0.427476
0.418690
0.424797
0.475232
0.464200
0.439337
0.496155
0.981257
1.595974
1.663332
1.204334
0.563631
0.363704
0.445011
0.408288
0.370461
0.632901
0.859268
0.872625
0.646908
0.287894
0.172208
0.131230
0.177468
0.199928
0.199159
0.369279
0.550412
0.590051
0.495623
0.516270
0.693364
0.840788
0.828179
0.730008
0.745276
0.546570
0.461678
0.428856
0.761550
0.830543
0.751009
0.580023
0.434805
0.617987
0.630340
0.581737
0.514398
0.518673
0.530238
0.618105
0.709381
0.754713
0.724827
0.681543
0.676342
0.651656
0.613712
0.706071
0.773311
1.497566
2.223930
2.165792
1.469433
0.458230
0.571473
0.832710
1.033564
0.920381
0.411676
0.274457
0.297823
0.332517
0.320105
0.323218
0.366895
0.418670
0.466583
0.496017
0.806961
1.557793
1.616995
1.396421
0.711469
0.657232
0.548363
0.375879
0.246363
0.248531
0.719251
1.260482
1.518627
2.100108
1.690737
2.129305
2.367827
2.267706
2.187798
1.369312
1.311134
1.215485
0.994891
0.869256
0.938841
0.942840
0.878851
0.603329
0.202410
0.321484
0.696595
0.862124
0.996053
1.026097
1.114201
0.984744
0.709893
0.566665
0.485339
0.604925
0.604157
0.591115
0.635383
0.639777
0.659576
0.612412
0.681917
1.009942
1.293364
1.986550
1.812372
1.341218
0.537192
0.198233
0.229460
0.288248
0.414355
0.837419
1.334618
1.321241
0.919258
0.437504
0.591410
0.727920
0.955350
0.736391
0.784009
0.688379
0.620942
0.612806
0.683454
0.621986
0.616687
0.677366
0.683533
0.833932
0.763697
0.586958
0.610126
0.630024
0.718857
0.928793
1.194799
1.299707
1.315488
0.932300
0.756880
0.708356
0.806587
1.002003
1.301323
1.129331
1.241077
1.203172
1.087723
0.905841
0.437426
0.381652
0.455393
0.407657
0.448379
0.476414
0.649607
0.656641
0.720059
0.746202
0.774316
0.767361
0.764564
0.583116
0.515876
0.493732
0.464889
0.407756
0.324321
0.316874
0.466248
0.562449
0.757156
1.271988
1.509052
1.588133
1.545637
1.634253
1.603382
0.944692
0.796125
0.820003
0.775912
0.915298
1.104469
1.322364
1.248780
0.938663
0.517846
0.346524
0.280151
0.345382
0.336969
0.291873
0.259701
0.311023
0.616411
0.923730
1.082521
1.226852
1.128307
1.113945
0.749512
0.409076
0.298532
0.308127
0.266143
0.205326
0.212655
0.313229
0.423241
0.533587
0.532346
0.601694
0.900404
1.302919
1.427253
1.257054
0.850599
0.806784
0.725122
0.559218
0.497770
0.372096
0.310727
0.438962
0.539576
0.799139
0.915613
0.754772
0.817994
1.042725
1.105395
1.041444
0.822466
0.945441
1.142787
1.074050
1.043080
0.850560
0.786216
0.691275
0.544009
0.482128
0.298591
0.281688
0.309131
0.345500
0.362896
0.462111
0.465145
0.630714
0.643776
0.779557
0.667989
0.448714
0.203888
0.166140
0.156782
0.255229
0.294809
0.340496
0.407815
0.601044
0.691354
0.670432
0.872566
1.093199
1.119008
0.748724
0.367920
0.234070
0.275167
0.402732
0.503188
0.503562
0.278693
0.248471
0.235626
0.470346
0.642338
0.629433
0.515068
0.341323
0.440716
0.543497
0.612372
0.633078
0.599488
0.908284
1.265605
1.261861
1.394904
1.014040
0.808576
0.595626
0.651952
0.743700
0.457127
0.597596
0.470937
0.521628
0.535912
0.528682
0.530593
0.410061
0.525805
0.612865
0.540443
0.650198
0.689522
0.959842
0.756959
0.877629
1.475600
2.024061
1.959599
1.794345
1.032185
1.033525
0.974933
0.501218
0.559337
0.641806
0.679947
0.621711
0.398673
0.357971
0.358897
0.377554
0.331335
0.253219
0.220161
0.282988
0.321366
0.486541
0.584771
0.647834
0.748370
0.979504
1.359934
1.446718
1.025309
0.849850
0.641688
0.706603
0.579924
0.415518
0.509887
0.748330
0.959290
0.816161
0.894592
1.205220
1.338735
1.711994
1.555803
1.643572
1.498000
1.120525
0.951174
0.747818
0.583904
0.420266
0.364689
0.337639
0.420758
0.432697
0.434116
0.454231
0.426984
0.512192
0.618263
0.750024
0.825815
0.978085
1.086600
1.211367
1.229157
0.913584
0.947824
0.862420
0.805286
0.757176
0.590780
0.561720
0.280860
0.169548
0.064009
0.111607
0.194864
0.239192
0.336930
0.420404
0.422000
0.264725
0.181546
0.095866
0.088458
0.094723
0.113932
0.134638
0.161116
0.166652
0.134776
0.082548
0.082647
0.103865
0.103766
0.098427
0.078746
0.080952
0.119862
0.099058
0.075259
0.109026
0.152231
0.143267
0.152822
0.116710
0.078844
0.037117
0.044269
0.048682
0.057488
0.046377
0.039856
0.118680
0.199947
0.202922
0.129181
0.022341
0.001418
0.008511
0.041373
0.068186
0.070195
0.190018
0.221441
0.296070
0.225736
0.116867
0.048465
0.022046
0.019701
0.020056
0.024272
0.021671
0.020844
0.018204
0.001418
0.001418
0.001891
0.022124
0.029552
0.029552
0.033591
0.053587
0.079829
0.085424
0.055636
0.080617
0.119409
0.114188
0.102545
0.100338
0.112297
0.092300
0.108002
0.157807
0.194175
0.181566
0.146400
0.160821
0.139544
0.129516
0.073328
0.081740
0.063024
0.064620
0.124886
0.104653
0.114267
0.107726
0.105480
0.084715
0.096457
0.139386
0.216536
0.200696
0.102939
0.069801
0.072087
0.143267
0.150813
0.182985
0.132983
0.122719
0.062945
0.046298
0.037964
0.012806
0.017770
0.035817
0.043185
0.099491
0.133082
0.116001
0.145198
0.131308
0.127151
0.110878
0.114996
0.155738
0.188284
0.125792
0.142381
0.175459
0.211788
0.191949
0.157964
0.123251
0.098801
0.048012
0.091670
0.131407
0.134244
0.117656
0.126895
0.132274
0.141356
0.059852
0.053508
0.067949
0.059537
0.052582
0.041392
0.076795
0.133141
0.244117
0.231075
0.325720
0.263700
0.233183
0.183970
0.139957
0.165963
0.211354
0.213738
0.218486
0.117360
0.090586
0.047027
0.078647
0.128215
0.179616
0.238286
0.169588
0.116257
0.089306
0.093206
0.114740
0.088852
0.108081
0.084163
0.076835
0.079987
0.099393
0.083809
0.079061
0.077268
0.094014
0.078391
0.079810
0.071180
0.090389
0.118838
0.105815
0.082548
0.054415
0.045313
0.062689
0.082666
0.081760
0.090685
0.098427
0.079021
0.063261
0.071712
0.094369
0.097836
0.128393
0.141770
0.112632
0.118759
0.136155
0.116020
0.086803
0.066629
0.059931
0.074510
0.118069
0.221284
0.201918
0.171400
0.090862
0.109223
0.147168
0.202430
0.308068
0.325917
0.322666
0.273354
0.225992
0.249772
0.187004
0.133239
0.073151
0.079238
0.141553
0.282574
0.436539
0.502853
0.403461
0.258204
0.174828
0.183655
0.198450
0.349854
0.312559
0.237636
0.115528
0.127033
0.176621
0.202962
0.268251
0.325543
0.320913
0.393827
0.368274
0.372550
0.318627
0.240729
0.163461
0.139662
0.102939
0.127151
0.200834
0.208380
0.197504
0.145651
0.170120
0.246718
0.289627
0.326882
0.331098
0.354720
0.351115
0.419084
0.390950
0.291046
