0.661280
0.721081
0.661049
0.676346
0.660353
0.648069
0.607970
0.520587
0.457079
0.409563
0.400987
0.414662
0.385225
0.432046
0.442013
0.387543
0.412808
0.438768
0.480025
0.517111
0.616546
0.629294
0.762570
0.721776
0.741941
0.718763
0.857138
0.876376
0.804755
0.778563
0.803132
0.547938
0.436450
0.419761
0.451284
0.381053
0.278141
0.324034
0.464959
0.499727
0.693730
0.731743
0.750981
0.658267
0.513866
0.380822
0.241983
0.151355
0.151355
0.168507
0.140461
0.168739
0.263539
0.220890
0.267015
0.270956
0.260525
0.375722
0.370159
0.422774
0.479793
0.569030
0.402841
0.507607
0.578302
0.507376
0.654559
0.813331
0.786212
0.896310
0.843463
0.673101
0.751445
1.032831
0.963759
0.756080
0.659426
0.728498
0.728730
0.597076
0.646678
0.596844
0.598003
0.551183
0.520587
0.471913
0.357411
0.292280
0.301320
0.279068
0.343272
0.411649
0.356021
0.429033
0.512939
0.390788
0.463337
0.503667
0.576447
0.792007
0.824225
0.832105
0.815185
0.752372
0.827006
0.711578
0.850880
0.922733
0.885416
0.903031
0.830715
0.974189
1.059718
1.261138
1.002699
0.854357
0.329134
0.331451
0.402377
0.421616
0.494396
0.471681
0.402609
0.371318
0.540753
0.610288
0.577606
0.611910
0.802205
0.769755
0.724094
0.784126
0.818198
0.852271
0.730816
0.382212
0.302247
0.345590
0.311054
0.296452
0.299465
0.252877
0.218573
0.304333
0.423933
0.783894
0.876144
1.044883
1.410639
1.283158
1.331832
1.217331
0.954719
0.745418
0.852966
0.846476
0.606348
0.125859
0.290426
0.502740
0.760252
0.821443
1.049287
1.136902
0.926673
0.804291
0.737537
0.811013
0.652241
0.730120
0.831178
0.834655
0.776477
0.737074
0.645519
0.706247
1.029354
1.126935
1.308654
1.512160
1.696197
2.124071
1.991027
1.995894
1.772686
1.583550
0.974653
0.302942
0.606579
0.895846
0.924124
0.966309
0.954488
0.827470
0.915316
0.861542
0.887270
1.067135
1.021010
0.952865
0.799887
0.864787
0.937335
1.094022
0.879389
0.814026
0.703233
0.803132
0.833496
0.832337
0.820516
0.973262
0.879158
1.134352
1.516333
1.421069
1.763878
1.874903
1.841526
1.853579
1.860069
1.712190
1.729574
1.679740
1.053459
1.042102
1.011275
0.921574
0.802205
0.622804
0.467509
0.422079
0.471681
0.582010
0.682141
0.791543
0.895383
0.918097
0.894224
0.819821
0.701843
0.862469
0.903727
0.842999
0.989719
0.909753
0.798033
0.676346
0.581083
0.548633
0.568103
0.608434
0.400755
0.372477
0.476085
0.401914
0.475621
0.599394
0.593831
0.811477
0.915316
0.902104
0.816344
0.563004
0.523601
0.407013
0.266784
0.258671
0.235725
0.270724
0.371550
0.397046
0.300392
0.301320
0.390093
0.458933
0.515488
0.580851
0.652473
0.814953
0.669625
0.689095
0.717604
0.830019
1.004553
1.078956
1.100743
1.185808
1.330905
1.574510
1.386070
1.672092
1.886724
2.080727
2.006324
1.936094
2.185494
1.696661
1.590967
1.532326
1.382129
1.115346
0.921342
1.048592
1.008261
0.807536
0.879389
0.856443
0.963527
0.821212
0.845549
0.790848
0.757471
0.590818
0.656645
0.811940
0.732206
0.721081
0.768597
0.961905
1.007798
1.062267
0.814953
0.883330
0.840681
0.784590
0.692571
0.538435
0.653168
0.652704
0.701147
0.791775
0.781113
0.858529
0.758630
0.898628
0.891442
0.797801
0.812636
0.703465
0.604262
0.603334
0.576447
0.649691
0.760021
0.861078
0.827933
0.864555
0.978361
1.158226
1.461631
1.276204
1.072466
1.362660
1.331832
1.340872
1.175841
0.715982
0.601712
0.664757
0.742405
0.792702
0.631612
0.573202
0.529163
0.393801
0.338173
0.358107
0.282313
0.272578
0.287644
0.351617
0.514097
0.603566
0.671943
0.778563
0.864555
0.902800
1.205742
1.301469
1.212463
1.129485
1.183490
0.952633
0.866641
0.296452
0.275360
0.211387
0.212778
0.179169
0.126554
0.181255
0.225526
0.225990
0.303174
0.369001
0.405854
0.414894
0.456383
0.433668
0.479562
0.384994
0.329134
0.269333
0.227149
0.183341
0.141852
0.139071
0.209069
0.224135
0.251949
0.359961
0.337941
0.448503
0.517111
0.532177
0.470986
0.438999
0.420920
0.489297
0.438072
0.358570
0.283704
0.292048
0.282313
0.222049
0.193076
0.160163
0.124700
0.169666
0.259367
0.399828
0.430192
0.460324
0.520587
0.560454
0.470754
0.451516
0.493237
0.431119
0.550488
0.644592
0.660585
0.613301
0.834655
0.926905
0.817735
0.973494
0.981838
1.024486
1.171438
1.111637
0.859224
0.852734
0.768133
0.634393
0.731743
0.697902
0.605189
0.500654
0.578533
0.668929
0.779722
0.817271
0.784358
1.014056
1.039089
1.307727
1.321402
1.539743
1.406699
1.126935
0.884952
0.852271
0.626049
0.440390
0.359729
0.383603
0.379894
0.402841
0.365060
0.489528
0.554660
0.567871
0.531945
0.364133
0.302478
0.352544
0.438768
0.516184
0.668929
0.552342
0.540289
0.357411
0.200262
0.262148
0.365987
0.350226
0.273042
0.226917
0.259367
0.248241
0.226453
0.233639
0.262612
0.296916
0.397046
0.553964
0.537971
0.487210
0.482807
0.522442
0.461019
0.546547
0.543534
0.485124
0.432278
0.372477
0.283009
0.256353
0.185427
0.143706
0.093409
0.067913
0.052847
0.047284
0.046357
0.039635
0.035231
0.020861
0.007881
0.014139
0.020629
0.016920
0.027119
0.047052
0.055165
0.088542
0.140461
0.169434
0.191686
0.269102
0.198871
0.205593
0.197944
0.193772
0.166421
0.142547
0.150660
0.135594
0.115429
0.117515
0.117283
0.136753
0.143474
0.143243
0.105230
0.087151
0.060496
0.064900
0.084601
0.118210
0.107316
0.149037
0.150196
0.179633
0.152050
0.176851
0.179401
0.131422
0.125163
0.136057
0.165494
0.162713
0.161322
0.133740
0.139998
0.164103
0.169434
0.137448
0.138143
0.110793
0.060959
0.095959
0.089932
0.065363
0.071853
0.070926
0.081124
0.072780
0.080197
0.129567
0.151123
0.168507
0.186818
0.190295
0.173143
0.123077
0.106389
0.133508
0.095263
0.097118
0.135594
0.116124
0.124236
0.127481
0.172911
0.154368
0.142779
0.207215
0.260525
0.289730
0.314995
0.341882
0.246850
0.326816
0.352312
0.283936
0.239897
0.155759
0.162249
0.090396
0.101058
0.126786
0.158772
0.152978
0.093177
0.058641
0.037085
0.034304
0.031291
0.034768
0.031754
0.025496
0.041026
0.050297
0.091787
0.101985
0.107316
0.159468
0.130263
0.126091
0.116819
0.072085
0.077648
0.101985
0.095032
0.084601
0.060496
0.074866
0.096422
0.091555
0.070694
0.098045
0.082747
0.079734
0.076489
0.104998
0.125163
0.098508
0.089469
0.089701
0.090628
0.112184
0.152050
0.139534
0.132812
0.193540
0.239201
0.258439
0.197944
0.212083
0.200030
0.240592
0.220195
0.224599
0.246618
0.235493
0.205129
0.172216
0.131422
0.152746
0.156686
0.140461
0.139302
0.151123
0.204897
0.237579
0.249168
0.251486
0.333074
0.330988
0.303406
0.238274
0.180560
0.172447
0.085297
0.115197
0.093873
0.112184
0.135594
0.127018
0.122614
0.135826
0.128640
0.121455
0.121687
0.132117
0.155991
0.165262
0.169898
0.157382
0.185891
0.189600
0.145329
0.144865
0.113806
0.098972
0.095263
0.081124
0.120064
0.098740
0.167348
0.204897
0.181023
0.273737
0.314531
0.368305
0.418834
0.258439
0.131190
0.089005
0.095727
0.088310
0.093177
0.068840
0.049370
0.057946
0.077184
0.079734
0.059800
0.099899
0.101290
0.110329
0.099435
0.094336
0.083674
0.083906
0.147878
0.236420
0.264002
0.351617
0.334465
0.253108
0.245228
0.211155
0.165726
0.153209
0.174070
0.277909
0.280691
0.350921
0.292512
0.267711
0.318703
0.317081
0.279068
0.217414
0.230857
0.161090
0.174997
0.216023
0.237811
0.215559
0.202116
0.126554
0.092714
0.093641
0.061655
0.023178
0.009735
0.026423
0.095032
0.139071
0.163640
0.229003
0.206983
0.222745
0.249168
0.270029
0.285790
0.200262
0.169898
0.144633
0.094336
0.058873
0.043344
0.012980
0.017152
0.033609
0.057946
0.059337
0.058641
0.080429
0.077416
0.081124
0.072085
0.085065
0.081356
0.101058
0.133508
0.171520
0.201652
0.244532
0.338869
0.356252
0.395192
0.217182
0.116819
0.118442
0.126554
0.147183
0.131885
0.099204
0.121919
0.123309
0.107548
0.120064
0.104766
0.106853
0.111720
0.136057
0.162017
0.141852
0.137680
0.186586
0.197712
0.230394
0.243837
0.239897
0.270492
0.203507
0.133971
0.119137
0.139534
0.141852
0.184268
0.151123
0.131885
0.105230
0.115660
0.076025
0.079734
0.052151
0.057482
0.057946
0.062814
0.058641
0.056787
0.064900
0.098508
0.134667
0.123773
0.128177
0.085992
0.043807
0.041489
0.039172
0.048443
0.048443
0.047516
0.046357
0.049602
0.066059
0.069999
0.109402
0.091323
0.073939
0.030132
0.025033
0.035695
0.046357
0.049834
0.046357
0.036390
0.051688
0.056092
0.086224
0.119832
0.167580
0.192381
0.263770
0.232943
0.141852
0.171984
0.173375
0.173606
0.212778
0.225526
0.246155
0.209069
0.124932
0.113806
0.133508
0.124700
0.153441
0.087846
0.042417
0.041721
0.045430
0.038708
0.014371
0.024106
0.034768
0.042417
0.046357
0.025264
0.009967
0.000464
0.003709
0.011589
0.011589
0.022715
0.052615
0.068145
0.108475
0.122846
0.112879
0.119369
0.099667
0.079270
0.043112
0.043344
0.029668
0.021092
0.015530
0.019238
0.039635
0.046357
0.025960
0.015298
0.019933
0.047284
0.064204
0.048675
0.036390
0.060496
0.078807
0.082979
0.085528
0.075330
0.079966
0.108243
0.124468
0.142547
0.108243
0.076721
0.072317
0.019238
0.023178
0.027351
0.028046
0.018311
0.027351
0.057482
0.069535
0.069535
0.065595
0.065131
0.044271
0.043575
0.040099
0.027814
0.019933
0.023642
0.015066
0.011589
0.010662
0.000464
0.003709
0.011589
0.028278
0.043807
0.057251
0.048675
0.063045
0.057714
0.057946
0.056092
0.060727
0.052615
0.033609
0.035231
0.023178
0.019470
0.017152
0.008576
0.000464
0.000464
0.000464
0.000464
0.000464
0.003709
0.011589
0.011589
0.010199
0.000464
0.000464
0.000464
0.000464
0.000464
0.000464
0.000464
0.000464
0.000464
0.000464
0.000464
0.012980
0.023178
0.023178
0.014139
0.019933
0.022715
0.000464
0.000464
0.000464
0.009040
0.011589
0.030364
0.012053
0.000464
0.000464
0.000464
0.000464
0.000464
0.000464
0.003245
0.011589
0.021324
0.017152
0.014371
0.012748
0.028973
0.061423
0.090859
0.094568
0.089005
0.074403
0.054933
0.058410
0.047748
0.025033
0.026423
0.050993
0.080893
0.079502
0.098972
0.087383
0.097813
0.106853
0.091091
0.083674
0.063972
0.070926
0.083674
0.074171
0.071853
0.046357
0.033145
0.023178
0.023178
0.020861
0.018079
0.050297
0.068840
0.079734
0.115892
0.113574
0.113806
0.121223
0.119369
0.106157
0.118905
0.103839
0.098045
0.088078
0.101521
0.087846
0.071390
0.066522
0.057946
0.073244
0.066059
0.085760
0.120760
0.104303
0.124005
0.158540
0.160858
0.110793
0.096190
0.079502
0.075330
0.064900
0.042185
0.060032
0.064668
0.080661
0.000464
0.000464
0.000464
0.000464
0.000464
0.000464
0.000464
0.000464
0.000464
0.000464
0.000464
0.000464
0.000464
0.000464
0.000464
0.000464
0.000464
0.000464
0.000464
0.000464
0.000464
0.000464
0.000464
0.000464
0.000464
0.000464
0.000464
0.000464
0.000464
0.000464
0.000464
0.000464
0.000464
0.000464
0.000464
0.000464
0.000464
0.000464
0.000464
0.000464
0.000464
0.000464
0.000464
0.000464
0.000464
0.000464
0.000464
0.000464
0.000464
0.000464
0.000464
0.000464
0.000464
0.000464
0.000464
0.000464
0.000464
0.000464
0.000464
0.000464
0.000464
0.000464
0.000464
0.000464
0.000464
0.000464
0.000464
0.000464
0.000464
0.000464
0.000464
0.000464
0.000464
0.000464
0.000464
0.000464
0.000464
0.000464
0.000464
0.000464
0.000464
0.000464
0.000464
0.000464
0.000464
0.000464
0.000464
0.000464
0.000464
0.000464
0.000464
0.000464
0.000464
0.000464
0.000464
0.000464
0.000464
0.000464
0.000464
0.000464
0.000464
0.000464
0.000464
0.000464
0.000464
0.000464
0.000464
0.000464
0.000464
0.000464
0.000464
0.000464
0.000464
0.000464
0.000464
0.000464
0.000464
0.000464
0.000464
0.000464
0.000464
0.000464
0.000464
0.000464
0.000464
0.000464
0.000464
0.000464
0.000464
0.000464
0.000464
0.000464
0.000464
0.000464
0.000464
0.000464
0.000464
0.000464
0.000464
0.000464
0.000464
0.000464
0.000464
0.000464
0.000464
0.000464
0.000464
0.000464
0.000464
0.000464
0.000464
0.000464
0.000464
0.000464
0.000464
0.000464
0.000464
0.000464
0.000464
0.000464
0.000464
0.000464
0.000464
0.000464
0.000464
0.000464
0.000464
0.000464
0.000464
0.000464
0.000464
0.000464
0.000464
0.000464
0.000464
0.000464
0.000464
0.000464
0.000464
0.000464
0.000464
0.000464
0.000464
0.000464
0.000464
0.000464
0.000464
0.000464
0.000464
0.000464
0.000464
0.000464
0.000464
0.000464
0.000464
0.000464
0.000464
0.000464
0.000464
0.000464
0.000464
0.000464
0.000464
0.000464
0.000464
0.000464
0.000464
0.000464
0.000464
0.000464
0.000464
0.000464
0.000464
0.000464
0.000464
0.000464
0.000464
0.000464
0.000464
0.000464
0.000464
0.000464
0.000464
0.000464
0.000464
0.000464
0.000464
0.000464
0.000464
0.027814
0.137680
0.093177
0.078343
0.093409
0.098045
0.105694
0.102449
0.096886
0.083211
0.057019
0.023874
0.021324
0.024106
0.038940
0.069303
0.095727
0.096190
0.078807
0.059105
0.054701
0.038013
0.064436
0.109170
0.118905
0.133971
0.171520
0.164799
0.165494
0.171289
0.170130
0.128872
0.142316
0.128408
0.181023
0.213937
0.299233
0.388702
0.401450
0.370855
0.357875
0.323571
0.319167
0.247082
0.194003
0.073476
0.074171
0.090164
0.113342
0.098740
0.086224
0.200030
0.231089
0.219268
0.214632
0.143011
0.159004
0.175461
0.160395
0.166189
0.175692
0.265393
0.233870
0.223208
0.285326
0.296452
0.211619
0.192149
0.137216
0.070926
0.082052
0.081124
0.117746
0.143706
0.160626
0.171984
0.158309
0.153673
0.125163
0.130495
0.111256
0.108243
0.137216
0.139766
0.163871
0.216950
0.199798
0.206288
0.204665
0.219731
0.171520
0.123541
0.177315
0.239665
0.287181
0.306187
0.318472
0.427642
0.415821
0.433437
0.494628
0.413271
0.334696
0.313604
0.251949
0.255658
0.294366
0.255194
0.328670
0.370623
0.375490
0.305955
0.366914
0.423006
0.392411
0.283009
0.241519
0.299929
0.362279
0.287181
0.257512
0.218573
0.179633
0.131885
0.117746
0.156223
0.241983
0.310127
0.307114
0.362279
0.357411
0.306419
0.333306
0.305955
0.321021
0.232943
0.255658
0.282313
0.299002
0.405159
0.409563
0.384762
0.322412
0.320558
0.267943
0.227149
0.202348
0.212778
0.201884
0.232016
0.202579
0.200262
0.213473
0.232016
0.237347
0.243605
0.302015
0.504826
0.574593
0.752372
0.804060
0.771378
0.921342
1.078956
0.956805
0.804291
0.527773
0.446648
0.307346
0.228539
0.191686
0.185427
0.185891
0.206983
0.176156
0.181255
0.188672
0.240592
0.285790
0.467509
0.755848
0.678432
0.961441
0.987401
1.206669
1.032599
0.946143
0.728266
0.492078
0.334233
0.297147
0.366683
0.343272
0.471681
0.534494
0.452675
0.404695
0.242678
0.155064
0.155295
0.251486
0.312445
0.305492
0.317081
0.380590
0.462641
0.388702
0.412344
0.381517
0.370623
0.398669
0.413271
0.382908
0.360193
0.374100
0.387311
0.384298
0.407013
0.479098
0.501118
0.449893
0.427178
0.448503
0.369696
0.293439
0.240360
0.217645
0.221818
0.205361
0.146024
0.136057
0.156454
0.145561
0.197480
0.235956
0.222745
0.295757
0.348372
0.362742
0.417675
0.559991
0.635784
0.473999
0.417212
0.212083
0.124468
0.092945
0.079038
0.070926
0.090628
0.117051
0.195162
0.292743
0.429033
0.470754
0.465423
0.483270
0.645519
0.655486
0.684691
0.743796
0.635089
0.577606
0.689558
0.679360
0.630685
0.778795
0.539825
0.529395
0.542839
0.670784
0.865482
1.140842
1.113260
1.203887
1.113955
0.901177
0.795252
0.922269
0.757934
0.741710
0.696512
0.663366
0.599626
0.491846
0.565554
0.402609
0.310591
0.284399
0.300624
0.390788
0.532640
0.527309
0.661744
0.779954
0.964686
0.888661
0.730120
0.477012
0.433437
0.527309
0.483734
0.568567
0.655022
0.658963
0.630221
0.585951
0.602175
0.563467
0.646678
0.671943
0.576911
0.664062
0.812172
0.750517
0.845549
0.870350
1.028427
1.089154
1.167729
1.212463
1.199020
1.066208
1.083591
1.205742
1.200874
1.197629
1.399745
1.296137
1.234715
1.025645
0.918097
0.744723
0.649923
0.766974
0.884720
0.830715
0.851344
1.100280
1.061804
1.261370
1.397659
1.404613
1.507988
1.638946
1.335773
1.247231
1.110942
0.989023
0.912303
0.693267
0.618400
0.611679
0.610751
0.592672
0.765352
0.684227
0.863165
0.799887
0.736147
0.701147
0.738928
0.568567
0.503435
0.439926
0.489297
0.333769
0.249168
0.217182
0.258903
0.304101
0.297379
0.399828
0.502972
0.675187
0.938958
1.207596
1.600702
1.465108
1.436599
1.455605
1.174451
0.801278
0.604725
0.685154
0.632307
0.743796
0.816576
0.906972
0.884257
0.940349
0.812636
0.754921
0.639493
0.515952
0.394497
0.396583
0.388934
0.442940
0.328902
0.359497
0.419298
0.401682
0.498568
0.477707
0.440854
0.539130
0.498104
0.543534
0.480952
0.489065
0.487906
0.575984
0.688863
0.883793
0.882634
0.807536
0.707406
0.753067
0.580851
0.517574
0.426251
0.469131
0.480025
0.414894
0.388470
0.549792
0.636711
0.846940
0.767206
0.658499
0.617937
0.546315
0.438304
0.345127
0.372941
0.525455
0.731975
0.823066
0.759557
0.763497
0.734756
0.744955
0.781113
0.893065
1.128789
1.193689
1.300310
0.793629
0.634162
0.522673
0.355093
0.263770
0.313141
0.371550
0.486283
0.495555
0.499263
0.561381
0.617937
0.792007
0.761179
0.729657
0.636711
0.663135
0.767206
0.603334
0.581547
0.556514
0.531945
0.717604
0.722240
0.776709
0.859224
0.985778
1.097498
1.224516
0.934090
0.839059
0.736147
0.674956
0.468436
0.506912
0.457542
0.326584
0.192381
0.185659
0.234566
0.170361
0.118674
0.047748
0.048906
0.051224
0.133044
0.212778
0.271883
0.320326
0.321948
0.263075
0.241519
0.268406
0.274201
0.209301
0.094336
0.045198
0.059800
0.102449
0.179169
0.268174
0.449198
0.685618
0.814490
0.911376
0.937335
1.034221
1.058790
0.724326
0.609361
0.553501
0.706942
0.798960
0.838364
0.787835
0.778795
0.700684
0.771842
0.826311
0.712505
0.830251
0.855979
0.799887
0.602407
0.546315
0.773464
0.865482
0.824920
1.028195
0.962368
1.133193
0.911376
1.062731
1.317462
1.016837
1.054387
0.887734
0.675651
0.611679
0.639956
0.710419
0.715054
0.718299
0.705551
0.590354
0.498568
0.441085
0.369001
0.374332
0.351848
0.419066
0.497873
0.609824
0.572507
0.568567
0.641347
0.695121
0.634162
0.771610
0.763266
0.743796
0.810781
0.849721
0.925746
0.955183
0.969090
1.108856
1.280144
1.266237
1.306568
1.017996
1.006407
0.989719
0.793397
0.755848
0.684227
0.758398
0.782967
0.800815
0.966309
1.174451
1.052069
1.020082
0.935945
0.659426
0.543534
0.581778
0.578302
0.451284
0.467045
0.511548
0.570653
0.615619
0.868264
1.133193
1.225443
1.133657
1.026109
0.994123
0.847171
0.791080
0.748663
0.767438
0.631612
0.738001
0.707869
0.675419
0.625586
0.625817
0.610983
0.781808
0.637638
0.713664
0.589427
0.616083
0.623268
0.585023
0.745418
0.736379
0.695121
0.832337
0.757007
0.642738
0.581778
0.703465
0.792007
0.809622
0.631844
0.546084
0.520356
0.484893
0.586182
0.636248
0.784590
0.582474
0.608202
0.827702
1.010579
1.047897
1.063890
1.206901
1.008261
0.889820
0.682836
0.360424
0.194931
0.206983
0.289267
0.348835
0.372941
0.577143
0.538898
0.507839
0.527541
0.449198
0.502276
0.416980
0.452906
0.317313
0.298075
0.243837
0.318472
0.358338
0.544925
0.676810
0.955415
1.078956
1.078029
1.017765
1.018924
0.884489
0.884720
0.660585
0.591282
0.632771
0.441317
0.459860
0.607738
0.735451
0.808695
0.683532
0.760252
0.832801
0.858297
0.871972
0.927137
1.021705
0.984388
1.081273
1.273423
1.334150
0.978130
0.771842
0.882634
0.749127
0.552342
0.453834
0.433900
0.078807
0.045661
0.131422
0.185659
0.220659
0.241983
0.232943
0.176388
0.207447
0.176620
0.337246
0.388007
0.347213
0.331683
0.367610
0.478403
0.557441
0.611910
0.734292
0.871277
0.873595
1.015910
1.039784
0.947534
0.816344
0.867568
0.723399
0.733597
0.956805
1.085214
1.311435
1.197166
1.208059
1.023559
0.865251
0.604957
0.574825
0.515488
0.364133
0.352776
0.339100
0.386616
0.353007
0.370623
0.440158
0.513634
0.582706
0.575520
0.528468
0.388934
0.330293
0.250095
0.209765
0.120760
0.143243
0.156454
0.167580
0.156223
0.174070
0.269102
0.275823
0.308505
0.292048
0.250791
0.183573
0.130726
0.144170
0.222976
0.261684
0.247777
0.307346
0.349531
0.392874
0.476317
0.700684
0.759325
0.745186
0.841840
1.024718
1.089386
1.029586
1.075479
1.322561
1.220112
1.282694
1.068757
1.116505
1.239582
1.633847
1.922650
1.796096
1.902021
1.837585
1.741163
1.245145
1.279449
1.027036
0.721313
0.747504
0.679128
0.514329
0.379431
0.455688
0.622572
0.767669
0.921806
1.087300
1.236801
1.157994
0.963064
0.806377
0.801278
0.783199
0.674492
0.648069
0.688399
0.584792
0.587573
0.496714
0.379894
0.383139
0.480257
0.658035
0.886575
1.373553
1.717985
1.912452
2.035761
1.879538
1.918942
1.383288
0.790152
0.280691
0.203043
0.171057
0.160395
0.154137
0.261221
0.435986
1.103061
1.238423
1.354315
0.918097
0.873131
0.932004
1.197166
0.928296
1.023327
0.744955
0.763266
0.754689
0.700684
0.685618
0.545157
0.552805
0.443867
0.467045
0.401682
0.354166
0.353007
0.403305
0.414430
0.389861
0.359034
0.451747
0.502972
0.545852
0.648996
0.796179
1.074552
1.393719
1.325111
1.698747
1.629443
1.637787
1.425473
1.128094
0.973494
0.775782
0.713200
0.612606
0.696048
0.785285
0.892833
0.847635
0.826543
0.684227
0.879389
0.767206
1.130412
1.067598
1.399745
1.676959
1.600470
1.698747
1.802354
1.387460
1.207364
1.097730
1.239814
1.024023
1.260211
1.288025
1.227993
1.328819
1.207364
1.159617
1.037234
1.079651
0.900714
0.921574
0.773464
0.671479
0.587341
0.463337
0.423702
0.422774
0.512707
0.536581
0.513634
0.532408
0.551878
0.681909
0.650618
0.686777
0.837205
0.689326
0.819126
0.909058
0.927137
1.103061
1.173755
1.257198
1.341567
1.490604
1.189749
1.097267
0.942667
0.715750
0.420920
0.171057
0.193772
0.353471
0.559064
0.541216
0.588037
0.658963
0.599858
0.664525
0.589659
0.386384
0.337246
0.575057
0.644592
0.884952
1.190676
1.549478
1.489214
1.593053
1.676727
1.328355
1.511929
1.296137
1.391864
1.653549
1.317693
1.279913
1.257661
1.043956
1.110710
1.112796
1.093558
0.881012
0.880780
0.690485
0.744955
0.715286
0.591050
0.572739
0.525918
0.595686
0.614228
0.639493
0.548865
0.496714
0.544693
0.385689
0.375490
0.362742
0.621414
0.859688
0.975580
0.849489
1.023791
1.115114
1.012434
0.884952
1.027268
0.924356
0.731743
0.994354
1.257198
1.288025
1.392096
1.765732
1.850334
1.504743
1.935398
1.657026
1.393023
1.209450
1.445407
1.574510
1.616463
1.852420
1.955332
1.616695
1.538816
1.608814
1.862618
1.961358
1.455605
1.620635
1.382361
1.586100
1.654476
1.628284
1.638946
1.813712
1.601861
1.199715
1.031672
0.876144
0.883793
0.980447
0.843231
0.910680
0.811708
0.749358
0.656181
0.619559
0.473072
0.453370
0.538435
0.524991
0.577606
0.572971
0.598930
0.607043
0.481879
0.372014
0.396119
0.701147
0.884257
0.976275
1.261602
1.443552
1.709641
1.828082
2.027417
1.822751
1.635006
1.753216
1.431268
0.906045
0.753762
0.865946
0.633466
0.593136
0.552574
0.418139
0.413040
0.414894
0.382676
0.304564
0.200725
0.307578
0.591513
0.654559
0.799887
0.670320
0.667539
0.650618
0.626513
0.442013
0.363669
0.359729
0.440622
0.435986
0.450125
0.549560
0.534958
0.583169
0.604493
0.534726
0.585487
0.487442
0.618632
0.529627
0.427178
0.356484
0.344431
0.206056
0.155759
0.214864
0.260525
0.348140
0.417675
0.540289
0.533799
0.460555
0.358802
0.428801
0.423933
0.460092
0.474926
0.456383
0.409563
0.357643
0.325425
