0.064766
0.069392
0.127140
0.149313
0.166701
0.141337
0.139423
0.126661
0.095235
0.084866
0.071147
0.049931
0.034457
0.031745
0.042912
0.070349
0.071785
0.089652
0.215515
0.207699
0.188396
0.202115
0.190949
0.230829
0.246941
0.157927
0.122354
0.104966
0.096033
0.086302
0.079921
0.077847
0.085504
0.069073
0.075135
0.109273
0.102095
0.140539
0.203072
0.252205
0.248377
0.279005
0.256193
0.266562
0.235615
0.161277
0.128097
0.159363
0.153939
0.148994
0.189034
0.148197
0.149951
0.190470
0.288257
0.257629
0.273741
0.332764
0.256353
0.226363
0.214558
0.162075
0.151227
0.111347
0.061097
0.042274
0.039881
0.035414
0.034616
0.023928
0.025683
0.038764
0.050888
0.058066
0.067159
0.067000
0.063809
0.062692
0.059342
0.050728
0.042752
0.055833
0.055833
0.044028
0.024726
0.017388
0.017867
0.016909
0.023609
0.038445
0.058704
0.079921
0.086302
0.086621
0.088854
0.062692
0.070349
0.067797
0.057109
0.070349
0.091087
0.099542
0.060778
0.055673
0.095395
0.130330
0.131606
0.160161
0.131447
0.107199
0.135435
0.123471
0.107678
0.101297
0.101616
0.106561
0.105285
0.084068
0.077847
0.071147
0.072264
0.122673
0.157449
0.163351
0.228756
0.220779
0.191587
0.174837
0.170211
0.142932
0.159044
0.142932
0.140380
0.157608
0.148516
0.118525
0.135116
0.186801
0.177708
0.212803
0.291926
0.369933
0.330690
0.300860
0.260501
0.240720
0.205146
0.160799
0.148516
0.101775
0.081516
0.067000
0.073221
0.055833
0.090449
0.110868
0.130330
0.114218
0.120759
0.087418
0.090609
0.098266
0.128575
0.141018
0.172923
0.167977
0.175475
0.207379
0.215834
0.171806
0.154258
0.140061
0.083590
0.073221
0.069233
0.070988
0.052483
0.045943
0.057588
0.068435
0.091885
0.107997
0.125385
0.192863
0.196053
0.186801
0.167020
0.126821
0.115973
0.085185
0.118366
0.105125
0.106083
0.099861
0.094756
0.071147
0.057428
0.055035
0.069073
0.062852
0.055514
0.045943
0.044188
0.074019
0.086461
0.082952
0.083909
0.075135
0.054557
0.051366
0.061576
0.068435
0.067159
0.094118
0.089652
0.093799
0.099702
0.094118
0.093799
0.073699
0.066680
0.060938
0.072742
0.054557
0.044347
0.042114
0.029831
0.016431
0.018505
0.018186
0.015952
0.014517
0.024566
0.030788
0.023928
0.023928
0.033500
0.039402
0.034297
0.020897
0.015952
0.009093
0.029193
0.051047
0.055833
0.063330
0.058226
0.074497
0.074178
0.077049
0.056950
0.063490
0.088057
0.092045
0.073540
0.063490
0.053440
0.030469
0.031107
0.033819
0.040519
0.048016
0.034297
0.031905
0.018026
0.003509
0.026640
0.039402
0.047378
0.062533
0.078964
0.086940
0.094278
0.082633
0.062054
0.055035
0.044188
0.043231
0.025364
0.023928
0.033500
0.028714
0.030150
0.023928
0.016431
0.014995
0.024566
0.030309
0.026959
0.018824
0.054397
0.047378
0.050090
0.056312
0.077688
0.082952
0.086142
0.097149
0.093480
0.080878
0.075773
0.074497
0.058066
0.052483
0.033181
0.018505
0.006700
0.000479
0.000798
0.014038
0.015952
0.020100
0.024566
0.019302
0.015952
0.036052
0.035414
0.032543
0.023928
0.029671
0.033021
0.038126
0.048495
0.063809
0.058545
0.068276
0.064926
0.060619
0.055833
0.066840
0.069871
0.071466
0.058385
0.049293
0.032862
0.026481
0.026959
0.033659
0.040359
0.025045
0.027438
0.026800
0.009252
0.007976
0.029193
0.059342
0.085185
0.107678
0.114856
0.101137
0.105923
0.072264
0.044347
0.029831
0.030309
0.036690
0.040359
0.050888
0.089173
0.062214
0.055833
0.046421
0.016431
0.014517
0.008774
0.011007
0.015155
0.014198
0.046102
0.039721
0.034776
0.031426
0.026321
0.032064
0.036531
0.047378
0.036371
0.029033
0.028874
0.047059
0.065723
0.104328
0.108475
0.102254
0.081357
0.067000
0.071307
0.069073
0.095714
0.109592
0.097149
0.103211
0.093002
0.061576
0.060140
0.056790
0.056471
0.045943
0.037647
0.055833
0.050888
0.043071
0.053759
0.054557
0.048016
0.048016
0.038126
0.043709
0.053600
0.045783
0.046581
0.042593
0.031585
0.021376
0.028874
0.031585
0.032862
0.037169
0.026481
0.019302
0.007976
0.009731
0.033500
0.031905
0.026002
0.011326
0.007976
0.007657
0.015952
0.012443
0.016271
0.016271
0.015952
0.018186
0.031905
0.039721
0.041157
0.054557
0.049452
0.051526
0.053121
0.031905
0.032862
0.022652
0.012283
0.009731
0.008455
0.022652
0.031905
0.031905
0.030309
0.031585
0.019302
0.015314
0.025683
0.031426
0.027597
0.026640
0.033978
0.035255
0.044188
0.040838
0.038604
0.031905
0.026800
0.000957
0.000479
0.000479
0.002552
0.007976
0.007976
0.007976
0.007976
0.006700
0.007976
0.014198
0.024566
0.026800
0.032064
0.026959
0.015952
0.015952
0.015952
0.011645
0.007019
0.000479
0.000479
0.000479
0.000479
0.000479
0.000479
0.000479
0.000479
0.002552
0.007976
0.013081
0.016271
0.013878
0.013878
0.015952
0.015952
0.014517
0.007657
0.000479
0.000479
0.000479
0.000479
0.000479
0.000479
0.000479
0.000798
0.007976
0.016112
0.016271
0.018345
0.023928
0.009093
0.000479
0.000479
0.000479
0.000479
0.000479
0.000479
0.000479
0.000479
0.005743
0.027278
0.044985
0.039881
0.039881
0.036690
0.015793
0.007976
0.014836
0.013081
0.007976
0.007976
0.012443
0.027438
0.035574
0.031905
0.036371
0.023928
0.037647
0.044666
0.044028
0.024566
0.022174
0.017707
0.022493
0.015155
0.007976
0.015952
0.015952
0.012124
0.000479
0.000638
0.020100
0.023928
0.023928
0.024247
0.006700
0.000638
0.007976
0.007976
0.007976
0.014676
0.018505
0.015952
0.034297
0.053121
0.048016
0.041476
0.025364
0.015952
0.015952
0.016271
0.007976
0.007976
0.004786
0.007976
0.007976
0.007976
0.005105
0.000479
0.000479
0.000479
0.000479
0.000479
0.000479
0.000479
0.000479
0.002393
0.013719
0.015952
0.015952
0.014038
0.007976
0.011167
0.008455
0.008933
0.015952
0.019781
0.015952
0.031107
0.033819
0.033819
0.039881
0.034138
0.024407
0.023131
0.023290
0.015952
0.010528
0.007976
0.005583
0.000479
0.000479
0.001436
0.007976
0.007976
0.007976
0.011645
0.022174
0.023928
0.023928
0.023131
0.016431
0.015952
0.023131
0.022652
0.019302
0.017547
0.023928
0.028236
0.033819
0.054876
0.048973
0.049931
0.044507
0.029512
0.020100
0.020897
0.015952
0.020578
0.015952
0.023131
0.019143
0.011326
0.007976
0.007976
0.013081
0.011167
0.014357
0.015952
0.017547
0.025205
0.022174
0.039243
0.036531
0.037647
0.043550
0.039881
0.035733
0.031585
0.025045
0.015952
0.015155
0.007976
0.015952
0.032862
0.035574
0.031905
0.020259
0.022174
0.030150
0.023928
0.028874
0.039881
0.033978
0.031905
0.028395
0.018664
0.008933
0.004307
0.000479
0.000479
0.000479
0.000479
0.000479
0.001595
0.013719
0.015952
0.015952
0.015952
0.015952
0.020100
0.018505
0.014836
0.007976
0.000479
0.000479
0.000479
0.000479
0.014995
0.016590
0.015952
0.023290
0.023928
0.021536
0.011645
0.015952
0.010369
0.008933
0.015952
0.015952
0.016112
0.011486
0.003350
0.000479
0.003031
0.011805
0.016112
0.013559
0.015952
0.015952
0.010369
0.006859
0.020100
0.028395
0.032383
0.023928
0.023928
0.030309
0.031905
0.039721
0.046262
0.047219
0.049771
0.075773
0.069392
0.075295
0.088216
0.109752
0.112623
0.082314
0.081038
0.062214
0.051685
0.050728
0.128575
0.314100
0.627243
0.688500
1.065292
1.082361
1.013767
0.937036
1.085871
1.015202
0.845949
0.766666
0.623734
0.683714
0.746726
0.758690
0.812768
0.740026
0.796337
0.828401
0.830794
0.731092
0.740026
0.604750
0.524191
0.515577
0.519246
0.438209
0.374878
0.475059
0.549556
0.576036
0.588320
0.808301
0.913746
0.896198
0.733964
0.758052
0.850894
0.882001
0.841482
0.949957
1.140587
1.025252
1.022381
1.038174
0.940546
0.790594
0.783735
0.887744
1.125751
1.168663
1.142023
0.965431
0.998931
0.747523
0.714183
0.543175
0.500742
0.664412
0.683555
0.656595
0.670314
0.685788
0.593105
0.641122
0.601400
0.651650
0.757573
0.708281
0.613205
0.674781
0.487182
0.364509
0.289534
0.171487
1.204715
1.358655
1.237417
1.115383
1.213808
1.272991
1.204237
0.788840
0.766347
0.696476
0.662817
0.566465
0.609536
0.569496
0.640643
0.732688
0.671590
0.800804
0.900346
1.111713
1.313510
1.281286
1.634469
1.822866
1.651060
1.622505
1.709126
1.504937
1.543701
1.586134
1.909805
1.976326
1.812497
1.759535
1.358974
1.322443
1.163877
0.961922
0.776556
0.657233
0.640962
0.515896
0.452247
0.432306
0.274858
0.183770
0.154737
0.143251
0.167339
0.196372
0.257310
0.485268
0.505368
0.558808
0.620384
0.777035
0.833665
0.887903
0.732050
0.963357
1.165792
1.261346
1.300588
1.421028
1.431397
1.462025
1.608946
2.023545
1.754271
1.653133
1.512913
1.592674
1.640531
1.637500
1.564917
1.533172
1.605755
1.451337
1.429802
1.637500
1.870084
1.851101
1.884122
1.774530
1.673393
1.237098
0.967824
1.001962
0.760285
0.723754
0.786287
0.970057
1.132611
1.199451
1.644838
1.838818
1.747571
1.839615
1.786175
1.362324
0.970217
0.958093
0.872429
0.820904
0.726626
0.791073
0.766506
0.791073
1.049500
1.204077
0.965431
1.056359
1.177915
1.216679
1.321805
1.427409
1.663662
1.856684
1.764002
1.603681
1.492973
1.286391
1.319572
1.649464
1.389123
1.429323
1.304895
1.548008
1.328983
1.449423
1.250977
1.260708
1.135961
1.141225
0.933846
0.941822
0.939908
1.095761
1.108044
1.000526
0.913905
0.890934
0.949798
0.959848
1.128623
1.308564
1.482125
1.455325
1.695247
2.050504
2.002488
1.984622
1.769266
1.621707
1.340469
0.984574
0.786128
0.692488
0.514939
0.709078
0.660105
0.726466
0.908960
1.112192
1.175204
1.317179
1.097675
1.041683
1.034026
1.048383
1.022540
1.017595
0.941822
1.008343
0.817554
0.856637
0.850415
0.778949
0.717054
0.890775
0.711790
0.721362
0.658829
0.684990
0.831911
1.111713
1.093528
1.187487
1.277936
1.484677
1.276500
1.187008
1.063059
0.848023
0.915501
0.654681
0.586405
0.855999
0.682119
0.850256
1.029400
1.187327
1.053488
0.981703
1.002440
0.888541
0.922360
1.158773
0.907684
0.940067
0.902260
0.913427
1.211256
1.298036
1.380350
1.702585
1.689505
1.586453
1.741509
1.555027
1.345574
1.290538
1.231355
1.069919
1.198813
1.344138
1.237896
1.225453
1.427249
1.323879
1.590601
1.604160
1.452454
1.483720
1.256560
1.047266
0.901941
0.962241
0.971493
0.877853
0.959848
0.968143
1.323400
1.073588
0.963517
1.040885
1.023019
0.987924
0.902420
0.958412
0.831751
0.904494
0.846746
0.538708
0.574282
0.308676
0.259065
0.224129
0.141337
0.199722
0.269912
0.286662
0.263212
0.215515
0.197330
0.184727
0.140859
0.083909
0.059023
0.036531
0.020100
0.012443
0.046262
0.081835
0.187918
0.386045
0.552906
0.711790
0.731571
0.655479
0.702378
0.710993
0.881682
0.747204
0.722319
0.792190
0.829837
0.903377
0.792030
0.711312
0.656436
0.647183
0.803197
0.598050
0.682917
0.732050
0.726785
0.644153
0.568858
0.448259
0.381578
0.344569
0.301657
0.230510
0.200680
0.209932
0.161437
0.167339
0.335795
0.321438
0.391947
0.390831
0.353662
0.394340
0.279005
0.239124
0.249334
0.234339
0.209932
0.246782
0.294957
0.282355
0.335636
0.310272
0.385407
0.361957
0.367859
0.299584
0.358607
0.384131
0.380781
0.371847
0.394500
0.410292
0.331329
0.393064
0.340740
0.301817
0.269912
0.328936
0.304529
0.286822
0.304688
0.242474
0.240720
0.193022
0.165585
0.214558
0.214877
0.234179
0.287300
0.291926
0.291607
0.342495
0.318407
0.256672
0.256991
0.306443
0.293681
0.307719
0.312345
0.289055
0.262415
0.247579
0.246622
0.226363
0.168615
0.118206
0.100021
0.112942
0.110390
0.108954
0.118685
0.140539
0.100021
0.121078
0.106721
0.119482
0.133201
0.149473
0.166701
0.193341
0.175475
0.144208
0.171327
0.166542
0.157289
0.141018
0.124428
0.132244
0.126023
0.123311
0.147878
0.142294
0.152025
0.168775
0.097468
0.111985
0.140380
0.175634
0.158087
0.173401
0.151706
0.147080
0.139423
0.124747
0.079283
0.029193
0.036531
0.044028
0.043231
0.050888
0.050728
0.061895
0.140061
0.157289
0.139901
0.138785
0.135594
0.131287
0.120599
0.092842
0.100021
0.095395
0.083271
0.089173
0.065245
0.068914
0.111506
0.117728
0.164149
0.158885
0.148994
0.156492
0.084387
0.048814
0.181537
0.169254
0.133361
0.109433
0.088695
0.166861
0.222534
0.231467
0.223651
0.157927
0.146761
0.137668
0.105444
0.083271
0.071626
0.055833
0.044028
0.044028
0.061097
0.074976
0.086142
0.086621
0.071785
0.086142
0.083909
0.086780
0.064607
0.055992
0.068276
0.075295
0.094437
0.100659
0.101935
0.108954
0.101297
0.083111
0.074497
0.091087
0.080240
0.062373
0.057747
0.071785
0.082792
0.079123
0.104009
0.105923
0.107678
0.123790
0.114537
0.159842
0.156332
0.172125
0.165744
0.156651
0.147239
0.117409
0.136551
0.146761
0.111187
0.090928
0.082952
0.076890
0.053759
0.051207
0.037647
0.031905
0.023450
0.007976
0.015314
0.021217
0.029033
0.037328
0.056152
0.073061
0.100978
0.109592
0.084068
0.063650
0.051207
0.040040
0.022333
0.016112
0.015952
0.012124
0.005424
0.000479
0.000479
0.000479
0.000479
0.001117
0.007976
0.007976
0.007976
0.007976
0.002233
0.000479
0.000479
0.000479
0.000798
0.016909
0.024726
0.024726
0.052483
0.066840
0.060459
0.065245
0.053440
0.053919
0.044188
0.024407
0.009093
0.011007
0.014198
0.007976
0.007976
0.010688
0.024726
0.035733
0.047857
0.052962
0.055195
0.042433
0.037966
0.024247
0.047697
0.039881
0.039881
0.032862
0.027916
0.014995
0.007976
0.022652
0.031426
0.042752
0.057109
0.054238
0.047538
0.039083
0.040359
0.035574
0.024726
0.018824
0.015952
0.012921
0.000479
0.002233
0.007976
0.014676
0.018983
0.036371
0.047378
0.052642
0.047857
0.051845
0.058226
0.055354
0.043231
0.045783
0.066042
0.060140
0.060300
0.059981
0.071626
0.066840
0.043231
0.048973
0.053919
0.051685
0.054876
0.059981
0.064766
0.059183
0.050888
0.053919
0.034776
0.030788
0.068595
0.064607
0.058864
0.052802
0.052642
0.055195
0.068435
0.055833
0.050569
0.036850
0.014836
0.012921
0.023928
0.038924
0.061576
0.090290
0.089014
0.069392
0.057747
0.049133
0.046740
0.045145
0.020738
0.007976
0.022971
0.041954
0.044188
0.039881
0.046581
0.031745
0.023928
0.023928
0.031745
0.034935
0.032702
0.023928
0.031266
0.038285
0.050569
0.047857
0.041157
0.023290
0.016271
0.014357
0.012283
0.007976
0.016909
0.026800
0.031905
0.032862
0.031905
0.026800
0.026481
0.022174
0.022652
0.031905
0.026162
0.023928
0.019302
0.015952
0.009093
0.001914
0.000479
0.000479
0.000479
0.000479
0.007976
0.007976
0.007976
0.007976
0.003669
0.001595
0.007976
0.009731
0.015952
0.015952
0.015952
0.015952
0.007657
0.014517
0.015952
0.030947
0.031905
0.040678
0.037966
0.032383
0.023928
0.021536
0.014038
0.010369
0.024247
0.023928
0.023928
0.016909
0.020259
0.018983
0.007976
0.007976
0.015314
0.016271
0.017707
0.020897
0.007976
0.007976
0.007976
0.002712
0.002074
0.007976
0.007976
0.019302
0.015952
0.024726
0.031905
0.032862
0.027438
0.039562
0.033340
0.036371
0.035414
0.029033
0.030150
0.033181
0.042433
0.025843
0.016590
0.010528
0.007976
0.013240
0.017228
0.029352
0.032862
0.024886
0.023928
0.015952
0.011167
0.007976
0.004467
0.000479
0.000479
0.000479
0.000479
0.034457
0.076571
0.111985
0.139582
0.167499
0.179942
0.181856
0.150908
0.130649
0.123471
0.112783
0.100499
0.073380
0.071626
0.082792
0.124109
0.131606
0.159682
0.160639
0.251727
0.344090
