0.114451
0.107418
0.137981
0.182227
0.186383
0.160914
0.106160
0.097678
0.027345
0.078198
0.135444
0.135167
0.118906
0.099340
0.108142
0.217606
0.270313
0.313856
0.273148
0.182525
0.172891
0.142691
0.098786
0.098019
0.117307
0.169695
0.167457
0.167734
0.190560
0.250919
0.255629
0.171719
0.145270
0.162469
0.163812
0.104604
0.061808
0.068713
0.068202
0.018734
0.003197
0.041411
0.112703
0.176557
0.169460
0.125939
0.057630
0.050405
0.090708
0.114345
0.152239
0.155202
0.083632
0.080457
0.075192
0.080990
0.078432
0.071100
0.123040
0.152751
0.145035
0.128454
0.099830
0.079540
0.059677
0.056501
0.112533
0.177261
0.205884
0.254819
0.250364
0.216285
0.178092
0.124085
0.105393
0.161233
0.359018
0.458636
0.501368
0.392373
0.305288
0.235893
0.135999
0.103795
0.338920
0.504075
0.538197
0.472510
0.376623
0.421295
0.423959
0.352965
0.341051
0.273383
0.230202
0.194034
0.077686
0.084528
0.101194
0.120291
0.108462
0.110061
0.089728
0.151514
0.185424
0.279606
0.347573
0.283783
0.245207
0.168075
0.242585
0.225449
0.185125
0.111702
0.095355
0.106246
0.070972
0.075832
0.108761
0.109933
0.137235
0.147870
0.173147
0.280437
0.336895
0.338281
0.317692
0.307995
0.301729
0.148595
0.172039
0.110380
0.079647
0.075470
0.083675
0.153880
0.227155
0.240092
0.182802
0.108228
0.066838
0.122955
0.188898
0.193544
0.267926
0.331077
0.369057
0.251110
0.256844
0.253966
0.345399
0.428350
0.569549
0.563389
0.472660
0.389411
0.318289
0.454160
0.422894
0.416329
0.276089
0.273276
0.252347
0.283826
0.199128
0.166220
0.264516
0.385191
0.441628
0.485383
0.515499
0.502455
0.472404
0.330715
0.266648
0.220547
0.249981
0.224831
0.256737
0.247999
0.327539
0.316115
0.332697
0.391372
0.415775
0.291264
0.309231
0.358464
0.359977
0.293587
0.296315
0.320250
0.363537
0.365647
0.413388
0.452945
0.618952
0.705824
0.765053
0.678139
0.532166
0.492182
0.343098
0.302986
0.332398
0.539945
0.624110
0.733851
0.594549
0.525090
0.492673
0.422425
0.528969
0.391606
0.355331
0.296699
0.198744
0.227602
0.140602
0.130457
0.146527
0.138535
0.204009
0.208101
0.285275
0.273510
0.246294
0.212832
0.203795
0.225918
0.182610
0.343247
0.503734
0.555546
0.458678
0.295910
0.223489
0.168267
0.068351
0.096058
0.183633
0.191263
0.214090
0.157589
0.222828
0.356376
0.336831
0.259593
0.198488
0.244631
0.351985
0.362151
0.344483
0.366393
0.456760
0.859385
0.856124
0.954228
0.483551
0.272082
0.138087
0.076493
0.093500
0.147017
0.174810
0.255565
0.488346
0.524003
0.559254
0.392459
0.374342
0.382271
0.355672
0.384360
0.370677
0.383742
0.486769
0.543376
0.479203
0.333741
0.323170
0.536727
0.674430
0.735705
0.594549
0.492076
0.388942
0.234167
0.154839
0.202474
0.295164
0.374982
0.358656
0.343673
0.227496
0.165752
0.143245
0.072400
0.087341
0.196144
0.278476
0.315753
0.249427
0.301878
0.259209
0.260445
0.218075
0.407591
0.457527
0.559617
0.755484
0.977012
0.945298
0.648300
0.739947
1.203591
1.368873
1.315399
0.819274
0.569186
0.195888
0.086808
0.147721
0.162171
0.422233
0.820531
0.952331
0.856060
0.341904
0.352688
0.588560
0.624366
0.649814
0.643825
0.628969
0.516927
0.131075
0.097294
0.170014
0.286639
0.443887
0.600964
0.742675
0.860578
0.863669
0.706826
0.592013
0.541735
0.468418
0.503691
0.509638
0.601007
0.548172
0.464326
0.551539
0.749324
0.788306
0.621126
0.549834
0.685811
0.881764
1.035708
0.799964
0.659554
0.557827
0.477157
0.555930
0.511023
0.500708
0.318353
0.335808
0.537835
0.686238
0.584042
0.689840
0.840118
0.791183
0.744998
1.027268
1.269022
1.479147
1.056488
0.958405
0.928375
0.830996
0.877309
0.815544
0.798131
0.710279
0.687985
0.956551
1.145832
1.259196
1.250714
1.362820
1.260923
1.186625
1.079527
0.925583
0.755740
0.697661
0.780740
0.702542
0.512558
0.238749
0.305224
0.468759
0.534723
0.464497
0.366457
0.286746
0.304905
0.542140
0.695360
0.739627
0.546680
0.617695
0.939458
0.994765
1.094809
0.724942
1.082277
1.414910
2.442689
4.844180
5.438771
5.303860
2.207350
2.495417
2.615218
1.819644
0.702436
0.364816
0.524940
0.595210
0.624408
0.582315
0.539156
0.584724
0.573598
0.558082
0.474386
0.666885
1.194277
1.309197
1.171770
0.661792
0.607742
0.535426
0.537174
0.438367
0.456653
0.495379
0.652030
0.660001
0.690628
0.632294
0.522170
0.357846
0.204030
0.240688
0.259913
0.450856
0.720573
0.891418
1.379146
1.508389
1.896414
1.950144
1.843046
1.007148
0.746788
0.556462
0.632230
0.527583
0.424897
0.469654
0.523214
0.530247
0.439774
0.439965
0.596382
0.730292
0.851329
0.744273
0.673386
0.542289
0.439518
0.276473
0.484467
0.592098
0.576646
0.501432
0.508338
0.543419
0.490008
0.441820
0.525622
0.565712
0.520273
0.612835
0.573172
0.640883
0.624408
0.671041
0.652968
0.581761
0.562814
0.499812
0.465456
0.499770
0.503095
0.430758
0.410852
0.522596
0.471807
0.346955
0.219098
0.147486
0.177879
0.179136
0.191647
0.190347
0.237555
0.237321
0.201174
0.162320
0.197913
0.289623
0.353157
0.490179
0.620039
0.625027
0.545294
0.462856
0.792419
0.939863
1.104421
0.840416
0.741566
0.721532
0.751924
0.635385
0.644123
0.638987
0.685065
0.720850
0.888413
0.946108
1.156851
1.243872
1.411521
1.825420
1.529723
1.494152
1.299691
1.132831
0.863541
0.320079
0.243097
0.405353
0.680227
0.822662
0.861815
0.775625
1.146493
1.389547
1.344513
0.753715
0.595316
0.758681
0.979782
0.945788
0.745147
0.599408
0.848132
1.372539
1.909884
2.250722
2.529902
2.137379
1.844645
1.150542
0.949198
1.138202
1.078654
1.064949
1.067613
1.270066
1.765765
1.868046
1.840957
1.600695
1.436883
1.139779
1.028120
1.120598
1.190824
0.742184
0.375493
0.309849
0.467395
0.929249
1.180786
1.243617
1.105849
0.843805
0.629971
0.666566
0.735108
0.767185
0.646020
0.472319
0.361853
0.377774
0.837283
1.388460
1.594749
1.240334
0.781507
0.614541
0.519229
0.825710
1.417361
1.713761
1.556087
1.121365
0.796106
1.063884
1.077524
1.077439
0.966909
0.893720
1.233408
1.343596
1.346580
1.149072
1.025882
1.239290
1.378358
1.276545
0.876712
0.739009
0.757040
0.904164
0.905975
0.748855
0.758297
0.813604
1.138565
1.145683
0.797172
0.625964
0.457463
0.586535
0.628671
0.785152
1.091122
1.285752
1.356064
1.218126
0.973261
0.783766
0.565478
0.562238
0.680270
0.775305
0.563794
0.424002
0.575410
0.835834
0.902032
0.845361
0.621062
0.540691
0.457613
0.243352
0.222700
0.333826
0.424449
0.478926
0.433039
0.491287
0.495763
0.448086
0.392054
0.324150
0.204222
0.273660
0.362407
0.438026
0.417267
0.318289
0.258527
0.266946
0.245867
0.369504
0.454245
0.474386
0.420570
0.344632
0.468845
0.707465
0.818784
0.802863
0.613773
0.565052
0.374193
0.301196
0.197679
0.137427
0.140773
0.225449
0.230671
0.293374
0.568419
0.695381
0.743463
0.591480
0.634319
0.854888
0.804291
0.514795
0.319632
0.294909
0.299939
0.388494
0.425686
0.408656
0.445017
0.342757
0.366393
0.390967
0.414368
0.478990
0.598236
0.676711
0.685001
0.605546
0.355907
0.331269
0.374875
0.359381
0.436427
0.476943
0.480119
0.408614
0.313707
0.249384
0.275109
0.261213
0.341329
0.265966
0.554544
0.821874
0.850114
0.721425
0.520848
0.491074
0.413537
0.297189
0.262129
0.398831
0.442864
0.518738
0.393034
0.421359
0.343204
0.133057
0.203433
0.278391
0.606058
0.892953
0.924198
0.747193
0.366180
0.299406
0.286895
0.352433
0.457506
0.521147
0.445997
0.404245
0.399961
0.250769
0.315241
0.285147
0.297168
0.149404
0.078858
0.066774
0.083334
0.091646
0.127452
0.169481
0.312343
0.369547
0.410234
0.368353
0.287385
0.388324
0.580141
0.636749
0.609596
0.461300
0.440051
0.434509
0.636983
1.377441
1.580683
1.487097
0.369291
0.270271
0.352283
0.342501
0.311533
0.328114
0.359466
0.398149
0.287662
0.279371
0.255842
0.377582
0.425409
0.464134
0.371614
0.292735
0.377625
0.356738
0.322019
0.188812
0.214239
0.307185
0.333379
0.271422
0.287470
0.344675
0.299384
0.342501
0.296571
0.268523
0.099617
0.026215
0.009463
0.032055
0.113151
0.129839
0.109933
0.087106
0.046846
0.101003
0.173339
0.223915
0.185445
0.071654
0.067946
0.076301
0.088982
0.065943
0.052046
0.045333
0.074425
0.135295
0.161617
0.117605
0.071995
0.094459
0.098040
0.105926
0.126621
0.169929
0.155266
0.123403
0.160700
0.171357
0.112512
0.088066
0.062234
0.054327
0.047123
0.036637
0.029732
0.017796
0.022890
0.051450
0.058611
0.089216
0.082226
0.112703
0.172124
0.177133
0.137682
0.112810
0.076897
0.084826
0.075533
0.093138
0.148531
0.178646
0.172359
0.115922
0.123253
0.107183
0.107162
0.107141
0.147508
0.131821
0.079796
0.039557
0.005243
0.000639
0.029625
0.099639
0.111979
0.144098
0.126855
0.151365
0.084911
0.065026
0.119929
0.128028
0.120888
0.089792
0.042583
0.033035
0.029668
0.037895
0.035167
0.049489
0.059677
0.067179
0.069523
0.091390
0.093969
0.096463
0.092840
0.082204
0.059677
0.122443
0.183505
0.199149
0.128305
0.083206
0.049936
0.032247
0.075640
0.117222
0.105777
0.070482
0.032204
0.013427
0.000639
0.000639
0.000639
0.000959
0.008568
0.039514
0.067093
0.073807
0.090730
0.078283
0.048764
0.018500
0.054583
0.103027
0.128113
0.078240
0.060231
0.028794
0.079732
0.099383
0.103027
0.075512
0.045184
0.017285
0.007886
0.000639
0.013108
0.139856
0.220484
0.268182
0.238621
0.273787
0.284401
0.337556
0.268353
0.148680
0.076748
0.105883
0.120547
0.095141
0.082141
0.095930
0.081416
0.135807
0.154989
0.198595
0.162150
0.095994
0.111574
0.108142
0.111766
0.060636
0.113535
0.134848
0.186894
0.237534
0.235594
0.200641
0.137661
0.144481
0.109933
0.137895
0.170995
0.185338
0.128006
0.098040
0.132930
0.153688
0.116007
0.047656
0.051833
0.156267
0.217969
0.259785
0.239239
0.163983
0.153880
0.130606
0.116668
0.187043
0.188045
0.160082
0.050427
0.094054
0.190368
0.194055
0.329116
0.424385
0.436470
0.255053
0.092094
0.074915
0.055243
0.017477
0.025171
0.090367
0.115495
0.157035
0.215816
0.234294
0.250215
0.209678
0.222721
0.216754
0.159336
0.103411
0.160104
0.259742
0.320953
0.215539
0.203604
0.158292
0.139984
0.117819
0.096207
0.138087
0.115730
0.112277
0.058739
0.058654
0.049361
0.070461
0.217606
0.284103
0.311043
0.247615
0.189025
0.154839
0.141391
0.117115
0.110082
0.078091
0.129967
0.154200
0.201153
0.167840
0.108888
0.083014
0.198126
0.212065
0.330992
0.386129
0.420229
0.321891
0.234508
0.200002
0.253434
0.230479
0.183527
0.194929
0.192393
0.150065
0.144545
0.187768
0.226536
0.245484
0.208484
0.186106
0.191967
0.227645
0.246400
0.266541
0.232611
0.294099
0.344014
0.355672
0.348745
0.480204
0.596638
0.593334
0.507592
0.264388
0.369142
0.575452
0.862710
1.450993
1.396325
1.371623
1.030209
1.172324
1.173816
1.193765
1.023261
0.790224
0.540179
0.431994
0.395805
0.339538
0.564093
0.686088
0.858170
1.059877
1.356043
1.320067
0.922344
0.240667
0.256119
0.331674
0.370272
0.659085
1.064885
1.385881
1.337607
0.806486
0.792014
0.713071
0.641267
0.458891
0.193544
0.243502
0.304649
0.393588
0.571573
0.887539
0.890545
0.810152
0.610726
0.621808
0.635513
0.660470
0.729290
0.861495
0.814095
0.708084
0.772236
0.814968
1.079272
0.933149
0.943763
0.607422
0.412770
1.003227
1.342573
1.448350
0.970937
0.821554
0.653863
0.660896
0.740714
0.714627
0.410660
0.312535
0.342629
0.478222
0.548939
0.738817
0.797939
0.792227
0.566586
0.432698
0.463985
0.494974
0.535256
0.612452
0.643420
0.689733
0.805228
0.857296
1.036795
0.960174
0.672235
0.417437
0.352902
0.423256
0.616778
1.146514
1.233877
0.968145
0.435106
0.271123
0.197593
0.152260
0.169417
0.378690
0.423874
0.424172
0.308464
0.473960
0.570486
0.445080
0.393993
0.384210
0.500345
0.448682
0.423789
0.416628
0.434957
0.462195
0.383059
0.437578
0.451751
0.413665
0.398043
0.372382
0.298404
0.190816
0.124660
0.131779
0.196187
0.313856
0.506696
0.540904
0.535959
0.417864
0.407143
0.491308
0.656421
0.700858
0.544591
0.320548
0.203902
0.141774
0.153923
0.210232
0.192670
0.291733
0.370059
0.486513
0.553116
0.559638
0.523491
0.496189
0.411981
0.431568
0.390455
0.638859
0.887710
0.939458
0.710641
0.328242
0.411832
0.609681
0.711749
0.631996
0.689754
0.923836
1.023431
0.890161
0.676924
0.723365
0.793101
0.790480
0.803374
0.839393
0.781464
0.512941
0.356589
0.386320
0.722235
0.949155
1.027779
0.929952
0.887134
0.735151
0.728288
0.710577
0.778331
0.524301
0.390263
0.220228
0.203135
0.140709
0.209678
0.254563
0.318673
0.369632
0.386384
0.389539
0.352028
0.299299
0.299917
0.227197
0.268566
0.193309
0.165347
0.136063
0.203646
0.389944
0.484893
0.466436
0.290199
0.290625
0.181438
0.207802
0.195270
0.203774
0.267948
0.291605
0.361896
0.595039
0.659809
0.658595
0.350642
0.357974
