0.294398
0.295142
0.295445
0.343906
0.463805
0.424552
0.471037
0.632956
0.771040
1.072182
1.014162
0.827547
0.692836
0.722741
0.654885
0.428761
0.310118
0.330535
0.400019
0.474804
0.463131
0.523080
0.472665
0.412599
0.301537
0.312537
0.470991
0.554799
0.562263
0.439365
0.253331
0.152176
0.180476
0.317908
0.474200
0.614958
0.485850
0.434761
0.414785
0.470409
0.321768
0.504802
0.673093
0.759878
0.631724
0.503570
0.566705
0.504802
0.452341
0.387903
0.428901
0.316164
0.194591
0.480176
0.748181
0.727903
0.511476
0.319397
0.200265
0.408995
0.590680
0.677000
0.566845
0.420064
0.313095
0.274004
0.287655
0.453411
0.514034
0.521917
0.474479
0.613632
0.633003
0.582960
0.713090
0.769435
0.831361
0.576797
0.409995
0.405972
0.453108
0.727113
0.796061
0.729484
0.533684
0.392647
0.367626
0.489757
0.602912
0.597308
1.144293
1.368371
1.372254
1.040021
0.511569
0.598238
0.870242
0.815502
0.679604
0.558054
0.551520
0.496198
0.454550
0.337465
0.466689
0.548288
0.528754
0.468875
0.298305
0.290771
0.218055
0.171639
0.205102
0.298189
0.430831
0.483967
0.649420
1.171942
5.812110
5.844317
5.312842
2.028464
1.606889
1.334652
1.156036
0.893008
0.752460
0.730577
0.710067
0.725461
0.473711
0.477339
0.708416
0.850406
1.183662
1.015348
0.939307
0.690859
0.592354
0.487059
0.904565
0.969933
1.020325
0.792945
0.561845
0.520243
0.318280
0.264121
0.206893
0.269563
0.390833
0.843058
0.952957
0.943609
0.541800
0.595145
1.099040
1.220404
1.206568
1.037091
0.857592
0.669303
0.430552
0.412251
0.369719
0.738995
0.837314
0.913100
0.732461
0.560310
0.631073
0.706858
0.717741
0.727136
0.755320
0.763947
0.531103
0.399484
0.510709
0.515290
0.485757
0.289980
0.262424
0.289492
0.490710
0.645397
0.699114
0.547753
0.437505
0.206242
0.353976
0.372277
0.489013
0.505570
0.495222
0.482222
0.464712
0.504012
0.576332
0.762761
0.732089
0.691510
0.598331
0.575774
0.669489
1.009651
1.337652
1.756018
1.394206
1.162222
0.851034
0.643769
0.576472
0.344348
0.283585
0.314955
0.354534
0.426389
0.529568
0.560589
0.508616
0.650909
0.616934
0.775900
0.673558
0.708277
0.625166
0.666605
0.720950
0.707998
0.860289
1.071624
1.206405
1.142247
0.981304
0.624841
0.571100
0.610981
0.769551
0.829710
0.754390
0.682906
0.594098
0.664745
0.625515
0.455620
0.421622
0.603261
0.617841
0.614120
0.736810
0.704230
0.723717
1.244821
1.397415
1.233287
0.683023
0.459550
0.501244
0.523103
0.536451
0.593540
0.534940
0.479246
0.442853
0.533010
0.695929
0.792689
0.816851
0.881753
0.852732
0.928913
0.860615
0.799015
0.593866
0.647281
0.624817
0.705812
0.836826
0.669582
0.587657
0.424529
0.277376
0.254866
0.174848
0.169012
0.175197
0.221520
0.564031
0.653769
0.655862
0.386415
0.122480
0.039602
0.057624
0.068600
0.091598
0.112783
0.110690
0.140409
0.185080
0.212613
0.350906
0.362115
0.692673
0.624259
0.516057
0.292933
0.324536
0.325187
0.246123
0.281771
0.485153
0.643118
0.507942
0.372230
0.284073
0.338511
0.256912
0.140153
0.134781
0.166314
0.162361
0.109644
0.191382
0.258308
0.286376
0.233775
0.189336
0.132828
0.159919
0.165500
0.149990
0.160221
0.222357
0.333721
0.308421
0.287980
0.218566
0.196219
0.186615
0.210730
0.185266
0.136618
0.067344
0.057740
0.068902
0.218427
0.320978
0.333814
0.200312
0.142758
0.112295
0.133433
0.096040
0.105528
0.207125
0.248983
0.259168
0.271679
0.179871
0.207986
0.268586
0.253657
0.199707
0.084669
0.122619
0.282446
0.262284
0.155152
0.063647
0.079181
0.128503
0.158361
0.166593
0.108620
0.094528
0.130386
0.277516
0.313792
0.298979
0.260935
0.121178
0.078088
0.085994
0.120596
0.244704
0.302886
0.258819
0.209869
0.191243
0.182359
0.118131
0.232682
0.278771
0.299375
0.318025
0.281632
0.268633
0.174569
0.068321
0.063693
0.102737
0.107016
0.104039
0.181057
0.127991
0.147618
0.145943
0.142595
0.110341
0.124643
0.143339
0.158454
0.166826
0.174197
0.156245
0.143176
0.115108
0.076902
0.108504
0.083064
0.111643
0.107713
0.061275
0.141525
0.200847
0.347464
0.307746
0.197451
0.077250
0.067158
0.086854
0.117387
0.141432
0.109062
0.052461
0.032905
0.065112
0.075204
0.077785
0.071646
0.070274
0.103993
0.129968
0.165384
0.222543
0.218380
0.261075
0.248518
0.211613
0.177383
0.092087
0.067530
0.106737
0.128828
0.117945
0.041486
0.037579
0.062345
0.077250
0.078064
0.091854
0.073762
0.070949
0.061810
0.107155
0.154547
0.142130
0.085901
0.038951
0.083622
0.070693
0.062972
0.038276
0.082738
0.125038
0.156338
0.192126
0.166965
0.151338
0.074158
0.104690
0.108458
0.101342
0.105063
0.163082
0.216125
0.288957
0.363161
0.407925
0.294073
0.238193
0.203195
0.203219
0.142037
0.103086
0.100691
0.097272
0.195870
0.310769
0.346488
0.351255
0.234891
0.337256
0.445179
0.534079
0.491780
0.365370
0.304607
0.222892
0.126549
0.043509
0.107272
0.279678
0.412437
0.479665
0.489013
0.556543
0.545986
0.564124
0.737809
0.984862
0.953469
1.105575
1.168152
1.150107
0.931424
0.761366
0.949725
0.987095
0.948423
0.981467
0.934284
0.948260
0.832012
0.716462
0.698254
0.511267
0.298933
0.210985
0.235960
0.234263
0.279004
0.260354
0.428831
0.546869
0.516197
0.539660
0.427622
0.383322
0.379206
0.344348
0.428622
0.365161
0.457434
0.571309
0.791969
1.040393
0.912728
0.762343
0.478246
0.328117
0.442690
0.610330
1.009721
0.923285
0.945795
0.766110
0.766947
0.652676
0.460526
0.500989
0.424738
0.394763
0.350278
0.392461
0.414762
0.398670
0.490734
0.555659
0.591843
0.733600
0.758157
0.722508
0.663326
0.612865
0.644397
0.478200
0.564566
0.482827
0.467107
0.516011
0.532568
0.628305
0.674046
0.679674
0.537684
0.456689
0.462735
0.650095
0.668814
0.632793
0.378369
0.458294
0.573751
0.681813
0.486315
0.395903
0.305700
0.322559
0.276283
0.260982
0.300630
0.315420
0.311862
0.173314
0.233914
0.299584
0.273097
0.307769
0.325675
0.511686
0.889078
1.238635
1.351930
1.043021
1.098157
1.137061
1.801178
2.083577
2.128876
1.599936
1.176523
0.858150
0.776156
0.778574
0.672860
0.731973
1.035301
0.866405
0.796596
0.617934
0.653257
0.617329
0.724252
0.946842
1.002140
0.801712
0.727252
0.790992
1.523360
1.696720
1.747647
1.120109
0.909751
1.180500
1.185360
1.018325
0.931564
0.715439
0.648281
0.604749
0.585820
0.503872
0.379392
0.274307
0.469735
0.670605
0.671465
0.541963
0.263098
0.257285
0.310002
0.441760
0.492547
0.828129
1.839547
1.918053
1.590216
1.053044
0.776458
0.725229
0.639235
0.653676
0.755297
0.969956
1.012395
1.066787
0.783690
0.592750
0.540009
0.430900
0.417157
0.418599
0.368463
0.411530
0.742484
0.852918
1.119644
1.379114
1.420460
1.106458
0.738205
0.495663
0.375718
0.518685
0.563915
0.600424
0.524034
0.493012
0.590215
0.579541
0.618748
0.591703
0.867777
1.571008
1.679582
1.612354
1.119388
0.795596
0.431156
0.296910
0.351464
0.493687
0.621259
0.611469
0.433575
0.261517
0.160966
0.205846
0.369858
0.429598
0.571147
0.458573
0.463596
0.519336
0.486990
0.465410
0.418204
0.575658
0.593006
0.614771
0.733926
0.733624
0.755180
0.671093
0.667605
0.729508
0.804479
0.781225
0.683813
0.502733
0.311072
0.337721
0.378439
0.452015
0.461038
0.411483
0.346464
0.488850
0.586959
0.614074
0.369091
0.355185
0.383113
0.416925
0.401344
0.563101
0.560403
0.626352
0.978491
2.239473
2.491712
2.386579
0.602191
0.463387
0.398391
0.172058
0.158640
0.443132
0.561450
0.668093
0.791271
0.891404
1.108365
1.171919
1.019557
0.853336
0.753250
0.826013
1.170919
1.386579
1.275517
1.129457
0.609167
0.730298
0.779086
0.789387
0.607516
0.716439
0.788573
0.918146
0.830501
0.716323
0.550869
1.502501
1.819711
1.925053
1.301515
0.808572
0.724764
0.581774
0.349790
0.244123
0.145432
0.230124
0.406437
0.738623
0.927448
0.996303
0.902845
0.944539
0.941540
1.191290
1.195313
1.237868
1.046835
0.817199
0.994489
1.488827
1.691255
1.641701
1.351651
1.212428
1.122550
1.264750
1.295515
1.218823
1.568543
1.604354
1.997932
1.650119
1.057020
1.091436
0.897659
0.918378
0.758366
0.560752
0.421041
0.365719
0.648513
0.698905
1.443110
1.798713
2.114203
1.797178
1.754786
1.434110
1.343837
0.686115
0.472758
0.266214
0.266958
0.232775
0.383113
1.453388
2.433623
2.649212
2.208219
2.097692
2.017907
1.803503
1.007837
1.071089
0.975747
0.950051
0.770598
0.899845
1.117760
1.356232
1.597750
2.044719
2.195174
2.340931
2.435111
2.118854
1.781133
0.870451
0.424552
0.095993
0.054694
0.096482
0.292654
0.552566
0.604702
0.638072
0.531638
0.422343
0.326210
0.573937
1.118876
1.106482
1.054322
0.801828
0.680209
0.593773
0.691580
0.768133
0.753739
0.565938
0.369393
0.377369
0.602610
0.839733
0.978281
1.407903
2.164897
2.238845
1.859337
1.029301
0.676116
0.451318
0.303212
0.286748
0.491966
0.651792
0.715509
0.487362
0.392252
0.395973
0.641002
0.911193
1.649049
2.140666
2.136829
1.640003
1.675652
1.886637
1.881893
1.563706
0.980909
0.715927
0.526615
0.809874
0.803712
0.837593
0.831268
1.136735
1.122992
0.966747
0.609214
0.559985
0.847709
1.154176
1.394764
1.217009
0.870196
0.831268
1.043230
1.172803
1.085367
0.756599
0.584774
0.647188
1.062461
1.111853
0.963794
0.580541
0.637328
0.775342
0.885776
0.866777
1.266610
1.213753
1.231124
0.918960
0.928308
0.807316
0.925099
1.134689
1.117062
1.041114
0.750506
0.771179
1.188104
1.803806
1.733276
1.259099
0.820339
0.634421
0.791573
1.064973
1.307445
1.525429
1.744228
1.583286
1.422995
1.404577
1.225287
1.081414
0.956073
1.016976
1.106226
1.429111
1.665513
1.741531
1.761715
1.772412
1.446365
1.082623
0.924494
0.929680
0.810037
0.747251
0.854848
0.892450
0.819199
0.750367
0.648653
0.560589
0.568519
0.858662
1.389113
2.222242
2.442785
2.071485
1.601959
1.332792
1.467131
1.464178
1.816061
2.261983
2.436157
2.100041
1.994118
1.715463
1.704487
1.282260
1.178616
1.187406
1.149851
1.131596
1.253820
1.524430
1.860058
1.577031
1.108644
0.650095
0.537870
0.814130
0.885613
0.652908
0.377625
0.634956
0.746832
0.912983
0.701347
0.494570
0.206265
0.076506
0.102993
0.397693
0.710370
0.930517
0.806386
0.949958
1.068159
1.262378
1.265587
1.245356
1.117853
0.869428
0.819222
0.789876
0.801200
0.751785
0.639630
0.562333
0.469433
0.573425
1.013093
1.361394
1.334233
1.259983
0.996024
0.776946
1.035766
1.523034
1.790597
1.844640
2.398625
2.451086
2.289586
1.156664
0.700835
0.459573
0.170500
0.000419
0.000419
0.000419
0.000419
0.000419
0.000419
0.000419
0.000419
0.000419
0.000419
0.000419
0.000419
0.000419
0.000419
0.000419
0.000419
0.000419
0.000419
0.000419
0.000419
0.000419
0.000419
0.000419
0.000419
0.000419
0.000419
0.000419
0.000419
0.000419
0.000419
0.000419
0.000419
0.000419
0.000419
0.000419
0.000419
0.000419
0.000419
0.000419
0.000419
0.000419
0.000419
0.000419
0.000419
0.000419
0.000419
0.000419
0.000419
0.000419
0.000419
0.000419
0.000419
0.000419
0.000419
0.000419
0.000419
0.000419
0.000419
0.000419
0.000419
0.000419
0.000419
0.000419
0.000419
0.000419
0.000419
0.000419
0.000419
0.000419
0.000419
0.000419
0.000419
0.000419
0.000419
0.000419
0.000419
0.000419
0.000419
0.000419
0.000419
0.000419
0.000419
0.000419
0.000419
0.000419
0.000419
0.000419
0.000419
0.000419
0.000419
0.000419
0.000419
0.000419
0.000419
0.000419
0.000419
0.000419
0.000419
0.000419
0.000419
0.000419
0.000419
0.000419
0.000419
0.000419
0.000419
0.000419
0.000419
0.000419
0.000419
0.000419
0.000419
0.000419
0.000419
0.000419
0.000419
0.000419
0.000419
0.000419
0.000419
0.000419
0.000419
0.000419
0.000419
0.000419
0.000419
0.000419
0.000419
0.000419
0.000419
0.000419
0.000419
0.000419
0.000419
0.000419
0.000419
0.000419
0.000419
0.000419
0.000419
0.000419
0.000419
0.000419
0.000419
0.000419
0.000419
0.000419
0.000419
0.000419
0.000419
0.000419
0.000419
0.000419
0.000419
0.000419
0.000419
0.000419
0.000419
0.000419
0.000419
0.000419
0.000419
0.000419
0.000419
0.000419
0.000419
0.000419
0.000419
0.000419
0.000419
0.000419
0.000419
0.000419
0.000419
0.000419
0.000419
0.000419
0.000419
0.000419
0.000419
0.000419
0.000419
0.000419
0.000419
0.000419
0.000419
0.000419
0.000419
0.000419
0.000419
0.000419
0.000419
0.000419
0.000419
0.000419
0.000419
0.000419
0.000419
0.000419
0.000419
0.000419
0.000419
0.000419
0.000419
0.000419
0.000419
0.000419
0.000419
0.000419
0.000419
0.000419
0.000419
0.000419
0.000419
0.000419
0.000419
0.000419
0.000419
0.000419
0.000419
0.000419
0.000419
0.000419
0.000419
0.000419
0.000419
0.000419
0.000419
0.000419
0.000419
0.000419
0.000419
0.000419
0.000419
0.000419
0.000419
0.000419
0.000419
0.000419
0.323954
1.034231
1.191894
1.618911
1.514965
1.359418
0.870707
0.895380
1.061927
1.036277
1.135573
1.038905
1.068042
1.204289
1.682326
1.778552
1.778645
1.359255
1.729136
1.946028
2.429460
1.951167
1.484014
1.199731
1.419623
1.469015
2.049742
2.156223
1.902729
1.001466
0.892659
1.031487
1.438156
1.779319
1.499245
1.059159
0.532684
0.508523
0.841453
0.808735
0.975560
0.641165
0.986792
0.915518
0.928959
0.626027
0.468758
0.506314
0.641584
0.579332
0.541916
0.774272
1.085274
1.247123
1.256006
1.275051
1.174430
1.472456
1.596285
1.675628
1.454760
0.673721
0.398949
0.796503
1.055834
1.338349
1.073926
0.775528
0.882381
0.943935
0.935656
0.791899
0.783202
0.886427
1.093390
1.327606
1.443389
1.247053
0.952050
0.699045
0.610702
0.802596
1.166873
1.232822
1.106877
0.964910
0.843081
0.722159
0.595750
1.049044
1.248495
1.537754
1.633957
1.961399
1.587146
1.070461
0.826943
1.126852
1.141782
1.077763
1.070205
1.272005
1.210242
1.450435
1.457202
1.267122
0.961864
0.758017
0.848848
0.881776
1.329048
1.534475
1.496734
0.966747
0.552543
0.718346
0.976956
1.112179
1.339233
1.500873
1.529429
1.385509
1.389044
1.374021
1.515174
1.350302
1.035417
0.897798
0.840593
0.946330
0.977909
0.850360
0.638398
0.615725
0.620748
0.690278
0.756343
0.669140
0.475804
0.334768
0.217892
0.229170
0.401670
1.127387
1.683558
1.652444
1.244519
0.954329
0.845035
0.735461
0.769691
0.793968
0.822594
0.778504
0.862615
0.773412
0.787736
0.673070
0.725182
0.556752
0.545451
0.512616
0.327024
0.160431
0.113667
0.210613
0.668907
0.969468
1.140084
1.382602
1.418042
1.453086
1.083297
0.815572
0.709253
0.634165
0.398252
0.409483
0.528917
0.543032
0.742414
0.836407
0.999210
0.775225
0.579355
0.355162
0.253401
0.278655
0.408948
0.483967
0.569263
0.820664
0.765412
0.870800
0.647978
0.669349
0.619143
0.632282
0.734926
0.878428
0.756366
0.548730
0.318722
0.304700
0.353371
0.845314
0.996722
1.098087
0.940702
0.620213
0.514941
0.476200
0.418297
0.446644
0.504709
0.516034
0.480083
0.343906
0.283748
0.195521
0.409297
0.574588
0.600633
0.529033
0.579053
0.612423
0.586332
0.452666
0.472921
0.574867
0.931796
0.962817
0.887520
0.502361
0.332140
0.414669
0.488664
0.509500
0.518406
0.391415
0.305072
0.420506
0.505872
0.579402
0.539939
0.576472
0.542846
0.438970
0.366835
0.235612
0.200521
0.206358
0.261052
0.340046
0.354975
0.297840
0.265284
0.268214
0.251238
0.260354
0.143548
0.082948
0.059996
0.065112
0.058554
0.052927
0.052415
0.064414
0.079878
0.142618
0.164058
0.169709
0.175779
0.136921
0.162431
0.182685
0.246588
0.197335
0.116527
0.114597
0.088366
0.111085
0.142362
0.212450
0.252727
0.265563
0.284911
0.367649
0.408646
0.363673
0.257145
0.246541
0.213009
0.209892
0.192103
0.248750
0.299072
0.284771
0.298305
0.317722
0.294166
0.288585
0.205614
0.176197
0.146734
0.093482
0.101970
0.095482
0.101272
0.158175
0.243448
0.362301
0.396996
0.362068
0.231728
0.144246
0.097993
0.105574
0.115225
0.193242
0.205032
0.293003
0.275632
0.218985
0.166082
0.159129
0.129410
0.105481
0.170198
0.204916
0.269400
0.180499
0.109527
0.036277
0.038532
0.111620
0.277306
0.262075
0.208846
0.071367
0.060693
0.130131
0.208683
0.249308
0.207776
0.195591
0.275911
0.299468
0.344627
0.285655
0.242658
0.143083
0.149176
0.136153
0.176220
0.158408
0.174988
0.181406
0.159942
0.160710
0.264493
0.383950
0.403019
0.510872
0.449760
0.385159
0.242890
0.140897
0.183150
0.208637
0.237914
0.180360
0.179639
0.163640
0.220659
0.258866
0.231100
0.205451
0.104807
0.129689
0.122457
0.156989
0.153524
0.132549
0.110713
0.105900
0.057275
0.097877
0.110457
0.152501
0.133619
0.146153
0.137060
0.121108
0.139293
0.210706
0.241309
0.234495
0.172546
0.231519
0.267330
0.223380
0.202288
0.102644
0.221124
0.207079
0.183034
0.067437
0.207521
0.299491
0.362975
0.228403
0.114736
0.100714
0.103109
0.081832
0.099737
0.103551
0.129805
0.128433
0.166523
0.276539
0.298212
0.294584
0.209846
0.285027
0.276237
0.294910
0.201126
0.172616
0.155966
0.267563
0.326536
0.317071
0.177732
0.110690
0.112155
0.169546
0.226659
0.201614
0.201102
0.285864
0.291980
0.265540
0.232635
0.186173
0.173755
0.058740
0.112992
0.188940
0.259587
0.390903
0.476665
0.415134
0.277492
0.128386
0.102063
0.159454
0.199010
0.252262
0.236984
0.180453
0.153338
0.211311
0.247983
0.286422
0.261424
0.190591
0.201591
0.159966
0.174407
0.216032
0.212125
0.141060
0.084343
0.081994
0.090319
0.122922
0.123852
0.190638
0.161338
0.150385
0.079506
0.139176
0.227566
0.311932
0.273795
0.182778
0.110388
0.147943
0.152083
0.238007
0.345697
0.381602
0.342488
0.213590
0.176430
0.147734
0.153594
0.181848
0.198498
0.219310
0.188754
0.223752
0.222450
0.242472
0.247169
0.188638
0.136642
0.088273
0.065414
0.071576
0.152710
0.148222
0.125154
0.101109
0.082018
0.069181
0.060019
0.050136
0.076344
0.114527
0.130968
0.150757
0.162361
0.149408
0.159919
0.114899
0.216869
0.230240
0.268656
0.230193
0.181755
0.205730
0.166616
0.128945
0.178104
0.174430
0.252890
0.226356
0.219845
0.174500
0.118945
0.100923
0.134828
0.147967
0.117620
0.181476
0.227031
0.246820
0.222333
0.228007
0.229496
0.340976
0.317815
0.282608
0.187685
0.123038
0.127410
0.139618
0.138153
0.119643
0.105039
0.113597
0.125015
0.154594
0.224496
0.209939
0.163361
0.089645
0.124643
0.133293
0.149827
0.134456
0.172267
0.116783
0.081925
0.067716
0.055089
0.089971
0.119759
0.098923
0.113527
0.100342
0.099993
0.092133
0.068298
0.109597
0.252169
0.256052
0.337186
0.295445
0.290794
0.216334
0.206800
0.151989
0.133874
0.095017
0.092901
0.080250
0.091203
0.077692
0.056810
0.028951
0.014766
0.009185
0.054926
0.086831
0.177871
0.221194
0.210869
0.212334
0.200521
0.204893
0.163431
0.181243
0.182871
0.161756
0.088808
0.032463
0.082366
0.205637
0.298654
0.279539
0.164617
0.084576
0.073693
0.088947
0.138758
0.127875
0.162500
0.104853
0.097830
0.051973
0.054531
0.070204
0.125387
0.167686
0.122550
0.109458
0.124317
0.136804
0.150617
0.099505
0.049206
0.023370
0.052368
0.088529
0.153175
0.167570
0.165268
0.195661
0.284887
0.287701
0.254308
0.141804
0.097319
0.124968
0.256633
0.395531
0.457968
0.343441
0.180848
0.062368
0.065926
0.089482
0.092435
0.117015
0.085762
0.126224
0.126596
0.113527
0.107923
0.098830
0.096738
0.061112
0.022626
0.004372
0.022045
0.057252
0.061833
0.044462
0.011488
0.002837
0.013999
0.012790
0.012790
0.016115
0.013673
0.041044
0.138921
0.161431
0.128828
0.108248
0.142060
0.155826
0.139688
0.110923
0.058973
0.016604
0.065391
0.079227
0.134572
0.183615
0.211706
0.178011
0.136084
0.091273
0.053043
0.048997
0.080460
0.138409
0.186987
0.256308
0.252122
0.243890
0.244053
0.270330
0.298607
0.248378
0.160245
0.110597
0.095854
0.092040
0.169174
0.167128
0.159942
0.067995
0.032370
0.051043
0.043788
0.044369
0.077088
0.080227
0.081180
0.122038
0.141711
0.147967
0.148222
0.091831
0.075739
0.077553
0.158175
0.201219
0.176895
0.104597
0.041416
0.024184
0.006813
0.029068
0.045299
0.077669
0.131037
0.125945
0.096086
0.049299
0.078274
0.126945
0.148850
0.091319
0.103109
0.111457
0.147083
0.137851
0.134758
0.118457
0.171872
0.152757
0.149571
0.145246
0.134479
0.183243
0.159756
0.159919
0.121061
0.106435
0.095877
0.073227
0.026184
0.013371
0.021417
0.041858
0.046160
0.092435
0.093435
0.113457
0.081599
0.029951
0.039695
0.059438
0.069763
0.093900
0.128875
0.152594
0.145176
0.056577
0.035439
0.034881
0.034463
0.024835
0.021859
0.093947
0.111853
0.120968
0.090622
0.065275
0.066879
0.070693
0.064623
0.060949
0.107272
0.104644
0.068507
0.036091
0.014697
0.030486
0.054647
0.060786
0.050229
0.030882
0.052741
0.088040
0.097249
0.119178
0.084320
0.111876
0.097249
0.096296
0.101412
0.071251
0.045508
0.029579
0.014743
0.043881
0.050787
0.039951
0.020138
0.029556
0.073623
0.084064
0.110364
0.152083
0.156780
0.140734
0.134456
0.211753
0.192731
0.144734
0.118062
0.111760
0.072158
0.029579
0.016999
0.001628
0.005814
0.006255
0.041602
0.159617
0.191289
0.170500
0.136758
0.184266
0.215264
0.190591
0.072553
0.013487
0.015208
0.012139
0.032881
0.038276
0.098109
0.137223
0.160663
0.162152
0.104876
0.069972
0.042416
0.091808
0.101574
0.080274
0.089645
0.093435
0.101156
0.094180
0.098761
0.129572
0.112690
0.094854
0.085994
0.093645
0.240611
0.418483
0.357673
0.303212
0.087227
0.124224
0.135898
0.119829
0.098737
0.104388
0.110876
0.088506
0.066740
0.044136
0.028440
0.000419
0.000419
0.008372
0.023254
0.035393
0.034463
0.140130
0.134177
0.118969
0.045462
0.051159
0.044439
0.015859
0.007813
0.031021
0.106876
0.125108
0.126898
0.061228
0.091133
0.127619
0.131875
0.134479
0.052950
0.038137
0.028463
0.038881
0.047671
0.052275
0.083552
0.151129
0.158547
0.116271
0.088017
0.070763
0.070925
0.014836
0.053485
0.090157
0.165337
0.192638
0.191777
0.198544
0.138502
0.088436
0.113643
0.106341
0.076971
0.142013
0.140920
0.181220
0.164430
0.261028
0.249797
0.201149
0.077413
0.065763
0.060461
0.045741
0.052415
0.088064
0.145920
0.146339
0.094784
0.086692
0.062786
0.042113
0.037602
0.034881
0.045485
0.052322
0.042741
0.050624
0.046787
0.042462
0.132944
0.124410
0.108876
0.022185
0.023324
0.077204
0.194173
0.229124
0.191987
0.101388
0.091854
0.056624
0.086320
0.087389
0.082552
0.047113
0.037021
0.054740
0.087203
0.067460
0.078902
0.071367
0.063344
0.045229
0.011720
0.020347
0.054694
0.063949
0.055671
0.031533
0.020929
0.043137
0.039927
0.050136
0.085552
0.092342
0.075809
0.026928
0.024952
0.050648
0.042578
0.026161
0.060786
0.061624
0.060228
0.048229
0.079901
0.114736
0.093877
0.061438
0.021022
0.027905
0.019743
0.031323
0.062089
0.077785
0.088343
0.092715
0.143827
0.111295
0.113597
0.051066
0.013836
0.002604
0.055438
0.083715
0.096714
0.122643
0.121875
0.124968
0.073065
0.066856
0.066530
0.088203
0.096551
0.093645
0.068600
0.074553
0.111411
0.126363
0.126154
0.046764
0.013301
0.003349
0.009302
0.009302
0.011813
0.017162
0.036207
0.047694
0.047439
0.031928
0.017185
0.010464
0.006093
0.053554
0.083715
0.087692
0.257703
0.315792
0.320280
0.140223
0.056322
0.109783
0.155059
0.167640
0.132433
0.092296
0.076227
0.052810
0.068298
0.069158
0.076506
0.042555
0.025673
0.013929
0.036184
0.053485
0.041486
0.086854
0.129363
0.169035
0.163989
0.088575
0.033254
0.065716
0.062531
0.062089
0.051996
0.070204
0.108039
0.082576
0.038346
0.026859
0.033091
0.053485
0.052252
0.125549
0.164361
0.173639
0.119899
0.135921
0.208265
0.238332
0.207404
0.108458
0.125619
0.256238
0.308072
0.342186
