0.298383
0.396124
0.348873
0.356823
0.280714
0.220206
0.176920
0.164707
0.188791
0.193693
0.146335
0.100384
0.093053
0.069566
0.030648
0.033163
0.049510
0.045759
0.022400
0.031629
0.017050
0.010976
0.019033
0.040495
0.039706
0.032502
0.025640
0.030648
0.053581
0.060273
0.176707
0.206630
0.223702
0.160018
0.111318
0.108313
0.118628
0.110679
0.108057
0.100107
0.073274
0.110402
0.101514
0.114025
0.072422
0.065069
0.078198
0.089515
0.044757
0.042669
0.016603
0.027494
0.072209
0.119033
0.099511
0.074020
0.075001
0.129605
0.147060
0.160807
0.080521
0.052473
0.052963
0.055648
0.143394
0.234657
0.227410
0.161510
0.015963
0.002984
0.008142
0.039173
0.070546
0.074532
0.044225
0.034229
0.043713
0.067136
0.054881
0.042626
0.058547
0.050000
0.045482
0.052750
0.060529
0.063939
0.061552
0.051471
0.045823
0.051023
0.056117
0.051151
0.055691
0.043244
0.069353
0.140496
0.164835
0.167521
0.089366
0.041262
0.101493
0.138045
0.152665
0.189025
0.176621
0.194077
0.124639
0.132056
0.109805
0.092818
0.048317
0.021526
0.033227
0.089046
0.126301
0.127495
0.065580
0.065325
0.026194
0.025874
0.012319
0.007119
0.019096
0.078091
0.086233
0.104050
0.127239
0.177111
0.168394
0.079071
0.082098
0.099191
0.101003
0.105883
0.097166
0.097422
0.114835
0.148168
0.204520
0.177261
0.141135
0.088748
0.080755
0.091881
0.090495
0.053645
0.036808
0.042008
0.074638
0.108782
0.101450
0.107396
0.139728
0.124319
0.058440
0.040495
0.074894
0.119992
0.192436
0.193778
0.263280
0.218459
0.202474
0.157077
0.025576
0.041816
0.105350
0.165560
0.240816
0.223531
0.181907
0.207355
0.229712
0.227410
0.177389
0.107844
0.123509
0.240752
0.258762
0.230714
0.261277
0.225215
0.241711
0.141476
0.127260
0.072486
0.075001
0.065495
0.066070
0.071186
0.065090
0.069331
0.118202
0.175811
0.207440
0.211788
0.137640
0.145099
0.117264
0.103432
0.095291
0.094097
0.107908
0.110934
0.088236
0.061680
0.067392
0.099191
0.109720
0.131246
0.219993
0.218437
0.195782
0.093181
0.143394
0.305565
0.380971
0.365135
0.234209
0.105500
0.110529
0.126386
0.210616
0.253497
0.159123
0.087938
0.120525
0.151600
0.169886
0.177239
0.160509
0.110636
0.058099
0.079370
0.079881
0.071335
0.068564
0.066454
0.097870
0.104072
0.255288
0.505823
0.540201
0.332825
0.126919
0.155798
0.181438
0.163940
0.127388
0.148914
0.129349
0.196485
0.180138
0.215027
0.178220
0.269013
0.254222
0.224917
0.140687
0.119012
0.195334
0.444995
0.755654
0.764691
0.636877
0.143927
0.110316
0.035486
0.025767
0.011680
0.048594
0.071228
0.073360
0.081693
0.101194
0.125022
0.140453
0.159827
0.171464
0.153049
0.074297
0.058121
0.104903
0.099447
0.136254
0.121996
0.136148
0.127345
0.073487
0.057908
0.127900
0.205522
0.236042
0.192329
0.108036
0.102835
0.070781
0.096612
0.175406
0.220462
0.290625
0.266733
0.243502
0.213109
0.224277
0.269226
0.228604
0.226963
0.201621
0.205032
0.277027
0.229392
0.134762
0.080521
0.063619
0.082098
0.099809
0.128944
0.141924
0.106906
0.076663
0.078794
0.079327
0.094268
0.122571
0.222785
0.235978
0.245569
0.186191
0.141647
0.126280
0.151067
0.256204
0.234145
0.209656
0.158782
0.122401
0.115431
0.105265
0.183207
0.220846
0.172060
0.082567
0.050853
0.041731
0.082908
0.070397
0.049638
0.037788
0.031074
0.082268
0.158292
0.201344
0.162640
0.101642
0.066603
0.058142
0.032375
0.036232
0.080350
0.085785
0.077921
0.082247
0.074319
0.092072
0.059250
0.039173
0.154136
0.161979
0.185168
0.153177
0.115517
0.093053
0.061467
0.019693
0.056373
0.073445
0.101706
0.111275
0.214090
0.289112
0.331120
0.206097
0.145568
0.120547
0.137554
0.125981
0.121975
0.119097
0.106203
0.093415
0.067776
0.091795
0.118735
0.107546
0.078816
0.075022
0.077580
0.060657
0.034868
0.029540
0.053325
0.093650
0.102921
0.078517
0.045290
0.001407
0.000639
0.001279
0.003751
0.004838
0.067030
0.098466
0.122550
0.128049
0.193245
0.182823
0.152154
0.088449
0.088257
0.040495
0.022293
0.023444
0.022080
0.001023
0.000639
0.000639
0.000810
0.001066
0.001066
0.026386
0.071399
0.082098
0.080904
0.065879
0.059037
0.049233
0.049063
0.084059
0.126173
0.158015
0.168586
0.167691
0.165837
0.138599
0.117499
0.104988
0.088023
0.094843
0.048381
0.016368
0.020567
0.056480
0.063918
0.074489
0.056117
0.065623
0.094673
0.089323
0.093095
0.059165
0.060764
0.075811
0.054348
0.044630
0.051109
0.050981
0.040836
0.021100
0.037213
0.043287
0.040410
0.050469
0.060742
0.046228
0.040537
0.044672
0.052025
0.037468
0.040751
0.035571
0.043244
0.056330
0.069012
0.050853
0.021526
0.004241
0.046846
0.056501
0.058611
0.024744
0.000639
0.015985
0.022059
0.047464
0.051578
0.067498
0.066113
0.072933
0.072059
0.030755
0.046590
0.079668
0.114536
0.123616
0.116455
0.088300
0.067818
0.053453
0.048615
0.057226
0.046676
0.041859
0.045098
0.030030
0.044416
0.053453
0.040495
0.015281
0.000639
0.001279
0.019608
0.041859
0.054093
0.100939
0.097955
0.093905
0.059613
0.037447
0.038321
0.033035
0.036872
0.049169
0.073402
0.100129
0.139856
0.121570
0.098424
0.051599
0.021974
0.123339
0.195014
0.227261
0.228156
0.106246
0.118692
0.179605
0.219674
0.211170
0.148957
0.047038
0.064238
0.088513
0.143181
0.148488
0.188578
0.154775
0.114238
0.071654
0.030456
0.027707
0.037298
0.041560
0.037149
0.048807
0.209081
0.273404
0.231716
0.183527
0.101621
0.081821
0.080649
0.064792
0.069246
0.147081
0.139835
0.145994
0.061105
0.052622
0.044182
0.053879
0.047954
0.035209
0.170590
0.400302
0.407079
0.402604
0.064941
0.000639
0.000639
0.000639
0.000639
0.000639
0.000639
0.000639
0.000639
0.000639
0.000639
0.000639
0.000639
0.000639
0.000639
0.000639
0.000639
0.000639
0.000639
0.000639
0.000639
0.000639
0.000639
0.000639
0.000639
0.000639
0.000639
0.000639
0.000639
0.000639
0.000639
0.000639
0.000639
0.000639
0.000639
0.000639
0.000639
0.000639
0.000639
0.000639
0.000639
0.000639
0.000639
0.000639
0.000639
0.000639
0.000639
0.000639
0.000639
0.000639
0.000639
0.000639
0.000639
0.000639
0.000639
0.000639
0.000639
0.000639
0.000639
0.000639
0.000639
0.000639
0.000639
0.000639
0.000639
0.000639
0.000639
0.000639
0.000639
0.000639
0.000639
0.000639
0.000639
0.000639
0.000639
0.000639
0.000639
0.000639
0.000639
0.000639
0.000639
0.000639
0.000639
0.000639
0.000639
0.000639
0.000639
0.000639
0.000639
0.000639
0.000639
0.000639
0.000639
0.000639
0.000639
0.000639
0.000639
0.000639
0.000639
0.000639
0.000639
0.000639
0.000639
0.000639
0.000639
0.000639
0.000639
0.000639
0.000639
0.000639
0.000639
0.000639
0.000639
0.000639
0.000639
0.000639
0.000639
0.000639
0.000639
0.000639
0.000639
0.000639
0.000639
0.000639
0.000639
0.000639
0.000639
0.000639
0.000639
0.000639
0.000639
0.000639
0.000639
0.000639
0.000639
0.000639
0.000639
0.000639
0.000639
0.000639
0.000639
0.000639
0.000639
0.000639
0.000639
0.000639
0.000639
0.000639
0.000639
0.000639
0.000639
0.000639
0.000639
0.000639
0.000639
0.000639
0.000639
0.000639
0.000639
0.000639
0.000639
0.000639
0.000639
0.000639
0.000639
0.000639
0.000639
0.000639
0.000639
0.000639
0.000639
0.000639
0.000639
0.000639
0.000639
0.000639
0.000639
0.000639
0.000639
0.000639
0.000639
0.000639
0.000639
0.000639
0.000639
0.000639
0.000639
0.000639
0.000639
0.000639
0.000639
0.000639
0.000639
0.000639
0.000639
0.000639
0.000639
0.000639
0.000639
0.000639
0.000639
0.000639
0.000639
0.000639
0.000639
0.000639
0.000639
0.000639
0.000639
0.000639
0.000639
0.000639
0.000639
0.000639
0.000639
0.000639
0.000639
0.000639
0.000639
0.000639
0.000639
0.000639
0.000639
0.000639
0.000639
0.000639
0.000639
0.000639
0.000639
0.000639
0.000639
0.000639
0.000639
0.000639
0.000639
0.000639
0.000639
0.000639
0.000639
0.000639
0.034804
0.099106
0.128731
0.072038
0.066539
0.039600
0.047635
0.050917
0.074127
0.086318
0.086275
0.068884
0.068415
0.043777
0.036232
0.010699
0.023444
0.025085
0.045866
0.044289
0.051301
0.049787
0.117094
0.136872
0.140666
0.075363
0.136745
0.144780
0.147188
0.120397
0.102367
0.086723
0.073871
0.125214
0.291882
0.338046
0.378520
0.248340
0.225535
0.162683
0.226835
0.256545
0.307185
0.239729
0.172700
0.098743
0.063598
0.132482
0.150214
0.155180
0.189835
0.234103
0.284337
0.255842
0.147657
0.122102
0.099425
0.076684
0.144545
0.214665
0.260978
0.244653
0.194162
0.182163
0.271571
0.270463
0.207930
0.095717
0.095866
0.174618
0.313472
0.416926
0.369014
0.238877
0.100278
0.103922
0.107141
0.186319
0.179584
0.143096
0.109613
0.167926
0.188152
0.255543
0.346657
0.371337
0.311853
0.269845
0.222316
0.220888
0.134528
0.122102
0.202602
0.222295
0.243416
0.170121
0.131779
0.203156
0.284934
0.370293
0.310851
0.280203
0.238664
0.166178
0.198062
0.200705
0.234273
0.232888
0.209145
0.157951
0.222721
0.435980
0.618420
0.590521
0.491458
0.403243
0.287833
0.188599
0.056778
0.084485
0.104178
0.142030
0.145248
0.225343
0.273681
0.316605
0.345399
0.299896
0.291285
0.380822
0.429991
0.498043
0.437600
0.339368
0.389922
0.407122
0.503116
0.340433
0.350152
0.279947
0.319568
0.358038
0.412919
0.526859
0.555695
0.533679
0.349150
0.282867
0.364283
0.342927
0.390753
0.514497
0.543227
0.431206
0.453520
0.511620
0.830293
0.827714
0.772385
0.672022
0.609298
0.712645
0.839223
0.868379
0.834726
0.581036
0.536663
0.432314
0.356312
0.269631
0.451389
0.639029
0.739435
0.644336
0.476901
0.529160
0.514391
0.652734
0.585640
0.630099
0.604310
0.616139
0.678160
0.720296
0.773238
1.148475
1.205871
1.015631
0.740565
0.685065
0.917356
0.923281
0.651732
0.444185
0.637900
0.643718
0.543930
0.534659
0.618420
0.657124
0.741993
0.744294
0.959897
0.877757
0.968870
0.688497
0.585171
0.457655
0.525516
0.551134
0.472148
0.482314
0.497724
0.632188
0.883106
1.187712
1.149562
1.135346
0.764179
0.558956
0.561769
0.559510
0.817633
0.957851
1.020320
0.874858
0.755015
0.625773
0.582528
0.275130
0.431056
0.515925
0.666587
0.751115
0.719635
0.660769
0.469441
0.551752
0.720552
1.050499
1.458473
1.441700
1.109898
0.703949
0.693612
0.643015
0.605760
0.521637
0.493738
0.339155
0.344824
0.525239
0.565627
0.574451
0.614754
0.718399
0.834022
0.861133
0.940950
0.863200
0.913136
1.067784
1.095129
0.982873
0.644762
0.639157
0.487323
0.515627
0.808340
1.068743
1.495004
1.744559
1.960865
1.797415
1.521709
1.184238
1.135304
1.209814
1.256554
1.212073
1.419513
1.153825
1.071684
0.773088
0.904675
0.835109
0.675560
0.598939
0.851606
1.048219
1.254934
1.287372
1.319363
1.258259
1.216272
1.121130
0.880762
0.474450
0.474876
0.638539
0.841034
1.273561
1.402335
1.361670
1.380020
1.157171
1.201971
0.977012
1.202610
1.297155
1.336158
1.108044
1.089204
1.378805
1.413950
1.739784
1.648138
1.873588
1.638761
1.429253
1.057873
1.118424
1.426866
1.519066
1.286754
1.479467
1.500481
1.613952
1.733433
1.421261
1.257875
1.081936
0.965034
0.938648
0.512366
0.419739
0.533849
1.064949
1.404722
1.399415
2.087123
2.360463
2.517412
1.829022
0.895511
0.702073
0.770105
1.031637
1.210986
1.013670
0.930762
1.035729
1.086028
0.888285
0.720914
0.706293
0.944488
1.033960
1.003333
0.862177
0.701626
1.063308
1.604489
1.551356
1.385050
0.680995
0.488154
0.462024
0.610363
0.602840
0.549813
0.618739
0.610747
0.863328
1.134387
1.294811
1.484539
1.629596
1.526356
1.561138
1.288928
1.146557
1.031317
0.718527
0.866653
0.949837
0.907829
0.925988
1.256809
1.632367
1.704320
1.298903
1.071194
0.789478
0.731059
0.613752
0.681080
0.671787
0.576092
0.702798
0.814244
0.871022
0.863200
1.050989
1.328038
1.569706
1.361755
1.001415
0.756379
0.610214
0.862454
0.811729
1.086603
1.205594
1.438056
1.166975
1.105252
1.099391
1.166122
1.176587
0.738987
0.712815
0.765906
0.717930
0.818357
0.841588
1.040674
1.145385
1.129933
1.166463
0.972515
0.644635
0.555631
0.623194
0.732167
0.788029
0.875775
0.897407
0.889458
0.848089
0.589583
0.564263
0.489817
0.671212
1.325629
1.562588
1.617128
0.902054
0.492332
0.393226
0.304841
0.462110
0.708233
0.828140
0.900455
0.910451
1.035452
1.062861
1.188437
1.197687
1.023410
0.717781
0.884705
1.039928
1.090781
0.596659
0.379181
0.405374
0.397851
0.522383
0.735748
0.796064
0.810045
0.787539
1.056126
1.543768
1.752274
1.447114
1.032958
0.842995
0.604502
0.823302
0.976713
0.862070
0.569208
0.450494
0.551539
0.543142
0.569591
0.506590
0.474194
0.438772
0.465903
0.624579
0.755292
0.936282
0.812795
0.780015
0.864330
1.023943
0.834235
0.524578
0.203071
0.316669
0.387237
0.607614
0.725645
1.024476
0.959791
0.986666
0.964735
1.004058
1.437715
1.689315
1.735117
1.551675
1.392744
1.227312
1.089374
0.814095
0.777948
0.728224
0.644549
0.500409
0.480503
0.626476
0.946747
1.258323
0.921619
0.717525
0.422190
0.568440
0.799090
1.112115
1.526121
1.735415
1.631173
1.398818
1.078121
1.019190
1.012434
0.915310
1.140717
1.080273
0.933341
0.620039
0.519165
0.718889
0.803992
0.947834
0.825071
0.718420
0.493887
0.313963
0.368758
0.676668
0.783766
0.979974
1.162670
1.451888
1.551995
0.997728
1.023431
0.979463
1.010665
0.800646
0.639860
0.802500
1.046940
1.262585
1.299904
1.044702
0.977630
0.949283
1.184622
1.593129
1.580704
1.583666
1.407493
1.164929
0.900455
0.726775
0.450728
0.570423
0.984706
1.673842
1.851763
1.618641
1.123240
0.799772
0.741865
0.679673
0.639733
0.524237
0.613326
0.704141
0.640628
0.496488
0.434296
0.516181
0.708744
1.084643
1.606301
1.857710
1.676804
1.145619
1.127652
0.906359
0.612260
0.398213
0.474471
0.508892
0.934343
1.300885
1.349947
0.866866
0.590372
0.867676
0.974134
1.034258
0.681527
0.637964
0.766758
0.784086
0.968422
0.785343
0.913350
1.026522
1.101501
1.118189
1.122154
1.200436
1.337799
1.274584
1.271281
0.921299
0.992229
0.874240
0.582059
0.432399
0.521829
0.875455
1.394492
1.534646
1.480000
1.396069
1.184025
1.134835
0.822471
0.707316
0.400025
0.366989
0.347616
0.344376
0.276111
0.306887
0.317309
0.288280
0.293736
0.319120
0.446018
0.609575
0.610896
0.654034
0.596851
0.645722
0.594144
0.642013
0.805356
0.882105
0.750987
0.591522
0.605291
1.124754
2.381904
2.426768
2.062102
0.876158
1.320237
1.521645
1.487758
1.009088
0.600112
0.774197
0.908490
0.922514
0.885451
0.788775
0.887753
0.827074
0.685513
0.682870
0.676583
0.748472
1.021087
1.791064
2.192261
1.926380
1.724887
1.380915
1.504787
1.471730
1.194128
1.049497
0.632848
0.146506
0.115538
0.283250
0.433380
0.682721
0.691246
0.588155
0.319270
0.280821
0.304478
0.330097
0.355097
0.263429
0.374897
0.524621
0.818720
0.906146
0.944999
0.735172
0.852799
1.062584
1.277078
1.490507
1.574672
1.968644
1.934053
1.492596
0.996982
0.771106
0.839628
1.309794
2.300957
2.590793
2.228130
1.743727
1.265015
1.127482
0.933149
0.703693
0.622746
0.624430
0.770019
0.761899
0.802586
0.856593
0.933895
2.063743
2.268519
2.124762
0.638454
0.361960
0.313877
0.257376
0.215795
0.223680
0.295356
0.738476
1.128611
1.111284
0.731826
0.485554
0.513346
0.631975
0.747108
0.760620
0.686834
0.498939
0.657742
0.880016
0.941930
0.926095
0.843038
0.912071
1.039288
1.081957
0.930549
0.933362
0.822321
0.681783
1.394662
2.260590
2.595013
2.533930
1.955430
1.849355
1.160496
0.896811
0.901350
1.081318
1.366614
2.331818
3.434002
3.389457
3.105184
1.797905
1.681110
1.296643
0.849965
1.002587
0.972493
0.959002
0.681165
0.458231
0.304116
0.374598
0.491415
0.860451
1.386435
1.314696
1.215249
1.398903
1.398328
1.309985
0.591863
0.762155
0.730995
0.716630
0.766247
0.768826
0.701476
0.664605
0.648514
1.115014
1.813592
2.015852
2.690347
3.006611
3.557489
2.993205
2.092196
1.186114
0.851883
0.542950
0.499429
0.351218
0.322019
0.235680
0.287300
0.439369
0.676434
0.731613
0.836345
0.887049
1.211988
1.424863
1.764721
1.479403
1.478977
1.138479
0.718463
0.412194
0.214708
0.249405
0.217990
0.218054
0.215390
0.306524
0.377710
0.381695
0.359636
0.359828
0.596744
0.685641
0.855442
0.744976
0.768847
0.678991
0.666566
1.059109
1.386180
1.707069
1.666063
1.383771
0.860642
0.832957
0.905016
0.949411
0.858916
0.728608
0.520358
0.512025
0.378115
0.429181
0.325003
0.209976
0.085018
0.330800
0.591949
0.689882
0.748557
1.408771
1.655193
1.467425
0.935025
0.883746
1.053994
0.962561
1.232470
1.244363
1.161625
1.134707
1.281788
1.410221
1.028035
0.655867
0.546232
0.759725
0.872961
1.158876
1.194575
1.234218
1.024881
0.763775
0.737240
0.685897
0.705206
0.707657
0.695019
0.763199
0.631143
0.632252
0.550623
0.715799
0.894530
0.811580
1.017634
0.988286
1.101075
1.157874
1.042293
1.032276
1.031786
1.121791
1.319725
1.206042
0.768336
0.778161
1.024987
0.891653
0.832850
0.364794
0.478265
0.559745
0.466308
0.497468
0.589029
0.628884
0.859683
0.700773
0.661962
0.520038
0.510490
0.609617
0.653245
0.924518
0.961176
0.958384
0.995447
0.977374
0.955741
1.094937
1.093146
1.555576
1.310561
1.437821
1.241230
1.313779
1.415570
0.988052
0.761963
0.523790
0.516415
0.586130
0.626327
0.587942
0.597128
0.517183
0.371337
0.357484
0.296912
0.299448
0.393354
0.551347
0.866589
1.048837
0.818443
0.537110
0.353051
0.831870
1.097302
1.191975
0.864926
1.028227
1.066953
1.067464
1.043828
0.975925
0.856358
0.761302
1.071215
1.280041
1.358046
1.392829
1.167572
1.194170
1.207193
1.002097
0.975562
0.845574
0.785834
0.893656
0.944062
0.943529
1.159515
1.560265
1.842897
1.685223
1.569578
1.520644
1.239738
1.208770
0.955464
0.922727
1.175564
1.515699
1.612183
1.498201
1.898737
1.901998
1.426738
0.580994
0.497170
0.686152
0.679908
0.638901
0.431142
0.453393
0.492864
0.556548
0.488943
0.579630
0.750134
0.735215
0.507762
0.138641
0.209252
0.374279
0.452433
0.433550
0.262662
0.321230
0.428264
0.602030
0.647363
0.695360
0.648982
0.831188
1.246664
1.389014
1.408217
0.947685
0.993700
0.927416
0.893038
0.820510
0.886708
0.923963
0.631186
0.372254
0.210061
0.139473
0.109847
0.127090
0.169673
0.361512
0.361341
0.316456
0.290028
0.353839
0.385596
0.355800
0.306439
0.263685
0.182887
0.122529
0.149639
0.149703
0.125086
0.143138
0.147572
0.213322
0.356780
0.669635
0.755100
0.603650
0.575879
0.682252
0.719912
0.607507
0.345634
0.390242
0.236149
0.159507
0.197252
0.245995
0.289943
0.274576
0.365583
0.509744
0.412663
0.389368
0.301281
0.230842
0.169524
0.099084
0.038662
0.088257
0.201451
0.363665
0.516607
0.453563
0.373724
0.337577
0.323127
0.220846
0.070418
0.107354
0.170377
0.217414
0.210573
0.249789
0.330480
0.373341
0.383742
0.303242
0.212534
0.154584
0.031181
0.034101
0.076130
0.136126
0.142734
0.089877
0.032524
0.003453
0.001066
0.001705
0.008525
0.019075
0.027494
0.072038
0.100598
0.102303
0.072166
0.046974
0.063939
0.063939
0.026236
0.060167
0.130926
0.137682
0.154882
0.168203
0.204499
0.162981
0.118160
0.080116
0.097145
0.081032
0.109720
0.063087
0.089685
0.133825
0.167393
0.185679
0.137235
0.113577
0.093117
0.089259
0.074148
0.070653
0.069267
0.060998
0.063982
0.085487
0.114366
0.135807
0.140304
0.109187
0.084442
0.103304
0.098893
0.108824
0.162235
0.145675
0.141412
0.068521
0.070013
0.172870
0.172636
0.158782
0.038257
0.021143
0.057140
0.075811
0.070333
0.050704
0.026599
0.055414
0.074468
0.109506
0.157802
0.238855
0.178412
0.134251
0.077004
0.129434
0.216285
0.198744
0.162491
0.069459
0.042264
0.130947
0.198872
0.163812
0.116902
0.090900
0.089792
0.088748
0.087298
0.120824
0.102494
0.049084
0.016155
0.047187
0.058611
0.072763
0.082972
0.106565
0.162917
0.170760
0.129583
0.090218
0.053794
0.058483
0.171613
0.194226
0.197252
0.150726
0.131139
0.160104
0.101621
0.074851
0.079668
0.080990
0.077409
0.089067
0.055819
0.079817
0.093692
0.130010
0.163130
0.179562
0.181459
0.186233
0.165538
0.117669
0.109720
0.213727
0.199384
0.266648
0.252688
0.220611
0.202197
0.178113
0.272978
0.298617
0.311107
0.265198
0.146144
0.131288
0.165837
0.212811
0.151195
0.086083
0.077068
0.119758
0.099724
0.066433
0.044310
0.098083
0.108697
0.159933
0.123360
0.143309
0.113641
0.075917
0.074489
0.130415
0.209358
0.269248
0.255671
0.242926
0.260424
0.241754
0.221698
0.201685
0.202708
0.187342
0.155457
0.161361
0.156267
0.127814
0.064408
0.038065
0.049873
0.060742
0.137917
0.150577
0.147444
0.065133
0.057801
0.059591
0.047059
0.029817
0.035124
0.050533
0.083846
0.095546
0.112831
0.087682
0.052601
0.030456
0.047954
0.062106
0.042413
0.043244
0.062916
0.079817
0.096079
0.055648
0.046335
0.078837
0.129242
0.153177
0.104754
0.088769
0.097422
0.114238
0.172487
0.161276
0.133015
0.073999
0.058504
0.063215
0.079306
0.168821
0.133292
0.090858
0.070909
0.047826
0.068777
0.115154
0.154243
0.188407
0.179520
0.155095
0.132930
0.129754
0.121847
0.118991
0.087511
0.138428
0.139345
0.149063
0.107183
0.106523
0.115368
0.133974
0.167819
0.223872
0.172828
0.160615
0.122166
0.113407
0.096101
0.051663
0.129413
0.218587
0.196634
0.161361
0.125299
0.086552
0.072422
0.040005
0.036275
0.078006
0.077153
0.069438
0.047358
0.057972
0.088811
0.159102
0.198020
0.195313
0.115346
0.067562
0.079242
0.110636
0.103283
0.075129
0.075001
0.139473
0.156395
0.234422
0.217500
0.202240
0.113599
0.051514
0.054817
0.066582
0.093628
0.115581
0.123530
0.073892
0.094950
0.112533
0.124212
0.210019
0.145376
0.124404
0.162363
0.120291
0.187043
0.270932
0.209294
0.142691
0.071846
0.105755
0.097486
0.080563
0.031671
0.052174
0.045482
0.046036
0.057076
0.055414
0.094076
0.096420
0.121101
0.122827
0.138109
0.107993
0.098381
0.079114
0.111212
0.098211
0.071292
0.026300
0.030840
0.070163
0.098445
0.116348
0.117392
0.116263
0.096847
0.071441
0.030669
0.042690
0.049020
0.048167
0.053496
0.067797
0.068308
0.069843
0.120888
0.143075
0.125257
0.090112
0.073914
0.053538
0.054284
0.048786
0.126983
0.174767
0.207461
0.175215
0.161425
0.141988
0.115900
0.086275
0.102644
0.138471
0.144268
0.145014
0.064152
0.075619
0.121250
0.140240
0.106203
0.078752
0.099788
0.159358
0.161084
0.124809
0.108377
0.138130
0.205884
0.187065
0.130137
0.063065
0.057908
0.099553
0.131288
0.146932
0.106928
0.100321
0.083547
0.070994
0.051727
0.052899
0.096697
0.128390
0.144247
0.167286
0.170909
0.213557
0.242202
0.220931
0.192627
0.217862
0.197977
0.197359
0.255799
0.299193
0.278306
0.206864
0.131565
0.138727
0.107865
0.112448
0.172955
0.165837
0.179264
0.267372
0.368460
0.394121
0.264516
0.146527
0.049745
0.037745
0.052963
0.074702
0.155798
0.153752
0.121591
0.164729
0.198382
0.238088
0.233591
0.228199
0.199725
0.199554
0.156757
0.074340
0.024446
0.023636
0.046015
0.052750
0.064557
0.077622
0.112043
0.172316
0.192499
0.167329
0.153262
0.254989
0.322125
0.320570
0.266008
0.212022
0.220739
0.209443
0.166966
0.186468
0.219119
0.240326
0.201899
0.126067
0.089877
0.147337
0.166242
0.226025
0.176941
0.129434
0.131352
0.204072
0.342415
0.403499
0.335595
0.234934
0.144566
0.169460
0.139963
0.071079
0.047592
0.096292
0.123253
0.094396
0.062128
0.119396
0.216860
0.251835
0.263387
0.176898
0.169972
0.141689
0.106565
0.084250
0.094054
0.071505
0.083760
0.097060
0.129626
0.176600
0.169268
0.137853
0.115772
0.168544
0.177346
0.159422
0.075107
0.090879
0.099852
0.085060
0.096250
0.193672
0.242820
0.243629
0.161340
0.128923
0.136702
0.141710
0.175577
0.142499
0.130990
0.185978
0.191093
0.196293
0.153731
0.090858
0.060891
0.020993
0.023274
0.054583
0.110103
0.128475
0.133910
0.117307
0.165837
0.180585
0.195228
0.137490
0.083483
0.071036
0.077963
0.127921
0.131523
0.212534
0.366883
0.366563
0.355118
0.327709
0.285041
0.250727
0.180863
0.184209
0.268140
0.251409
0.187534
0.143970
0.192436
0.181822
0.166306
0.179840
0.124809
0.130862
0.220803
0.388260
0.420102
0.400302
0.159592
0.184038
0.202133
0.176323
0.129051
0.130479
0.144289
0.160935
0.192009
0.230160
0.192563
0.180607
0.113812
0.135977
0.113194
0.101834
0.070461
0.098019
0.072123
0.136745
0.178007
0.237129
0.240305
0.185807
0.103070
0.076599
0.082716
0.100278
0.091369
0.081331
0.090921
0.095823
0.082567
0.051109
0.079199
0.151024
0.192031
0.201323
0.185360
0.211489
0.135956
0.140112
0.086275
0.092158
0.144353
0.175897
0.164089
0.150747
0.078624
0.075107
0.079988
0.095845
0.154008
0.161233
0.151600
0.153561
0.122273
0.110146
0.133271
0.192393
0.208420
0.242947
0.207269
0.159528
0.229222
0.215390
0.175044
0.135082
0.122593
0.137554
0.118628
0.140879
0.195206
0.229584
0.266477
0.264964
0.252283
0.262534
0.309210
0.312556
0.243629
0.182418
0.186788
0.117946
0.122699
0.239196
0.311426
0.357804
0.232035
0.205117
0.186596
0.175300
0.192862
0.271081
0.243161
0.183889
0.179861
0.189835
0.121676
0.090836
0.070120
0.142243
0.189516
0.253753
0.439134
0.515009
0.587388
0.650325
0.678501
0.706165
0.464582
0.389432
0.477242
0.455652
0.375706
0.331375
0.202154
0.322722
0.441201
0.468951
0.377113
0.258783
0.209976
0.235467
0.234571
0.331588
0.314602
0.297424
0.314772
0.280949
0.249789
0.159763
0.181907
0.202751
0.154541
0.131672
0.135892
0.209550
0.456611
0.555546
0.576369
0.327646
0.297147
0.247231
0.285616
0.347062
0.445528
0.552967
0.636067
0.629481
0.632998
0.763625
0.889266
0.851520
0.779099
0.664072
0.488751
0.272743
0.196719
0.237150
0.382953
0.389368
0.390391
0.376325
0.424449
0.311021
0.389880
0.293566
0.404436
0.643825
0.822172
0.831230
0.872109
0.840864
0.841290
0.685854
0.572575
0.685492
0.624707
0.795659
0.934322
1.391060
1.295684
1.125500
0.586322
0.445528
0.462003
0.509552
0.533594
0.556505
0.419505
0.389858
0.830165
1.434454
1.699695
1.549843
0.771724
0.356056
0.320761
0.528542
0.916504
0.923985
1.122068
0.775007
0.757636
0.437706
0.478904
0.498150
0.478286
0.437301
0.476006
0.392501
0.409829
0.501560
0.632827
0.643846
0.509744
0.413772
0.646169
0.793506
0.871107
0.885962
0.854717
0.968657
0.874389
1.272133
1.431449
1.251097
0.879568
0.222146
0.194141
0.250237
0.380843
0.475217
0.544570
0.544485
0.446700
0.417139
0.416969
0.515136
0.566714
0.689307
1.007319
1.127908
1.081957
0.816652
0.708020
0.813327
0.902821
0.913691
1.064694
1.088500
1.034450
0.878034
0.692738
0.645849
0.490584
0.460298
0.415157
0.339133
0.253775
0.417160
0.561194
0.720189
0.665692
0.570060
0.359892
0.194609
0.192990
0.248084
0.307739
0.577690
0.876776
1.073602
1.087541
0.944424
0.809278
0.550367
0.498001
0.416564
0.390455
0.262534
0.211084
0.172891
0.230948
0.250023
0.236490
0.281290
0.379522
0.421402
0.298425
0.154349
0.267266
0.357761
0.482954
0.720317
0.757189
0.948367
1.175415
1.460349
1.542319
1.193275
1.104016
1.038265
0.993977
1.329444
1.911589
1.825953
1.606514
1.019382
1.096471
0.839308
0.876180
0.905762
0.927928
0.962540
1.062392
1.154017
1.149029
0.947706
0.955528
0.844274
1.224456
1.658560
1.648288
0.963606
0.568995
1.090013
1.336328
1.326162
1.430212
1.348328
1.167529
0.696084
0.750475
0.917548
1.081893
1.630065
1.825974
1.720944
1.387053
1.498308
1.495857
1.444854
1.444087
1.576867
1.541765
1.652444
1.753681
2.266856
2.836980
2.963345
2.498465
0.512451
0.357058
0.490541
0.579779
0.585619
0.786963
0.967229
1.051714
0.970554
0.844508
0.716289
0.705824
0.827842
1.187990
1.168041
0.997472
0.575772
0.662580
0.544826
0.312236
0.154392
0.236213
0.311746
0.340519
1.303357
3.133999
3.328992
3.203927
0.917911
1.187904
1.296388
1.560478
1.533794
1.537460
1.707133
1.394598
1.090397
1.019787
0.960984
1.370429
1.404360
1.068615
1.016419
1.535264
1.761630
2.031454
2.175935
2.574190
2.498444
1.668514
1.053035
0.990332
1.099839
1.815808
1.868686
1.989360
1.183045
1.188117
1.181958
1.235411
1.757346
2.365664
2.618863
2.496568
2.330497
1.961035
1.914488
1.739422
2.005281
2.235228
2.610380
2.328835
2.063381
1.809180
1.966598
1.808626
1.440038
1.259793
1.471815
1.990916
2.069668
1.846009
1.232108
0.588539
0.617674
0.796128
0.839862
0.676029
0.335489
0.305906
0.275855
0.237683
0.178348
0.145994
0.314154
0.478840
0.707146
0.871725
1.169042
1.395557
1.431832
1.453230
1.440421
1.671114
1.720027
1.478550
1.308728
0.922024
0.735535
0.599557
0.715863
0.822812
0.841610
1.077886
1.111945
1.021343
1.033683
0.825092
0.874645
0.862283
0.833298
1.306447
1.289994
1.441594
1.175862
0.890502
0.675432
0.513922
0.752159
0.920298
1.067699
1.504574
1.790765
1.726698
1.165419
0.728224
0.433678
0.341776
0.303242
0.369696
0.534830
0.546062
0.533764
0.347296
0.258506
0.176238
0.193842
0.305587
0.427540
0.476475
0.436619
0.403733
0.353370
0.355971
0.473640
0.470720
0.894892
1.262372
1.437928
1.982455
2.380561
2.623147
2.371290
1.587183
1.441785
2.819845
9.030361
9.076888
6.892151
1.437565
1.278144
1.074093
0.561151
0.290987
0.332867
0.623322
0.943508
1.098688
1.101373
0.793080
0.785663
0.623684
0.544122
0.634021
0.652883
0.652584
0.493141
0.453925
0.630824
0.643633
0.805889
1.030422
1.238800
1.219298
1.190270
0.917570
0.935643
0.999966
1.015183
0.925775
0.704993
0.732977
0.623236
0.601497
0.317117
0.228945
0.247167
0.383933
0.554949
0.797684
0.866674
0.798579
0.839862
0.712879
0.804610
1.098155
1.093658
0.800753
0.346508
0.335531
0.439965
0.419420
0.431909
0.333059
0.436470
0.524472
0.898175
0.923409
0.829568
0.664477
0.595529
0.735215
1.110154
1.069553
0.906679
0.560000
0.623705
0.765011
0.709575
0.685385
0.701817
0.705398
1.156169
1.419257
1.378272
1.329530
1.238949
1.429381
1.636864
1.832219
1.878639
1.329998
1.371090
1.291571
1.317466
1.066867
1.174562
1.122068
1.679191
1.777935
1.546837
1.228804
1.118104
1.168723
1.122047
0.914266
0.769998
0.489412
0.514263
0.653202
0.918784
1.110154
1.221643
1.387522
1.224328
1.368873
1.080593
1.323839
1.546390
1.636416
1.360220
1.048879
1.453316
1.623991
1.616020
1.628381
1.907518
2.483333
2.157925
1.945967
1.591701
1.648991
1.382599
0.957531
0.412088
0.584169
0.786558
0.946918
0.986560
1.046087
0.925882
0.823387
0.867015
1.298050
1.512928
1.726528
2.070819
2.311635
2.093432
1.517511
1.036496
0.859491
0.990460
1.310497
1.659690
1.804192
1.522604
1.181361
1.120342
1.230914
1.148539
1.157086
1.593342
1.939211
1.805024
1.148326
0.660641
0.498939
0.519889
0.830655
0.863903
0.872386
0.656399
0.543930
0.377859
0.289453
0.179562
0.205159
0.276835
0.351452
0.296614
0.325258
0.275834
0.358230
0.318715
0.301132
0.217713
0.228135
0.253263
0.435703
0.569336
0.672938
0.709959
0.759938
0.791865
0.721319
0.506014
0.473150
0.541288
0.509851
0.472382
0.346998
0.336746
0.356972
0.352475
0.301452
0.324832
0.346806
0.414283
0.431334
0.352774
0.175513
0.083760
0.203071
0.317437
0.393695
0.434957
0.457485
0.513922
0.528031
0.507272
0.528223
0.425195
0.367480
0.257845
0.260978
0.284295
0.329074
0.436150
0.733936
0.890800
0.878140
0.745360
0.767845
0.920021
1.063457
0.912220
0.906977
0.602008
0.476304
0.455268
0.442587
0.683318
0.756485
0.779610
0.387557
0.335830
0.321784
0.471296
0.691758
0.855357
0.771895
0.493376
0.672640
0.691395
0.666480
0.409829
0.212257
0.247700
0.316222
0.347126
0.342693
0.272956
0.341456
0.429565
0.595977
0.634831
0.510703
0.320697
0.146868
0.135956
0.352433
0.368417
0.513431
1.004548
1.211029
1.128142
0.775092
0.318246
0.283378
0.275940
0.318630
0.436299
0.556143
0.529501
0.414922
0.409999
0.661515
1.024412
1.009685
1.127354
0.703991
0.646659
0.463772
0.463218
0.441884
0.338878
0.285957
0.293225
0.279414
0.190581
0.125129
0.100789
0.330523
0.851947
1.032767
0.970937
0.638113
0.771703
0.806060
0.705569
0.302922
0.272338
0.210381
0.377348
0.443567
0.578351
0.482293
0.467651
0.506398
0.690649
0.770531
0.809086
0.521999
0.750518
0.908362
1.249051
0.911751
0.817633
0.342735
0.289943
0.219311
0.357995
0.530098
0.729588
0.600303
0.473320
0.487707
0.499962
0.489838
0.382015
0.344525
0.400238
0.443759
0.425089
0.512664
0.481163
0.470102
0.364240
0.496232
0.647235
0.701668
0.731997
0.611855
0.646254
0.715351
0.827906
0.815757
0.656271
0.766950
0.940843
1.115014
0.805697
0.554395
0.335872
0.248723
0.199448
