0.681760
0.780384
0.890060
0.665014
0.518417
0.434057
0.368156
0.303832
0.184029
0.136923
0.119133
0.065014
0.050317
0.100082
0.099649
0.141297
0.160250
0.154083
0.137652
0.133416
0.111115
0.079652
0.062374
0.097304
0.162180
0.157058
0.148389
0.088025
0.055991
0.078982
0.091808
0.092793
0.065802
0.052819
0.054947
0.063753
0.088045
0.120374
0.102564
0.044604
0.076500
0.121438
0.135938
0.177330
0.111450
0.089857
0.055124
0.034024
0.066708
0.108337
0.142912
0.198036
0.190570
0.151995
0.119350
0.102801
0.100791
0.118857
0.074254
0.068146
0.069486
0.102525
0.116966
0.132963
0.147503
0.122187
0.146183
0.150970
0.191870
0.197564
0.177114
0.165569
0.167716
0.226938
0.284682
0.241064
0.213955
0.239074
0.171834
0.167204
0.147385
0.179852
0.165352
0.082922
0.098644
0.163618
0.211394
0.290336
0.286889
0.282259
0.264134
0.231253
0.154576
0.147010
0.130481
0.107273
0.150517
0.215886
0.327867
0.375268
0.375032
0.359783
0.383760
0.373416
0.334014
0.203553
0.208498
0.219255
0.215610
0.209384
0.230130
0.400801
0.414572
0.426255
0.457009
0.469282
0.512034
0.501238
0.456910
0.484610
0.440006
0.507562
0.582269
0.424502
0.228120
0.170140
0.223372
0.238778
0.229440
0.230484
0.229026
0.197839
0.176739
0.233499
0.287027
0.241576
0.187536
0.139248
0.148744
0.244314
0.297133
0.366580
0.338250
0.321681
0.326212
0.331177
0.306117
0.231765
0.218664
0.200341
0.163579
0.146340
0.152408
0.190274
0.255268
0.322272
0.503897
0.569286
0.636821
0.519481
0.410849
0.413095
0.364551
0.314608
0.196795
0.304758
0.513827
0.779320
0.747010
0.634733
0.447926
0.384311
0.363152
0.339136
0.293784
0.531637
0.696260
0.649785
0.548836
0.189506
0.280663
0.307240
0.312422
0.262380
0.298709
0.553052
0.770888
0.814644
0.662689
0.246501
0.216457
0.303635
0.403776
0.363999
0.508074
0.597734
0.546353
0.531578
0.497199
0.592001
0.684597
0.604117
0.832494
0.760722
0.765588
0.589164
0.596197
0.655695
0.872664
1.075370
1.122692
0.899734
0.571256
0.625414
0.570941
0.716355
0.709893
0.568517
0.382262
0.198411
0.124846
0.129831
0.172110
0.187496
0.186925
0.160801
0.208714
0.248629
0.269059
0.505158
0.634398
0.652858
0.535656
0.320105
0.268862
0.227312
0.277452
0.280663
0.304600
0.225598
0.237990
0.364216
0.379701
0.380194
0.374401
0.335157
0.291913
0.321858
0.408012
0.411203
0.572773
0.551318
0.619997
0.561504
0.411853
0.274260
0.179832
0.250540
0.330172
0.504213
0.540640
0.578939
0.502459
0.461954
0.445168
0.452024
0.441681
0.379740
0.465303
0.561208
0.569167
0.544994
0.564991
0.612766
0.586583
0.294198
0.210704
0.145020
0.312362
0.438864
0.572674
0.564912
0.533351
0.479271
0.481221
0.480611
0.463057
0.586012
0.668205
0.707568
0.707174
0.606757
0.504528
0.535419
0.423379
0.537330
0.536798
0.544896
0.499898
0.442765
0.437761
0.328025
0.508980
0.538946
0.431949
0.360926
0.305644
0.309545
0.281609
0.347293
0.452398
0.529233
0.581816
0.486560
0.425053
0.378263
0.485418
0.492175
0.429013
0.329365
0.182256
0.140312
0.098270
0.184640
0.437386
0.549919
0.570251
0.332123
0.256372
0.352927
0.363940
0.340279
0.213265
0.135268
0.154970
0.155935
0.207375
0.248274
0.375702
0.361793
0.375840
0.490836
0.502361
0.639974
0.608806
0.613751
0.628212
0.345756
0.384055
0.445070
0.412031
0.412563
0.339018
0.370934
0.442174
0.503464
0.544088
0.637097
0.621277
0.678962
0.671574
0.621159
0.613791
0.489949
0.495603
0.549565
0.425053
0.415754
0.626143
0.632152
0.551436
0.364610
0.359468
0.617081
0.782945
0.791318
0.663497
0.508212
0.510694
0.524544
0.552244
0.517964
0.461303
0.456260
0.521057
0.787201
1.067056
1.114299
1.001944
0.696417
0.641786
0.562824
0.435849
0.352080
0.360118
0.455689
0.576063
0.630911
0.594779
0.738874
0.779714
0.864252
0.675199
0.697659
0.843901
0.843053
0.563553
0.396092
0.311771
0.364275
0.422000
0.549447
0.553820
0.322252
0.236296
0.267128
0.527499
0.878752
1.017212
0.815314
0.448222
0.270872
0.265946
0.438017
0.496234
0.570586
0.711568
0.732057
0.780916
0.900010
1.002160
1.010711
0.736253
0.508310
0.565779
0.987365
1.215229
1.214973
0.960985
0.767480
0.691256
0.643145
0.758634
0.832848
1.021054
1.233058
1.321458
1.404715
1.484406
1.586301
1.368583
0.929857
0.717537
0.727073
0.796243
0.937265
1.134572
1.293679
1.398312
1.392204
1.396736
1.490533
1.474299
1.089535
0.769548
0.935019
0.841064
1.113531
1.184731
1.203763
0.770021
0.550333
0.402239
0.441405
0.709499
0.751128
0.836572
0.643894
0.653351
0.678351
0.764800
0.994162
0.771440
0.490698
0.180601
0.314234
0.394260
0.476690
0.444242
0.559908
0.724669
0.941343
0.974125
0.978184
1.022531
0.924222
0.881530
0.529036
0.634142
0.828612
0.902137
0.961123
0.911594
0.876014
0.737061
0.653055
0.841044
1.044439
1.068277
0.753216
0.940890
0.956375
1.051078
0.890711
0.738578
0.563769
0.395324
0.429269
0.530927
0.627956
0.536129
0.465854
0.472159
0.408150
0.318706
0.380391
0.612490
0.654493
0.471016
0.322804
0.524229
0.760860
0.723073
0.689621
0.672224
0.688754
0.712238
0.599074
0.487112
0.387385
0.438470
0.470425
0.439199
0.583766
0.701855
0.789466
0.482088
0.293745
0.403047
0.635679
0.814014
0.920381
1.074976
1.452963
1.642232
1.765010
1.495163
0.978420
0.639836
0.437012
0.547634
0.651361
0.624981
0.561977
0.707962
0.757255
1.104646
0.944239
0.886258
0.790747
0.897114
0.814999
0.822604
0.903122
1.310740
1.133429
0.738243
0.387857
0.296424
0.338230
0.431358
0.442292
0.468613
0.491683
0.545270
0.696181
0.909821
1.057166
0.938466
0.691945
0.534651
0.495899
0.406849
0.545999
0.704850
0.946406
1.412044
1.436158
1.635061
1.076493
1.003382
0.877609
0.614027
0.585066
0.505690
0.581579
0.636959
0.656798
0.535360
0.465047
0.687769
0.989965
1.100331
1.013882
0.755226
0.544738
0.543398
0.417212
0.493456
0.625808
1.100568
1.105848
0.925680
0.706879
1.074345
1.219957
1.476171
1.124800
0.966994
0.644820
0.342702
0.430550
0.586721
0.701323
0.663201
0.677563
0.588002
0.519875
0.621238
0.760821
0.993945
1.015518
0.870478
0.762200
0.803434
0.740982
0.691453
0.580437
0.637688
0.595153
0.570074
0.347943
0.410494
0.375781
0.266971
0.224219
0.191870
0.188875
0.284367
0.355311
0.495741
0.494500
0.542000
0.778434
0.909722
0.838719
0.885785
0.438332
0.306097
0.203651
0.329818
0.345598
0.370560
0.361931
0.427831
0.558923
0.580870
0.480551
0.412917
0.334388
0.370422
0.882180
1.158194
1.159691
0.553249
0.427023
0.758791
0.771696
0.758516
0.520466
0.442055
0.472907
0.587273
0.915790
1.250809
1.137882
1.037800
0.912047
0.968274
1.144974
1.184790
1.132326
1.051334
1.004071
0.906728
1.196394
1.336056
1.350615
1.063589
0.859524
0.871522
0.842659
0.941264
1.078404
1.206383
1.326481
1.282055
1.500147
2.148139
1.814165
1.656122
0.913466
1.231305
1.342045
1.291669
1.354457
1.288714
1.186898
1.286035
1.292241
1.574894
2.655819
2.789531
2.369384
0.722659
0.454132
0.569305
0.853771
0.856825
0.759560
0.667831
0.666590
1.012247
1.416319
1.345828
1.088924
0.828238
1.104449
1.656240
1.604426
1.485943
1.257803
1.330441
1.397347
1.431292
1.329949
1.217416
1.053482
0.942210
0.975248
1.104094
1.000978
0.879245
0.811216
1.266491
1.252425
0.904107
0.612845
0.757058
0.851111
0.672914
0.508507
0.462210
0.569108
0.892779
0.884564
0.716887
0.499209
0.474681
0.416424
0.331985
0.458309
0.613712
1.131696
1.207900
1.167059
0.679514
0.516506
0.553170
0.586721
0.669742
0.596158
0.586564
0.644446
0.635738
0.724827
0.870202
0.965201
0.866301
0.676046
0.971072
1.157681
1.145033
0.783871
0.620174
0.653213
0.544048
0.556578
0.357931
0.334191
0.305467
0.289095
0.357813
0.541251
0.695590
0.657980
0.627089
0.532031
0.390773
0.307595
0.332911
0.280841
0.311318
0.356848
0.458250
0.551377
0.636900
0.730028
0.883303
0.911220
0.917898
1.364583
1.861664
2.239671
1.763986
1.179885
1.015183
1.150372
1.195527
1.002318
1.002338
1.063687
1.290960
1.451604
1.425145
1.415728
1.294467
1.135695
0.826110
0.871758
0.833912
1.090244
1.261861
1.244524
1.028934
0.896621
1.438660
1.607775
1.606337
0.946524
1.059195
1.049758
1.143339
1.611045
1.820784
1.759533
0.952277
0.603960
0.382735
0.205385
0.203809
0.461146
0.914726
1.602653
1.611695
1.542603
0.958581
1.014020
1.015813
1.101080
1.091151
1.008425
1.056969
1.089417
0.947391
0.774730
0.911200
0.913288
0.862282
0.559671
0.647716
1.029506
1.125864
1.264403
1.232822
1.161405
1.069893
0.994713
0.834208
0.762200
0.833400
0.834011
0.754615
0.606836
0.702742
0.686665
0.614224
0.712435
0.826327
1.079507
0.849161
0.750950
0.947194
0.970835
0.940496
0.766652
1.073695
1.704055
1.795980
1.531078
1.118003
1.810914
1.916335
1.793557
1.084019
0.858361
0.980075
1.239481
1.154194
1.157622
1.077123
0.961044
0.746557
0.678726
0.661704
0.612904
0.466308
0.346524
0.400230
0.469578
0.518358
0.809818
1.299412
1.394707
1.566245
1.626156
1.616936
1.647867
1.386865
1.322009
1.156184
1.067943
1.220528
1.759395
2.112086
2.257934
2.183385
1.607854
1.410940
1.113157
1.042883
1.373331
1.490198
1.603736
1.222853
1.071745
1.147476
1.381664
1.451742
1.197892
0.906846
0.795928
1.064554
1.102558
1.083388
0.863385
0.829578
0.680991
0.521431
0.504784
0.406101
0.316224
0.418828
0.492254
0.478148
0.603428
0.762022
0.873511
0.768189
0.713774
0.807059
0.884997
0.960295
1.101730
1.013823
1.200945
0.979031
1.105572
0.958049
1.053699
0.746596
0.544364
0.417389
0.387522
0.363723
0.503720
0.619918
0.675042
0.591272
0.673584
0.750891
0.731958
0.396289
0.275403
0.373535
0.410021
0.464968
0.390458
0.381218
0.358522
0.394694
0.468632
0.564498
0.519028
0.458466
0.598877
0.748606
0.902748
1.017724
0.975445
0.906294
0.716178
0.704731
0.688320
0.677248
0.507089
0.360591
0.362522
0.442311
0.609279
0.674687
0.736155
0.803671
0.867483
1.044419
0.960906
1.005155
0.841950
0.888327
1.078877
1.104902
1.347956
1.142906
1.313932
1.222755
1.077123
0.972411
0.751147
0.688852
0.680597
0.730008
0.989532
1.167473
1.106892
0.925700
0.337797
0.408091
0.634989
0.821973
0.753295
1.002022
1.000702
1.059176
0.915377
1.017173
1.030629
1.154332
1.367992
1.157839
1.022590
0.843329
0.931729
0.855780
0.586662
0.600906
0.845654
1.110162
1.072907
0.782847
0.727565
0.769292
0.725122
0.651479
0.751029
0.766396
0.831646
0.961320
1.057934
1.218420
0.894730
1.080256
1.631121
2.027706
2.925942
2.699260
2.235770
0.842719
0.449089
0.293193
0.244787
0.297074
0.383484
0.378972
0.343293
0.315475
0.385296
0.437091
0.457560
0.458348
0.495978
0.367664
0.226248
0.182157
0.404446
0.569837
0.711903
0.887637
0.687296
0.513216
0.383602
0.279284
0.297685
0.474740
0.624961
0.635718
0.441484
0.393472
0.432205
0.508074
0.646692
0.820003
0.985848
0.870832
0.620804
0.424679
0.434214
0.823825
0.890080
0.964767
0.894927
1.199527
1.167059
0.973357
0.750812
0.656976
0.671456
0.643362
0.528819
0.549880
0.584712
0.749197
0.914155
1.095170
1.109157
1.077182
1.003539
0.843763
0.501474
0.339274
0.590051
0.962029
1.083723
0.909525
0.789624
0.967013
1.268737
1.408556
1.233255
0.981238
0.489220
0.261730
0.253436
0.365457
0.412110
0.379051
0.213817
0.175656
0.200814
0.318233
0.580890
0.837852
0.949834
0.820633
0.592592
0.460397
0.673150
0.766278
0.794766
0.638122
0.579885
0.564439
0.588947
0.610481
0.733416
0.663044
0.635403
0.728629
0.778828
0.747109
0.848314
0.787457
0.925917
1.171709
1.704665
1.984639
2.110195
1.907588
1.689909
1.482003
0.967841
1.272717
1.657402
1.696194
1.376818
0.766573
0.583589
0.512192
0.529135
0.622026
0.678627
0.958424
0.986321
0.976943
0.619346
0.486206
0.552540
0.536444
0.543063
0.357537
0.218053
0.174139
0.182630
0.315239
0.832257
1.606691
2.031252
1.781008
1.411413
1.069460
0.902354
0.690941
0.683513
0.739149
0.756802
0.803060
0.935590
0.883579
0.768386
0.952631
1.155731
1.184968
1.169069
1.261251
1.671902
1.695386
1.324354
1.006081
0.839980
0.951272
0.884426
1.253567
1.467128
2.076328
2.305808
2.590786
1.796867
1.455504
0.988724
1.106793
1.226793
1.145802
1.067371
0.997333
1.216824
1.490730
1.451564
1.204748
1.041011
1.030294
0.863168
0.950248
0.920794
1.102459
1.226636
0.903378
0.893804
0.881018
0.935452
1.260305
1.443487
1.407552
1.099011
0.658473
0.448990
0.501967
0.622026
0.873866
1.237727
1.512145
1.455859
1.261310
1.183884
0.952257
0.825480
0.768681
0.911377
0.983700
1.109650
1.531393
2.142682
2.419976
2.110352
1.438955
1.111758
1.363638
1.801418
1.658111
1.647650
1.644459
1.466557
1.203960
0.404800
0.255465
0.249181
0.323651
0.406140
0.598168
1.009942
1.242909
1.182170
1.012444
0.951765
1.091348
1.098361
1.143181
1.099642
0.953242
0.765943
0.889666
1.293974
1.502511
1.357412
1.048163
1.127460
1.140955
1.211643
1.132740
0.952454
1.167493
1.112723
1.385447
1.341021
1.215288
1.056811
1.159593
0.981277
0.963960
0.909486
1.143792
1.657737
1.814677
1.634017
1.090757
0.517708
0.864902
1.101907
1.353669
1.345375
1.349650
1.348586
1.095209
1.117333
1.032500
0.914096
1.221316
1.455721
1.907844
1.868993
1.554464
1.162173
0.693718
0.605556
0.343510
0.453324
0.560420
0.743287
0.691709
0.649450
0.703254
0.748448
0.825519
0.945224
1.088353
1.324058
1.324629
0.995068
0.771775
0.553328
0.578210
0.530888
0.483428
0.747089
0.883933
1.053797
1.084413
1.464685
1.669065
1.544613
1.127361
0.905014
0.802528
0.542177
0.407086
0.486738
0.659694
0.847979
0.901822
0.912973
0.923080
1.311745
1.250297
1.064101
0.419320
0.399304
0.750241
1.079153
1.133035
0.903950
0.708987
0.755679
1.361845
1.614651
1.637504
0.712178
0.703451
0.598857
0.761550
0.887933
1.137744
1.036893
0.916046
0.667910
0.852845
1.474260
1.979812
1.702222
1.154253
1.093909
0.805720
0.927847
0.706859
0.587194
0.635738
0.798470
0.973672
1.210717
1.602633
1.633603
1.614670
1.007992
0.938447
0.882968
0.921208
0.848511
0.798253
0.555258
0.597123
0.714996
1.089141
1.283671
1.200236
0.818151
0.813600
0.944416
0.820693
0.737199
0.610166
0.527539
0.759205
0.843920
0.899379
1.086659
1.140995
1.044557
0.546826
0.459392
0.379110
0.303654
0.397137
0.425428
0.518240
0.386281
0.419340
0.357222
0.350937
0.446350
0.657429
1.216293
1.602456
1.986806
1.623024
1.118693
0.451019
0.357124
0.306196
0.379603
0.458998
