0.436210
0.517804
0.508943
0.716618
0.723633
0.786766
0.707573
0.709234
0.746154
0.697235
0.660500
0.728986
0.658654
0.638163
0.623764
0.478299
0.544755
0.494729
0.539402
0.607335
0.528880
0.503405
0.455224
0.463162
0.498975
0.452086
0.493990
0.550293
0.578906
0.606043
0.711449
0.846577
0.921894
0.855253
0.990011
1.096895
0.822948
0.757046
0.695758
0.654593
0.633548
0.664561
0.692066
0.720679
0.788059
1.004595
1.014932
0.868729
1.018993
0.802457
0.637609
0.544755
0.653116
0.638532
0.714772
0.569492
0.632441
0.681544
0.632810
0.667145
0.563585
0.502482
0.504143
0.479038
0.468885
0.444517
0.375477
0.391906
0.397260
0.287976
0.243119
0.249395
0.280408
0.268409
0.306621
0.381569
0.440272
0.525003
0.628933
0.587583
0.644070
0.580752
0.559523
0.509312
0.656439
0.694466
0.697974
0.863745
0.960106
0.866329
1.049083
1.318415
1.261004
1.302724
1.040961
0.967121
0.973951
0.955306
0.668253
0.732494
0.689113
0.665299
0.597366
0.542909
0.484391
0.411289
0.395598
0.448579
0.455778
0.486791
0.639640
0.570230
0.623949
0.662900
0.724556
0.615826
0.804303
0.842331
1.291648
1.394655
1.782500
1.835665
1.795976
1.369549
1.642019
1.445420
1.345736
1.172212
1.247529
1.016409
1.004779
0.947738
1.014932
0.748000
0.800058
0.796919
0.931678
0.792489
0.823871
0.733417
0.595705
0.434734
0.369385
0.361817
0.287423
0.431226
0.618965
0.633917
0.604381
0.832916
1.134369
1.153198
1.139907
1.016040
0.821287
0.483283
0.799504
1.167597
1.208763
1.098925
0.795073
0.783074
0.762215
0.744677
0.947184
1.063851
0.986319
1.116647
1.032469
0.813718
0.710896
0.851376
0.966198
0.964721
0.896603
0.806888
0.821102
0.567092
0.513743
0.610104
0.401875
0.337818
0.292961
0.223551
0.198261
0.242011
0.235181
0.324712
0.387661
0.670653
0.798581
0.839747
1.035054
1.119970
1.005333
1.028223
0.873159
0.823317
0.848607
1.061082
0.969890
0.829409
0.924478
0.873713
0.822394
0.834393
0.820364
1.014009
1.109817
1.187534
1.095418
0.912848
0.851192
0.758338
0.681729
0.636502
0.607889
0.614903
0.588690
0.759261
0.626164
0.659577
0.547524
0.519281
0.540325
0.564323
0.581491
0.681360
0.842516
0.861899
1.042622
1.203409
1.203409
1.159474
1.245498
1.375826
1.373241
1.240329
1.271711
1.327830
1.303647
1.390778
2.103151
1.889199
1.853202
1.898983
1.675801
1.534213
1.441174
1.151906
1.095603
1.043915
1.356627
1.744842
1.654018
1.483263
1.704045
1.484740
1.253436
1.006071
1.002379
0.921525
0.814641
0.935370
1.139537
1.175904
1.445605
1.420684
1.604546
1.869816
2.036879
2.007343
2.254892
2.205973
2.051463
1.825881
1.697769
1.657710
1.439144
1.556919
1.342229
1.165935
1.015117
0.817041
0.683944
0.412212
0.351664
0.348525
0.506728
0.532387
0.445625
0.428457
0.395968
0.316589
0.366616
0.435472
0.417381
0.516696
0.503959
0.451717
0.506728
0.561000
0.554539
0.546601
0.874821
0.978197
0.835132
0.928539
0.810580
0.812980
0.727510
0.781413
0.695943
0.818887
0.848423
0.955676
1.008102
0.978751
0.787320
0.738955
0.683575
0.661238
0.523711
0.462239
0.457624
0.425873
0.477376
0.447840
0.489006
0.554539
0.580752
0.562477
0.541063
0.548447
0.541802
0.536818
0.449132
0.347787
0.353140
0.287238
0.312528
0.401321
0.334126
0.374000
0.393383
0.339111
0.385999
0.405013
0.353140
0.271178
0.226135
0.270439
0.303852
0.284654
0.270070
0.284284
0.285946
0.420519
0.504697
0.526849
0.585921
0.572076
0.609550
0.562662
0.486606
0.535341
0.510420
0.524080
0.520757
0.497498
0.595520
0.544202
0.466854
0.454117
0.409074
0.547340
0.467592
0.395045
0.295176
0.266009
0.214506
0.182016
0.134204
0.086578
0.057780
0.086947
0.148972
0.182570
0.253456
0.301452
0.386738
0.297391
0.242749
0.234627
0.209337
0.191800
0.186631
0.225212
0.258071
0.271547
0.294622
0.249949
0.240719
0.194199
0.205645
0.291668
0.284654
0.280408
0.226874
0.174632
0.170571
0.186262
0.169832
0.134943
0.168540
0.188661
0.216905
0.218751
0.227981
0.181462
0.205829
0.219859
0.268409
0.230381
0.219305
0.206198
0.239427
0.215244
0.172786
0.124051
0.119806
0.103745
0.103561
0.118883
0.132912
0.131066
0.102269
0.112606
0.109837
0.128666
0.175739
0.187000
0.225766
0.276716
0.300345
0.299422
0.290745
0.276347
0.318435
0.232966
0.202691
0.226505
0.214136
0.184600
0.185523
0.183677
0.185892
0.172417
0.125344
0.086024
0.066456
0.054272
0.043566
0.055380
0.067379
0.060918
0.071256
0.081593
0.089531
0.108176
0.141035
0.161525
0.109099
0.089531
0.075132
0.057411
0.059072
0.031197
0.018460
0.019937
0.028428
0.025844
0.021598
0.034889
0.054272
0.069779
0.081963
0.069410
0.074948
0.072363
0.084732
0.071810
0.052611
0.076240
0.079378
0.078640
0.107068
0.122944
0.094146
0.143065
0.178878
0.306252
0.464085
0.613611
0.639271
0.852115
1.006071
1.303832
1.574456
1.260081
1.146183
0.941831
0.982073
0.865221
0.916356
1.258420
1.113693
1.072343
1.673955
1.827912
1.907844
1.747795
2.275014
2.330578
2.326148
2.445215
2.167207
2.527916
2.528654
2.369529
2.179022
2.070107
2.136194
1.736904
1.869447
1.746503
1.452804
1.404993
1.116462
0.968413
0.717910
0.578537
0.479222
0.397444
0.364401
0.410366
0.443779
0.597920
0.866883
0.814641
0.823502
0.992411
1.082681
1.408869
1.422714
1.668233
1.228884
1.412007
1.455758
1.222238
1.118678
1.067913
1.001272
1.193256
1.167781
1.388748
1.116462
1.304016
1.155044
1.037269
1.209316
1.395024
1.136215
1.332814
1.415699
1.503385
1.530336
1.200086
1.304570
1.417545
1.486032
1.527567
1.498400
1.548242
1.384687
1.170181
1.426591
1.276326
1.163535
1.247898
1.494708
1.515937
1.262112
1.207470
1.100033
1.134184
1.208763
1.193995
1.326907
1.411269
1.457973
1.580917
1.460373
1.270788
1.407023
1.495816
1.384502
1.166489
1.167043
1.191226
1.028962
0.851376
0.846208
0.720679
0.698158
0.940723
0.860791
0.809657
0.750954
0.584629
0.717910
0.754461
0.710157
0.694651
0.816856
0.817779
0.893834
0.893465
0.991303
1.392255
1.517230
1.721213
1.549165
1.318600
1.208578
1.254913
1.480494
1.347582
1.216885
1.169073
1.077512
1.029146
1.421976
1.367334
1.290910
1.618944
2.101489
2.058662
1.974115
2.116811
1.908951
2.072323
1.814251
1.543443
1.399639
1.128831
1.291833
1.544920
1.366965
1.183842
1.098925
0.990380
1.022501
0.986135
1.110371
1.181073
0.976351
0.975797
1.130677
1.174242
1.423083
1.544550
1.138245
1.205994
1.190856
1.205809
1.193441
1.305862
0.873528
0.988350
1.410900
1.518706
1.674878
1.629282
1.759425
1.555626
1.603253
1.420868
1.330045
1.341675
1.273188
1.080650
1.095603
1.077881
0.968413
1.056652
1.033946
1.110555
0.940908
0.895496
1.099110
1.045022
0.994072
0.994626
0.817779
0.781782
0.629856
0.509866
0.530172
0.560262
0.802273
0.977089
1.127169
1.630205
1.623929
1.860217
1.822558
1.901014
1.647927
1.609530
1.552488
1.296448
1.677278
1.754626
1.270604
1.211162
1.305493
1.127723
1.017517
0.929647
0.912848
0.883866
0.825532
0.806149
0.719756
0.484206
0.451901
0.404459
0.344464
0.353694
0.633733
0.771814
0.738401
0.808734
0.973582
0.922448
0.966198
0.958814
1.007548
1.050929
0.886450
0.778459
0.866329
0.552139
0.645547
0.495652
0.394491
0.281700
0.256594
0.306067
0.294991
0.318435
0.337080
0.402982
0.441933
0.488268
0.574476
0.534602
0.554908
0.663269
0.511712
0.557677
0.523157
0.355725
0.278746
0.289453
0.135497
0.110022
0.074025
0.011445
0.047811
0.210629
0.547524
0.819441
1.302170
1.358658
1.442097
1.386348
1.246790
1.030808
0.908418
0.812057
0.927986
0.799873
0.826640
0.817225
1.041330
1.030623
1.118124
1.134922
1.252328
1.395209
1.125692
1.146552
1.295709
1.279280
1.145998
1.223715
1.153567
1.173873
1.042069
0.845469
0.670468
0.453932
0.278193
0.126267
0.387476
0.670837
0.674345
0.870206
0.857099
1.004225
0.960475
0.867806
0.982812
1.241068
1.254728
1.213193
1.231838
1.206917
1.272080
1.273188
1.168150
1.050745
0.885897
0.857099
1.077327
1.111663
1.063113
1.150244
1.303462
1.410346
1.361427
1.345921
1.066805
1.125692
1.111663
0.979304
0.889404
0.992042
1.035977
0.993888
1.145814
1.314169
1.390778
1.375457
1.337060
1.434159
1.355335
1.212824
1.033577
1.028223
0.851192
0.881651
0.988904
1.121262
1.747980
1.457050
1.859663
1.740781
2.050540
1.656787
1.656972
1.762933
1.703676
1.632605
1.620237
1.537905
1.703860
1.655126
1.950856
2.096690
2.066046
1.840834
1.851171
1.776778
1.647742
1.425114
1.230361
0.872236
0.726771
0.727510
0.666038
0.700743
0.939062
1.241806
1.472372
1.507446
1.666756
1.846741
1.937749
2.157054
1.914120
1.953625
1.733027
1.697769
1.190303
1.065513
1.019732
0.819441
0.668068
0.584814
0.632256
0.669545
0.897526
1.316384
1.303093
1.445235
1.394286
1.331153
1.218362
0.968228
0.871867
0.592751
0.406859
0.324896
0.273762
0.253641
0.251241
0.362186
0.427534
0.484022
0.492883
0.698712
0.844362
1.311769
1.429729
1.813882
1.794684
1.687985
1.845633
1.423453
1.241068
0.888481
0.637056
0.486053
0.528511
0.543094
0.393568
0.408520
0.332650
0.287792
0.261209
0.345941
0.427350
0.618780
0.623210
0.569307
0.779198
0.997395
0.863929
0.801165
0.808918
0.635763
0.510235
0.545309
0.569492
0.648316
0.641855
0.692066
0.761476
0.922632
1.016963
0.988719
0.991488
0.876482
0.857468
0.866883
0.637425
0.824056
0.798212
0.753354
0.693543
0.824056
0.836608
0.735817
0.523342
0.528326
0.529618
0.594044
0.546232
0.587029
0.660869
1.016963
1.170366
1.251590
1.213193
1.143045
1.252513
1.051114
0.927247
1.218362
1.156336
1.327830
1.329307
1.451512
1.427145
1.655126
1.622821
1.471264
1.479940
1.359027
1.101141
0.922448
0.861714
0.814087
0.843069
0.653670
0.641117
0.799319
1.047237
0.932416
1.137691
1.222608
1.398347
1.431206
1.149875
1.143783
1.017886
0.738032
0.534602
0.628564
1.206363
1.195841
1.230915
1.170550
1.314908
1.483079
1.564118
1.550273
1.256943
1.312692
1.226853
1.111294
1.208578
1.080281
1.100587
1.003672
0.953276
0.882758
0.639640
0.547155
0.535895
0.620811
0.654777
0.575399
0.619888
0.557308
0.534418
0.375108
0.248103
0.142142
0.198445
0.326558
0.410551
0.577614
0.587952
0.622841
0.657546
0.699081
0.751692
0.625057
0.500636
0.421996
0.308836
0.388214
0.847315
0.670468
0.478484
0.858207
0.843992
1.041330
0.866883
0.669176
0.695205
0.529803
0.560446
0.524265
0.945523
0.954014
1.026377
1.089142
1.147660
1.025270
0.823502
0.657915
0.685421
0.697051
0.708311
0.993334
1.166674
1.078619
1.425114
1.359027
1.173319
1.205071
1.027485
0.748369
0.000369
0.000369
0.000369
0.000369
0.000369
0.000369
0.000369
0.000369
0.000369
0.000369
0.000369
0.000369
0.000369
0.000369
0.000369
0.000369
0.000369
0.000369
0.000369
0.000369
0.000369
0.000369
0.000369
0.000369
0.000369
0.000369
0.000369
0.000369
0.000369
0.000369
0.000369
0.000369
0.000369
0.000369
0.000369
0.000369
0.000369
0.000369
0.000369
0.000369
0.000369
0.000369
0.000369
0.000369
0.000369
0.000369
0.000369
0.000369
0.000369
0.000369
0.000369
0.000369
0.000369
0.000369
0.000369
0.000369
0.000369
0.000369
0.000369
0.000369
0.000369
0.000369
0.000369
0.000369
0.000369
0.000369
0.000369
0.000369
0.000369
0.000369
0.000369
0.000369
0.000369
0.000369
0.000369
0.000369
0.000369
0.000369
0.000369
0.000369
0.000369
0.000369
0.000369
0.000369
0.000369
0.000369
0.000369
0.000369
0.000369
0.000369
0.000369
0.000369
0.000369
0.000369
0.000369
0.000369
0.000369
0.000369
0.000369
0.000369
0.000369
0.000369
0.000369
0.000369
0.000369
0.000369
0.000369
0.000369
0.000369
0.000369
0.000369
0.000369
0.000369
0.000369
0.000369
0.000369
0.000369
0.000369
0.000369
0.000369
0.000369
0.000369
0.000369
0.000369
0.000369
0.000369
0.000369
0.000369
0.000369
0.000369
0.000369
0.000369
0.000369
0.000369
0.000369
0.000369
0.000369
0.000369
0.000369
0.000369
0.000369
0.000369
0.000369
0.000369
0.000369
0.000369
0.000369
0.000369
0.000369
0.000369
0.000369
0.000369
0.000369
0.000369
0.000369
0.000369
0.000369
0.000369
0.000369
0.000369
0.000369
0.000369
0.000369
0.000369
0.000369
0.000369
0.000369
0.000369
0.000369
0.000369
0.000369
0.000369
0.000369
0.000369
0.000369
0.000369
0.000369
0.000369
0.000369
0.000369
0.000369
0.000369
0.000369
0.000369
0.000369
0.000369
0.000369
0.000369
0.000369
0.000369
0.000369
0.000369
0.000369
0.000369
0.000369
0.000369
0.000369
0.000369
0.000369
0.000369
0.000369
0.000369
0.000369
0.000369
0.000369
0.000369
0.000369
0.000369
0.000369
0.000369
0.000369
0.000369
0.000369
0.000369
0.000369
0.000369
0.000369
0.000369
0.000369
0.000369
0.000369
0.000369
0.000369
0.000369
0.000369
0.000369
0.000369
0.000369
0.000369
0.425504
0.565431
0.678221
0.949953
1.119231
1.038561
1.415146
1.238852
1.084157
1.203409
1.093203
1.118308
1.368626
1.452250
1.462588
1.364750
1.251590
1.215039
1.568918
1.664910
1.434159
1.232945
1.369180
1.412377
1.234422
0.919309
0.800796
0.839931
0.936108
0.971367
0.949215
0.970074
0.775690
0.708680
0.573738
0.534049
0.526295
0.459285
0.454486
0.390799
0.487714
0.509866
0.494175
0.419781
0.329511
0.275054
0.236658
0.151372
0.157279
0.298314
0.363293
0.343910
0.439349
0.379907
0.447286
0.475899
0.621918
0.707942
0.723818
0.668253
0.834762
0.832732
0.914879
0.811687
0.787874
0.573738
0.454855
0.448948
0.376769
0.369570
0.353879
0.419043
0.465193
0.506359
0.560816
0.618595
0.690405
0.872790
0.912664
1.026008
0.941092
0.839193
0.869467
0.870390
0.724187
0.691882
0.645178
0.514666
0.525372
0.480884
0.467408
0.428088
0.459839
0.479591
0.448579
0.517619
0.492514
0.581122
0.467223
0.566354
0.524819
0.570784
0.539033
0.604197
0.465008
0.389507
0.343172
0.510604
0.609735
0.551401
0.694651
0.776798
0.798765
0.709973
0.826825
0.759999
0.635579
0.679329
0.680437
0.708127
0.631518
0.514296
0.562292
0.518911
0.471284
0.394122
0.402982
0.424211
0.498421
0.489745
0.503590
0.529064
0.520204
0.404275
0.338557
0.326189
0.276716
0.274685
0.225582
0.219121
0.184600
0.209891
0.180170
0.229089
0.277639
0.337634
0.467592
0.457255
0.655146
0.821287
0.711634
0.548632
0.574845
0.620257
0.553062
0.601428
0.715880
0.576322
0.468885
0.349079
0.333019
0.311790
0.298868
0.277823
0.305698
0.309205
0.305883
0.281515
0.288899
0.309575
0.324158
0.383046
0.370677
0.522234
0.570230
0.472577
0.439164
0.425134
0.401875
0.263055
0.264532
0.259363
0.167986
0.170017
0.180908
0.205460
0.163556
0.152664
0.203060
0.203429
0.206752
0.202506
0.179431
0.167986
0.192723
0.175555
0.164294
0.165771
0.180354
0.249395
0.218198
0.151926
0.144727
0.159864
0.184600
0.234812
0.223736
0.213583
0.247364
0.281700
0.262502
0.193830
0.160048
0.163371
0.108730
0.084178
0.091377
0.173893
0.180354
0.188477
0.223920
0.218936
0.220413
0.192907
0.178878
0.149157
0.121467
0.155618
0.153403
0.164663
0.197338
0.163556
0.146757
0.129589
0.074394
0.131620
0.146203
0.136235
0.125159
0.112975
0.110576
0.094515
0.117960
0.141588
0.125159
0.129036
0.182754
0.227058
0.285946
0.291484
0.268593
0.275054
0.276162
0.321204
0.405936
0.361632
0.260102
0.292591
0.244042
0.189400
0.155987
0.117590
0.106699
0.086208
0.076240
0.076978
0.073102
0.066087
0.086208
0.097654
0.146388
0.172970
0.162264
0.157095
0.144911
0.191615
0.201768
0.191246
0.226874
0.287238
0.233519
0.253272
0.281146
0.231673
0.231304
0.211367
0.212106
0.186077
0.185892
0.201214
0.183308
0.212660
0.225397
0.187923
0.198630
0.194199
0.238504
0.235550
0.176662
0.155803
0.135866
0.110206
0.050027
0.044304
0.033413
0.071810
0.080301
0.100792
0.117037
0.121098
0.106145
0.103376
0.088793
0.073840
0.075686
0.054457
0.059810
0.059810
0.075871
0.088793
0.137158
0.146203
0.144542
0.153957
0.136789
0.124051
0.109099
0.097838
0.079378
0.081963
0.083070
0.095992
0.109653
0.081409
0.074209
0.069964
0.079932
0.055380
0.080670
0.100238
0.081224
0.080855
0.067748
0.059257
0.052057
0.046519
0.024183
0.005538
0.019014
0.033413
0.049288
0.038028
0.038951
0.048550
0.054826
0.046519
0.047442
0.066456
0.069225
0.078086
0.078086
0.082147
0.075502
0.119252
0.125713
0.160602
0.151741
0.130512
0.102453
0.091931
0.089162
0.115006
0.092300
0.070702
0.071994
0.073840
0.085655
0.101899
0.090085
0.062026
0.043935
0.031936
0.028428
0.036735
0.042827
0.058887
0.067194
0.073286
0.066456
0.050580
0.027690
0.021598
0.021044
0.016614
0.018460
0.032120
0.030828
0.027690
0.045227
0.057595
0.077901
0.091931
0.135312
0.153034
0.119990
0.112422
0.095808
0.089716
0.066825
0.057226
0.054826
0.071625
0.098577
0.095808
0.103930
0.096731
0.098392
0.080855
0.068302
0.087316
0.081409
0.086024
0.076425
0.092300
0.065533
0.073286
0.079194
0.102638
0.097284
0.099500
0.116852
0.129036
0.095992
0.096546
0.077348
0.053719
0.041166
0.032674
0.021414
0.020860
0.022706
0.020306
0.032859
0.050396
0.055380
0.073471
0.080301
0.061841
0.062026
0.067010
0.085655
0.111129
0.129405
0.144173
0.133097
0.125159
0.136420
0.121652
0.115744
0.092669
0.092485
0.080855
0.084362
0.064610
0.074948
0.063318
0.034889
0.019937
0.013845
0.026952
0.027690
0.038397
0.039504
0.018460
0.018829
0.020675
0.018460
0.023075
0.029905
0.056303
0.076978
0.089531
0.091931
0.095254
0.090085
0.107991
0.103376
0.130882
0.113898
0.115744
0.086762
0.081409
0.092485
0.072363
0.070148
0.069225
0.074948
0.076425
0.097838
0.096731
0.074394
0.057226
0.057041
0.062949
0.057411
0.048734
0.046150
0.046150
0.049288
0.055380
0.051873
0.048550
0.061841
0.097469
0.117775
0.119252
0.120175
0.129405
0.137712
0.135312
0.117960
0.103192
0.094885
0.070333
0.077348
0.079378
0.068117
0.064979
0.088608
0.110760
0.128666
0.137343
0.128666
0.084547
0.069779
0.060918
0.063502
0.049842
0.046150
0.032120
0.027690
0.027690
0.027690
0.032859
0.028798
0.039135
0.066087
0.067564
0.064610
0.055011
0.044858
0.036551
0.031567
0.040981
0.045227
0.040058
0.048181
0.038028
0.038397
0.030274
0.017906
0.031567
0.050211
0.062210
0.093408
0.092854
0.093777
0.075871
0.073286
0.062210
0.050396
0.055565
0.060733
0.050765
0.045412
0.050765
0.071810
0.066641
0.057226
0.054272
0.039874
0.027690
0.035074
0.034151
0.021783
0.018460
0.028059
0.036920
0.029721
0.040427
0.048365
0.012368
0.009230
0.009230
0.030644
0.046335
0.038951
0.046150
0.038028
0.034705
0.044858
0.033597
0.032120
0.043012
0.064795
0.071440
0.091008
0.066271
0.089162
0.117775
0.120175
0.129036
0.127005
0.132543
0.130697
0.112791
0.094515
0.068856
0.034705
0.035812
0.048181
0.066271
0.102638
0.120544
0.114637
0.106330
0.104299
0.072363
0.098023
0.098392
0.069964
0.055380
0.049104
0.030644
0.026398
0.040058
0.055565
0.059995
0.047258
0.056303
0.068302
0.066087
0.074209
0.075317
0.047811
0.042089
0.062026
0.044304
0.036366
0.027690
0.024736
0.026029
0.046888
0.058334
0.059257
0.063502
0.065902
0.075871
0.062764
0.070517
0.070702
0.077163
0.091377
0.079009
0.075686
0.101346
0.107991
0.133651
0.173524
0.166694
0.149711
0.135312
0.141219
0.121467
0.116298
0.095254
0.059441
0.041904
0.026398
0.018460
0.010891
0.016060
0.021414
0.027690
0.027690
0.022706
0.015876
0.009230
0.000369
0.012737
0.018460
0.016614
0.004615
0.000369
0.020121
0.027690
0.031567
0.040981
0.051319
0.057226
0.072733
0.054088
0.069040
0.063133
0.057226
0.055380
0.126451
0.084362
0.062026
0.071440
0.071810
0.064610
0.049288
0.046888
0.029536
0.033413
0.023444
0.017906
0.015137
0.021414
0.035443
0.048734
0.055380
0.058703
0.052980
0.062026
0.040058
0.028059
0.018829
0.003507
0.000369
0.003877
0.009230
0.009230
0.009230
0.007938
0.000369
0.000369
0.000369
0.000369
0.000369
0.006092
0.009230
0.009230
0.011076
0.016799
0.009230
0.009968
0.024367
0.033413
0.041166
0.048734
0.059441
0.070148
0.068671
0.089900
0.074579
0.053534
0.056118
0.047442
0.107622
0.138081
0.149895
0.139558
0.093777
0.062026
0.041720
0.019014
0.009230
0.010522
0.013107
0.009230
0.017168
0.018460
0.023260
0.026398
0.020675
0.016245
0.015691
0.019937
0.027690
0.026029
0.027690
0.021783
0.017722
0.027136
0.038212
0.048919
0.053534
0.048365
0.061287
0.055195
0.049104
0.057411
0.053349
0.041350
0.050765
0.064610
0.060733
0.086578
0.099500
0.064056
0.046888
0.001108
0.000554
0.009230
0.009230
0.009230
0.009230
0.030644
0.037843
0.035812
0.027690
0.025844
0.012922
0.014399
0.018829
0.018460
0.009230
0.013845
0.018460
0.024736
0.022521
0.018460
0.026582
0.036182
0.071256
0.072179
0.081593
0.081224
0.077717
0.055565
0.046150
0.038212
0.005353
0.000369
0.022706
0.034151
0.013845
0.029351
0.027690
0.024367
0.032490
0.046150
0.030090
0.131620
0.118144
0.069225
0.034705
0.037105
0.027321
0.018460
0.018460
0.018460
0.012553
0.003507
0.007384
0.009230
0.009230
0.009230
0.016983
0.030274
0.033413
0.019752
0.018829
0.023075
0.036920
0.036920
0.028798
0.016799
0.009230
0.009230
0.001477
0.000369
0.000369
0.000369
0.000369
0.000369
0.000369
0.000369
0.000369
0.009230
0.009230
0.018645
0.019198
0.029905
0.045781
0.046150
0.036366
0.030274
0.028428
0.027690
0.017722
0.009230
0.009230
0.001477
0.000369
0.000369
0.008861
0.018460
0.018460
0.018460
0.018829
0.018460
0.018460
0.011630
0.000369
0.000369
0.004430
0.016983
0.018460
0.010153
0.009230
0.009045
0.009230
0.017906
0.010707
0.009230
0.011999
0.009230
0.017352
0.033228
0.044489
0.046150
0.054272
0.045781
0.028244
0.009784
0.000923
0.000369
0.006276
0.017537
0.018460
0.018829
0.026029
0.024736
0.037843
0.039135
0.036920
0.033597
0.028428
0.019752
0.023998
0.015506
0.019198
0.027690
0.023260
0.032305
0.018460
0.018460
0.022706
0.019198
0.023075
0.018460
0.018460
0.018460
0.010707
0.000369
0.000369
0.014768
0.040058
0.046150
0.046150
0.046704
0.052242
0.034889
0.036920
0.035812
0.019383
0.016245
0.019568
0.018829
0.016060
0.009230
0.009230
0.009230
0.004061
0.000369
0.005538
0.018460
0.022337
0.024736
0.027690
0.027690
0.029167
0.018460
0.005723
0.018460
0.018460
0.018460
0.018460
0.036551
0.057226
0.050765
0.076425
0.092669
0.111683
0.094885
0.077901
0.058703
0.045227
0.028059
0.012922
0.009230
0.009230
0.008492
0.000369
0.001661
0.018460
0.027690
0.028428
0.027690
0.025106
0.018460
0.021044
0.018460
0.010338
0.009230
0.009230
0.009230
0.000738
0.000369
0.000738
0.009230
0.009230
0.009230
0.009230
0.006276
0.000369
0.002769
0.012553
0.026213
0.036920
0.036920
0.043935
0.027690
0.019752
0.008122
0.000369
0.000369
0.000369
0.000369
0.000369
0.000369
0.006646
0.018645
0.018460
0.029905
0.036920
0.036920
0.038581
0.046335
0.036920
0.023075
0.019014
0.020675
0.022337
0.027321
0.044304
0.065718
0.058703
0.051873
0.034520
0.025844
0.015322
0.010338
0.011445
0.009230
0.012553
0.018460
0.021229
0.026398
0.035259
0.029351
0.041904
0.034520
0.047996
0.037658
0.028428
0.016799
0.004615
0.000369
0.000369
0.008122
0.023813
0.031197
0.033782
0.025844
0.009230
0.009230
0.009230
0.009230
0.016799
0.020860
0.030644
0.052426
0.065533
0.080855
0.078086
0.078086
0.090270
0.106884
0.077901
0.053165
0.036920
0.044489
0.038766
0.038028
0.048181
0.071810
0.096361
0.126820
0.131805
0.118513
0.094146
0.064425
0.057780
0.101530
0.134943
0.153957
0.192169
0.237027
0.266932
0.268409
0.311974
0.362186
