0.048930
0.048930
0.053364
0.063609
0.061621
0.051988
0.036544
0.036392
0.033333
0.015902
0.027370
0.020184
0.011927
0.009480
0.023547
0.016514
0.015596
0.013456
0.001070
0.010398
0.010550
0.014067
0.018807
0.016973
0.015291
0.015291
0.015291
0.009480
0.010703
0.014679
0.028899
0.025229
0.023547
0.022324
0.015291
0.014679
0.017584
0.022936
0.023853
0.033945
0.020184
0.015291
0.023700
0.030581
0.037615
0.038074
0.030734
0.022936
0.025077
0.018960
0.020948
0.019878
0.026606
0.029970
0.037768
0.053976
0.059786
0.076759
0.076912
0.093425
0.089603
0.092508
0.087156
0.083334
0.074618
0.066973
0.052294
0.022324
0.033028
0.038532
0.034251
0.046789
0.058563
0.071713
0.067279
0.069572
0.079511
0.077370
0.089756
0.106881
0.115138
0.069266
0.057034
0.059786
0.069572
0.077064
0.077370
0.073701
0.071866
0.051529
0.083028
0.132416
0.140367
0.135933
0.116361
0.116973
0.148319
0.150918
0.178441
0.163762
0.137156
0.115138
0.081805
0.082569
0.079358
0.072172
0.070642
0.070031
0.070337
0.074006
0.069725
0.056575
0.058869
0.061315
0.047248
0.051988
0.049694
0.054282
0.062997
0.064985
0.063609
0.052447
0.043731
0.024312
0.020031
0.022936
0.019113
0.024618
0.029970
0.019572
0.014220
0.020642
0.030734
0.026759
0.015291
0.015291
0.022936
0.041590
0.066667
0.091743
0.109481
0.103823
0.090214
0.053364
0.045872
0.046330
0.044190
0.036392
0.040826
0.046942
0.069266
0.081499
0.089603
0.090061
0.096178
0.124159
0.133487
0.106881
0.136851
0.178747
0.149236
0.148471
0.124159
0.114679
0.102447
0.077982
0.049847
0.066208
0.076912
0.085780
0.077829
0.076759
0.082416
0.094190
0.072477
0.073548
0.077217
0.088685
0.073395
0.064373
0.052447
0.052905
0.066973
0.096178
0.109786
0.135474
0.119114
0.143426
0.133793
0.124771
0.111468
0.125994
0.099695
0.093731
0.056575
0.067737
0.089450
0.119114
0.103976
0.102753
0.120796
0.101988
0.093578
0.091591
0.098624
0.109939
0.110398
0.114526
0.117585
0.132263
0.139144
0.153976
0.148319
0.161468
0.140062
0.144037
0.148471
0.147401
0.093731
0.122630
0.176912
0.201377
0.222784
0.199389
0.207340
0.138227
0.099389
0.114985
0.106117
0.068808
0.083181
0.102141
0.133793
0.132416
0.130734
0.116667
0.105352
0.055505
0.052294
0.087615
0.135322
0.140215
0.192203
0.267585
0.255811
0.328594
0.300001
0.248472
0.118043
0.117126
0.114373
0.119114
0.125994
0.160704
0.202141
0.204282
0.166056
0.163762
0.137004
0.104435
0.077217
0.106881
0.111927
0.099847
0.116667
0.202294
0.190673
0.222325
0.287922
0.231652
0.231499
0.217738
0.198013
0.157187
0.145719
0.116973
0.109939
0.102447
0.085627
0.066208
0.051529
0.065749
0.064373
0.077676
0.079205
0.093884
0.086392
0.090214
0.122172
0.108257
0.089603
0.106881
0.109175
0.153364
0.193884
0.103211
0.164679
0.190368
0.275842
0.343732
0.462999
0.519727
0.595568
0.575843
0.686547
0.708718
0.722938
0.799085
0.597250
0.587311
0.460552
0.234557
0.244649
0.291744
0.374772
0.396485
0.451684
0.628290
0.721409
0.633794
0.572020
0.533641
0.369573
0.336546
0.368962
0.480583
0.384558
0.505659
0.580736
0.548932
0.494497
0.343426
0.312386
0.288686
0.255505
0.241744
0.262080
0.296484
0.394497
0.447096
0.452754
0.497555
0.484864
0.401989
0.374925
0.311622
0.278594
0.318503
0.337310
0.421714
0.405047
0.489910
0.535170
0.545568
0.631348
0.612387
0.555048
0.633488
0.665446
0.325383
0.289756
0.378289
0.394956
0.379665
0.517433
0.629666
0.847862
1.172328
1.414225
1.320647
1.566213
1.624776
1.443277
1.168811
0.963918
0.854590
0.876150
0.853520
0.852908
0.894040
0.968505
0.968046
1.113612
0.715293
0.754437
0.799697
0.938688
0.977068
1.011319
0.888229
0.841593
0.722174
0.792052
1.010248
0.915905
0.984101
0.994499
0.886700
0.696027
0.595262
0.768198
0.904437
0.929667
0.908566
0.920798
0.917587
0.887924
0.844498
0.824926
0.686700
0.811165
0.898474
0.911471
1.050768
1.145570
1.020187
1.162542
0.265291
0.291133
0.391286
0.454589
0.520032
0.578901
0.631348
0.854590
0.860859
0.961624
0.973245
1.000921
1.308567
1.253063
1.217283
1.341442
1.462390
1.697865
1.566978
1.370035
1.298934
1.103827
1.037618
0.786394
0.821868
0.703519
0.722785
0.915600
0.979208
0.935019
0.793428
0.632571
0.652449
0.566974
0.546026
0.524008
0.627525
0.729819
0.946028
1.092359
1.392818
1.355204
1.569119
1.751535
1.847407
1.756887
1.868508
1.586703
1.668507
1.646948
1.457803
1.246946
1.331809
1.155814
1.081502
0.999698
1.124928
0.825691
0.725079
0.527984
0.390521
0.185322
0.067737
0.022783
0.007645
0.001070
0.001070
0.001070
0.001070
0.001070
0.004281
0.029817
0.070948
0.129817
0.201071
0.298166
0.332876
0.403977
0.585782
0.624314
0.576608
0.518809
0.537617
0.526149
0.717128
0.992817
1.131044
1.474164
1.569425
1.624623
1.612085
1.648171
1.480433
1.301075
1.074316
1.038842
0.792663
0.712541
0.848780
0.671409
0.578442
0.534864
0.531806
0.485323
0.483182
0.422173
0.467892
0.663458
0.779513
1.004744
1.292359
1.186854
1.137925
1.058108
0.850003
0.807189
0.606271
0.487463
0.489298
0.625843
0.527831
0.637770
0.651531
0.754284
0.715140
0.831196
0.845722
0.777831
0.772939
0.726914
0.805660
0.817893
0.775385
0.761012
0.713152
0.827067
1.060095
1.258720
1.224775
1.375846
1.568660
1.454286
1.346794
1.288231
1.221258
1.598018
1.490219
1.826153
1.778141
1.876918
2.029977
2.238387
1.890985
1.583645
1.692055
1.345723
1.635939
1.822789
1.864227
2.000313
2.244809
2.168662
2.300773
2.214993
2.048325
1.608721
1.443736
1.308262
1.098169
0.979361
1.060248
1.110249
1.182726
1.259943
1.283644
1.415907
1.593125
1.755358
1.773248
1.815603
1.406886
1.145723
1.052756
1.090982
1.008872
0.743428
0.602449
0.548779
0.528748
0.412234
0.526607
0.563916
0.712388
0.814835
0.960554
0.828596
0.922633
1.013612
1.239454
1.153521
1.200922
1.217588
1.314531
1.481810
1.378292
1.630740
1.826459
1.863768
1.509638
1.697101
1.633186
1.235631
1.076151
1.076915
1.086395
1.145570
1.162695
0.983490
0.844345
0.764529
0.751073
0.688076
0.719727
0.675538
0.604589
0.650461
0.648320
0.663764
0.779361
0.708412
0.659177
0.779208
0.772174
0.753978
0.906425
0.877679
0.874009
0.670186
0.667586
0.678749
0.507647
0.511470
0.568962
0.589757
0.701379
0.658412
0.549696
0.590828
0.579513
0.584559
0.550766
0.714834
0.695568
0.728443
0.866670
0.854284
0.835018
0.947251
0.999239
0.957954
0.921869
0.935936
0.951685
1.087466
1.107496
1.231197
1.304592
1.341442
1.445571
1.437467
1.302451
1.103979
1.162237
1.370647
1.035019
0.955967
1.091441
1.151227
1.267130
1.160707
0.996640
0.996487
0.833489
0.556577
0.439604
0.442815
0.488993
0.418503
0.582877
0.636699
0.744345
0.906578
0.821104
0.752602
0.628443
0.532724
0.518198
0.422631
0.418962
0.465904
0.423855
0.475231
0.645415
0.643733
0.685935
0.749850
0.952909
1.066365
1.225692
1.363766
1.378292
1.451075
1.720495
1.570648
1.515602
1.369271
1.270341
1.075080
1.170341
0.874468
0.918046
0.804743
0.766975
0.765293
0.763305
1.023551
1.119729
1.244041
1.399852
1.314531
1.129362
1.000462
0.848474
0.890982
0.582112
0.432112
0.471561
0.629207
0.518503
0.528136
0.723091
0.777984
0.987312
0.905202
0.986701
0.947251
0.941594
1.071105
1.322940
1.490525
1.756275
1.836398
1.770648
1.650312
1.555510
1.467742
1.261014
0.890523
0.885630
0.773856
0.606271
0.349390
0.245414
0.246484
0.223701
0.277524
0.390674
0.472479
0.461622
0.597250
0.550919
0.608871
0.809330
0.830584
0.753061
0.875997
0.897251
0.855202
0.919881
1.048780
1.010401
0.822480
0.910095
0.988383
0.825691
0.524620
0.376760
0.327065
0.313610
0.332723
0.315445
0.337769
0.295873
0.344191
0.377066
0.389145
0.320338
0.312386
0.428595
0.547097
0.590981
0.614987
0.760553
0.723856
0.609329
0.737464
0.782877
0.784865
0.739146
0.816211
0.743886
0.555201
0.404894
0.399390
0.310399
0.365139
0.453213
0.494191
0.427372
0.448473
0.529360
0.437769
0.364833
0.369267
0.371561
0.375536
0.285169
0.194649
0.159175
0.171560
0.147554
0.086086
0.066361
0.083028
0.088685
0.074465
0.052447
0.041743
0.020489
0.005505
0.001070
0.010550
0.016208
0.029511
0.020184
0.020031
0.022936
0.023547
0.027217
0.031499
0.018349
0.022936
0.018960
0.015291
0.015291
0.013914
0.014679
0.015291
0.015291
0.020031
0.015291
0.011468
0.007645
0.008869
0.023242
0.029052
0.031651
0.044343
0.040826
0.041590
0.042049
0.053670
0.058716
0.053670
0.046025
0.047707
0.063456
0.053211
0.057951
0.056728
0.040061
0.030581
0.026300
0.022324
0.016514
0.010550
0.014373
0.026759
0.044801
0.055964
0.062691
0.065138
0.078746
0.052447
0.040061
0.025841
0.007492
0.008563
0.008257
0.015138
0.029817
0.015291
0.016514
0.037615
0.054893
0.053517
0.060398
0.065444
0.077676
0.064832
0.045719
0.039297
0.039450
0.044954
0.059175
0.062080
0.081193
0.068808
0.081193
0.105352
0.117585
0.104588
0.090520
0.041437
0.025535
0.035933
0.033792
0.056728
0.060704
0.062386
0.080581
0.079052
0.053058
0.037921
0.036697
0.046483
0.051835
0.069419
0.063915
0.067584
0.067890
0.047554
0.029358
0.007951
0.012691
0.019572
0.022936
0.029205
0.022783
0.017431
0.033486
0.066055
0.091591
0.102753
0.111621
0.104740
0.049236
0.074006
0.121254
0.135016
0.107340
0.127523
0.134251
0.111774
0.022783
0.027829
0.032569
0.063150
0.083334
0.104435
0.125841
0.133945
0.110857
0.105505
0.118655
0.132722
0.167126
0.182417
0.198166
0.169267
0.150153
0.102447
0.077982
0.092814
0.085016
0.115444
0.123548
0.158410
0.198319
0.197554
0.202294
0.218196
0.158105
0.107646
0.023089
0.020336
0.041285
0.084710
0.129664
0.148777
0.147554
0.154588
0.152906
0.132111
0.118961
0.121560
0.138533
0.149236
0.156881
0.117279
0.126300
0.107340
0.107187
0.115138
0.110398
0.101071
0.092661
0.078135
0.068808
0.071407
0.099695
0.138227
0.186086
0.177829
0.225842
0.223854
0.266056
0.259175
0.261469
0.192050
0.171407
0.129358
0.129052
0.130276
0.098013
0.092814
0.058716
0.050918
0.070948
0.077217
0.081193
0.079205
0.076147
0.111621
0.142967
0.156575
0.144955
0.151530
0.123854
0.117432
0.119572
0.105505
0.114679
0.110245
0.129052
0.126300
0.152600
0.142967
0.143273
0.123089
0.111621
0.082875
0.085933
0.083792
0.113915
0.167279
0.190368
0.229359
0.268808
0.219420
0.183181
0.135933
0.101529
0.044801
0.044801
0.049083
0.051988
0.080123
0.107951
0.121407
0.147860
0.145413
0.165597
0.179664
0.187310
0.206117
0.260093
0.295567
0.382570
0.467280
0.492509
0.515445
0.464681
0.426301
0.511470
0.557953
0.753061
0.745110
0.826150
0.962542
1.011013
1.044499
0.959942
1.003673
0.986548
1.124928
0.947710
0.865599
1.045875
0.978903
0.735630
0.674620
0.516057
0.542357
0.457800
0.389910
0.327218
0.377524
0.388381
0.323701
0.346179
0.241897
0.330429
0.381194
0.415904
0.471255
0.555659
0.442050
0.529665
0.542968
0.555507
0.527678
0.583488
0.544344
0.481653
0.545415
0.568962
0.653213
0.706577
0.678290
0.732418
0.690981
0.639146
0.714681
0.774315
0.697250
0.701532
0.582418
0.567586
0.604742
0.542510
0.535629
0.555201
0.669116
0.742663
0.833489
0.963459
1.032420
1.296641
1.008108
1.118200
1.334255
1.253368
1.437773
0.946028
0.655048
0.702296
0.712999
0.755660
0.643886
0.504130
0.480124
0.422326
0.433182
0.316056
0.220031
0.206576
0.220643
0.261775
0.400919
0.518962
0.473090
0.535476
0.739146
0.825997
1.040829
1.008719
1.003673
0.973551
0.809177
0.718045
0.654895
0.214833
0.148319
0.159786
0.180276
0.219420
0.220796
0.198930
0.278288
0.332264
0.456729
0.459940
0.507800
0.591745
0.555048
0.688687
0.635018
0.401072
0.356270
0.342509
0.327218
0.252753
0.271255
0.267738
0.283793
0.402448
0.500002
0.616975
0.695568
0.790064
0.896639
0.790370
0.616822
0.644345
0.610400
0.777984
0.793122
0.707342
0.726455
0.724009
0.547708
0.474314
0.348778
0.219114
0.188227
0.273243
0.379971
0.459940
0.532265
0.551837
0.563305
0.657953
0.756731
0.707648
0.727984
0.763611
0.689452
0.609024
0.571867
0.568656
0.713458
0.670033
0.621256
0.750308
0.667128
0.716975
0.737311
0.655048
0.683489
0.738229
0.730278
0.765293
0.926303
0.822786
0.903520
0.914071
0.753519
0.825844
0.893275
1.003062
0.910707
0.806884
0.831196
0.915752
0.943581
1.029209
0.984407
0.867740
0.807801
0.691440
0.621715
0.621715
0.446485
0.482265
0.571409
0.626455
0.714987
0.789911
0.698168
0.735018
0.797403
0.800614
0.797862
0.872633
1.030890
1.296946
1.088689
1.055355
1.140830
0.895569
0.676302
0.681654
0.698321
0.755813
0.666975
0.615140
0.704284
0.736241
0.707954
