0.515577
0.519246
0.438209
0.374878
0.475059
0.549556
0.576036
0.588320
0.808301
0.913746
0.896198
0.733964
0.758052
0.850894
0.882001
0.841482
0.949957
1.140587
1.025252
1.022381
1.038174
0.940546
0.790594
0.783735
0.887744
1.125751
1.168663
1.142023
0.965431
0.998931
0.747523
0.714183
0.543175
0.500742
0.664412
0.683555
0.656595
0.670314
0.685788
0.593105
0.641122
0.601400
0.651650
0.757573
0.708281
0.613205
0.674781
0.487182
0.364509
0.289534
0.171487
1.204715
1.358655
1.237417
1.115383
1.213808
1.272991
1.204237
0.788840
0.766347
0.696476
0.662817
0.566465
0.609536
0.569496
0.640643
0.732688
0.671590
0.800804
0.900346
1.111713
1.313510
1.281286
1.634469
1.822866
1.651060
1.622505
1.709126
1.504937
1.543701
1.586134
1.909805
1.976326
1.812497
1.759535
1.358974
1.322443
1.163877
0.961922
0.776556
0.657233
0.640962
0.515896
0.452247
0.432306
0.274858
0.183770
0.154737
0.143251
0.167339
0.196372
0.257310
0.485268
0.505368
0.558808
0.620384
0.777035
0.833665
0.887903
0.732050
0.963357
1.165792
1.261346
1.300588
1.421028
1.431397
1.462025
1.608946
2.023545
1.754271
1.653133
1.512913
1.592674
1.640531
1.637500
1.564917
1.533172
1.605755
1.451337
1.429802
1.637500
1.870084
1.851101
1.884122
1.774530
1.673393
1.237098
0.967824
1.001962
0.760285
0.723754
0.786287
0.970057
1.132611
1.199451
1.644838
1.838818
1.747571
1.839615
1.786175
1.362324
0.970217
0.958093
0.872429
0.820904
0.726626
0.791073
0.766506
0.791073
1.049500
1.204077
0.965431
1.056359
1.177915
1.216679
1.321805
1.427409
1.663662
1.856684
1.764002
1.603681
1.492973
1.286391
1.319572
1.649464
1.389123
1.429323
1.304895
1.548008
1.328983
1.449423
1.250977
1.260708
1.135961
1.141225
0.933846
0.941822
0.939908
1.095761
1.108044
1.000526
0.913905
0.890934
0.949798
0.959848
1.128623
1.308564
1.482125
1.455325
1.695247
2.050504
2.002488
1.984622
1.769266
1.621707
1.340469
0.984574
0.786128
0.692488
0.514939
0.709078
0.660105
0.726466
0.908960
1.112192
1.175204
1.317179
1.097675
1.041683
1.034026
1.048383
1.022540
1.017595
0.941822
1.008343
0.817554
0.856637
0.850415
0.778949
0.717054
0.890775
0.711790
0.721362
0.658829
0.684990
0.831911
1.111713
1.093528
1.187487
1.277936
1.484677
1.276500
1.187008
1.063059
0.848023
0.915501
0.654681
0.586405
0.855999
0.682119
0.850256
1.029400
1.187327
1.053488
0.981703
1.002440
0.888541
0.922360
1.158773
0.907684
0.940067
0.902260
0.913427
1.211256
1.298036
1.380350
1.702585
1.689505
1.586453
1.741509
1.555027
1.345574
1.290538
1.231355
1.069919
1.198813
1.344138
1.237896
1.225453
1.427249
1.323879
1.590601
1.604160
1.452454
1.483720
1.256560
1.047266
0.901941
0.962241
0.971493
0.877853
0.959848
0.968143
1.323400
1.073588
0.963517
1.040885
1.023019
0.987924
0.902420
0.958412
0.831751
0.904494
0.846746
0.538708
0.574282
0.308676
0.259065
0.224129
0.141337
0.199722
0.269912
0.286662
0.263212
0.215515
0.197330
0.184727
0.140859
0.083909
0.059023
0.036531
0.020100
0.012443
0.046262
0.081835
0.187918
0.386045
0.552906
0.711790
0.731571
0.655479
0.702378
0.710993
0.881682
0.747204
0.722319
0.792190
0.829837
0.903377
0.792030
0.711312
0.656436
0.647183
0.803197
0.598050
0.682917
0.732050
0.726785
0.644153
0.568858
0.448259
0.381578
0.344569
0.301657
0.230510
0.200680
0.209932
0.161437
0.167339
0.335795
0.321438
0.391947
0.390831
0.353662
0.394340
0.279005
0.239124
0.249334
0.234339
0.209932
0.246782
0.294957
0.282355
0.335636
0.310272
0.385407
0.361957
0.367859
0.299584
0.358607
0.384131
0.380781
0.371847
0.394500
0.410292
0.331329
0.393064
0.340740
0.301817
0.269912
0.328936
0.304529
0.286822
0.304688
0.242474
0.240720
0.193022
0.165585
0.214558
0.214877
0.234179
0.287300
0.291926
0.291607
0.342495
0.318407
0.256672
0.256991
0.306443
0.293681
0.307719
0.312345
0.289055
0.262415
0.247579
0.246622
0.226363
0.168615
0.118206
0.100021
0.112942
0.110390
0.108954
0.118685
0.140539
0.100021
0.121078
0.106721
0.119482
0.133201
0.149473
0.166701
0.193341
0.175475
0.144208
0.171327
0.166542
0.157289
0.141018
0.124428
0.132244
0.126023
0.123311
0.147878
0.142294
0.152025
0.168775
0.097468
0.111985
0.140380
0.175634
0.158087
0.173401
0.151706
0.147080
0.139423
0.124747
0.079283
0.029193
0.036531
0.044028
0.043231
0.050888
0.050728
0.061895
0.140061
0.157289
0.139901
0.138785
0.135594
0.131287
0.120599
0.092842
0.100021
0.095395
0.083271
0.089173
0.065245
0.068914
0.111506
0.117728
0.164149
0.158885
0.148994
0.156492
0.084387
0.048814
0.181537
0.169254
0.133361
0.109433
0.088695
0.166861
0.222534
0.231467
0.223651
0.157927
0.146761
0.137668
0.105444
0.083271
0.071626
0.055833
0.044028
0.044028
0.061097
0.074976
0.086142
0.086621
0.071785
0.086142
0.083909
0.086780
0.064607
0.055992
0.068276
0.075295
0.094437
0.100659
0.101935
0.108954
0.101297
0.083111
0.074497
0.091087
0.080240
0.062373
0.057747
0.071785
0.082792
0.079123
0.104009
0.105923
0.107678
0.123790
0.114537
0.159842
0.156332
0.172125
0.165744
0.156651
0.147239
0.117409
0.136551
0.146761
0.111187
0.090928
0.082952
0.076890
0.053759
0.051207
0.037647
0.031905
0.023450
0.007976
0.015314
0.021217
0.029033
0.037328
0.056152
0.073061
0.100978
0.109592
0.084068
0.063650
0.051207
0.040040
0.022333
0.016112
0.015952
0.012124
0.005424
0.000479
0.000479
0.000479
0.000479
0.001117
0.007976
0.007976
0.007976
0.007976
0.002233
0.000479
0.000479
0.000479
0.000798
0.016909
0.024726
0.024726
0.052483
0.066840
0.060459
0.065245
0.053440
0.053919
0.044188
0.024407
0.009093
0.011007
0.014198
0.007976
0.007976
0.010688
0.024726
0.035733
0.047857
0.052962
0.055195
0.042433
0.037966
0.024247
0.047697
0.039881
0.039881
0.032862
0.027916
0.014995
0.007976
0.022652
0.031426
0.042752
0.057109
0.054238
0.047538
0.039083
0.040359
0.035574
0.024726
0.018824
0.015952
0.012921
0.000479
0.002233
0.007976
0.014676
0.018983
0.036371
0.047378
0.052642
0.047857
0.051845
0.058226
0.055354
0.043231
0.045783
0.066042
0.060140
0.060300
0.059981
0.071626
0.066840
0.043231
0.048973
0.053919
0.051685
0.054876
0.059981
0.064766
0.059183
0.050888
0.053919
0.034776
0.030788
0.068595
0.064607
0.058864
0.052802
0.052642
0.055195
0.068435
0.055833
0.050569
0.036850
0.014836
0.012921
0.023928
0.038924
0.061576
0.090290
0.089014
0.069392
0.057747
0.049133
0.046740
0.045145
0.020738
0.007976
0.022971
0.041954
0.044188
0.039881
0.046581
0.031745
0.023928
0.023928
0.031745
0.034935
0.032702
0.023928
0.031266
0.038285
0.050569
0.047857
0.041157
0.023290
0.016271
0.014357
0.012283
0.007976
0.016909
0.026800
0.031905
0.032862
0.031905
0.026800
0.026481
0.022174
0.022652
0.031905
0.026162
0.023928
0.019302
0.015952
0.009093
0.001914
0.000479
0.000479
0.000479
0.000479
0.007976
0.007976
0.007976
0.007976
0.003669
0.001595
0.007976
0.009731
0.015952
0.015952
0.015952
0.015952
0.007657
0.014517
0.015952
0.030947
0.031905
0.040678
0.037966
0.032383
0.023928
0.021536
0.014038
0.010369
0.024247
0.023928
0.023928
0.016909
0.020259
0.018983
0.007976
0.007976
0.015314
0.016271
0.017707
0.020897
0.007976
0.007976
0.007976
0.002712
0.002074
0.007976
0.007976
0.019302
0.015952
0.024726
0.031905
0.032862
0.027438
0.039562
0.033340
0.036371
0.035414
0.029033
0.030150
0.033181
0.042433
0.025843
0.016590
0.010528
0.007976
0.013240
0.017228
0.029352
0.032862
0.024886
0.023928
0.015952
0.011167
0.007976
0.004467
0.000479
0.000479
0.000479
0.000479
0.034457
0.076571
0.111985
0.139582
0.167499
0.179942
0.181856
0.150908
0.130649
0.123471
0.112783
0.100499
0.073380
0.071626
0.082792
0.124109
0.131606
0.159682
0.160639
0.251727
0.344090
0.426723
0.431030
0.599008
0.627562
0.691212
0.603474
0.597093
0.670474
0.572208
0.585129
0.634262
0.581779
0.564710
0.512068
0.458309
0.449694
0.448259
0.463892
0.502975
0.480801
0.431828
0.399285
0.390352
0.447780
0.387481
0.422895
0.469316
0.477292
0.529137
0.575079
0.734123
0.791392
0.715140
0.844353
0.984733
0.736197
0.649098
0.600922
0.597731
0.511111
0.552267
0.613843
0.650693
0.653564
0.806387
0.899229
0.736676
0.889658
0.713545
0.604591
0.466923
0.570294
0.527222
0.621819
0.527222
0.507920
0.617991
0.511908
0.611450
0.480961
0.432466
0.437890
0.423533
0.423214
0.374719
0.350471
0.327819
0.349674
0.286662
0.208496
0.212963
0.230670
0.236732
0.253641
0.329414
0.352067
0.440761
0.521639
0.521320
0.543015
0.526744
0.495477
0.403592
0.557213
0.621979
0.557053
0.706845
0.820744
0.782140
0.834304
1.127347
1.098154
1.085711
1.028921
0.792987
0.841642
0.854882
0.621500
0.604750
0.610653
0.591191
0.525149
0.484630
0.432945
0.369933
0.344728
0.352705
0.420661
0.397211
0.512865
0.516534
0.527222
0.541579
0.654362
0.526425
0.658191
0.716895
1.052371
1.153508
1.443042
1.625696
1.584379
1.228803
1.371257
1.287986
1.226570
1.029719
1.085711
0.896039
0.807344
0.876577
0.847863
0.726785
0.676376
0.655957
0.832230
0.696316
0.704612
0.655160
0.533603
0.392904
0.346483
0.317450
0.257470
0.350631
0.471389
0.569496
0.500901
0.650852
0.956976
1.003876
0.987924
0.923317
0.743695
0.477451
0.531051
0.980426
1.080128
0.967345
0.758052
0.675898
0.669676
0.608579
0.772887
0.934643
0.870515
0.955541
0.875301
0.774004
0.633784
0.670633
0.804473
0.872589
0.802399
0.705888
0.667921
0.582098
0.435018
0.519725
0.383492
0.313941
0.247420
0.210729
0.168456
0.192225
0.218706
0.257948
0.302934
0.524351
0.684990
0.707483
0.842758
0.987605
0.864613
0.903058
0.755499
0.744971
0.716097
0.857913
0.881044
0.737473
0.796816
0.761561
0.703176
0.761561
0.668081
0.881203
0.896198
1.045193
0.936398
0.849937
0.749278
0.682757
0.588160
0.553384
0.510313
0.552587
0.490054
0.648460
0.551789
0.576515
0.502656
0.438368
0.468837
0.467720
0.522596
0.533603
0.720564
0.750714
0.850096
1.045831
1.012809
0.995900
1.005471
1.171534
1.226570
1.119211
1.099909
1.146808
1.056997
1.204556
1.610381
1.696045
1.741509
1.621867
1.409861
1.447987
1.205672
1.059071
0.985691
0.903377
1.055402
1.434109
1.525675
1.239491
1.454847
1.305214
1.170737
0.901144
0.880565
0.791392
0.693126
0.773206
1.019988
0.975641
1.200089
1.239491
1.301067
1.585017
1.780113
1.611498
1.993395
1.992119
1.700352
1.692536
1.440809
1.478137
1.274267
1.328186
1.205194
1.027645
0.918851
0.716257
0.643993
0.400880
0.296712
0.332924
0.359883
0.482716
0.407580
0.383652
0.344569
0.279484
0.298786
0.370731
0.353024
0.421618
0.446663
0.397850
0.431349
0.488618
0.476973
0.456394
0.667283
0.891732
0.717054
0.796018
0.721521
0.662976
0.648300
0.698869
0.595817
0.701102
0.717054
0.822499
0.831592
0.860784
0.703016
0.672229
0.590712
0.590553
0.476016
0.410930
0.389395
0.370571
0.415557
0.396095
0.406783
0.455597
0.507442
0.466444
0.514461
0.468678
0.483513
0.459585
0.372485
0.326224
0.312345
0.263850
0.233701
0.361638
0.295276
0.308517
0.344728
0.314419
0.324150
0.327660
0.331967
0.238167
0.214877
0.219982
0.258746
0.252365
0.219822
0.266562
0.223332
0.325905
0.434380
0.430233
0.527382
0.463732
0.570613
0.496594
0.405347
0.430871
0.466604
0.456394
0.451768
0.424649
0.465328
0.530732
0.408697
0.390671
0.351907
0.458468
0.402316
0.378707
0.267520
0.242634
0.178665
0.182494
0.118525
0.087418
0.054078
0.066202
0.109592
0.159044
0.209613
0.250291
0.326064
0.269753
0.218227
0.204029
0.184249
0.166382
0.164308
0.183770
0.220939
0.233382
0.231627
0.243910
0.207858
0.172923
0.168296
0.246941
0.248058
0.242155
0.205306
0.162394
0.147718
0.159523
0.150908
0.120121
0.138944
0.155216
0.182494
0.192384
0.203870
0.157289
0.168456
0.188237
0.224129
0.208656
0.192544
0.178665
0.200999
0.187120
0.166063
0.113261
0.109273
0.088216
0.087897
0.095714
0.115973
0.118525
0.090609
0.096830
0.091885
0.105285
0.141975
0.153142
0.201318
0.226044
0.264967
0.251089
0.238327
0.251886
0.268158
0.221577
0.176113
0.190151
0.192544
0.164308
0.156651
0.161596
0.163351
0.147080
0.121397
0.084228
0.056312
0.052483
0.035095
0.047857
0.056631
0.049293
0.064607
0.066680
0.075454
0.086621
0.115335
0.137509
0.109752
0.079442
0.065564
0.053759
0.051047
0.033500
0.019781
0.014038
0.023928
0.024247
0.016750
0.026640
0.040678
0.059821
0.073380
0.058066
0.064766
0.060300
0.073061
0.066042
0.045623
0.066042
0.062852
0.070190
0.079921
0.108635
0.085983
0.116611
0.146442
0.235615
0.353183
