0.064009
0.111607
0.194864
0.239192
0.336930
0.420404
0.422000
0.264725
0.181546
0.095866
0.088458
0.094723
0.113932
0.134638
0.161116
0.166652
0.134776
0.082548
0.082647
0.103865
0.103766
0.098427
0.078746
0.080952
0.119862
0.099058
0.075259
0.109026
0.152231
0.143267
0.152822
0.116710
0.078844
0.037117
0.044269
0.048682
0.057488
0.046377
0.039856
0.118680
0.199947
0.202922
0.129181
0.022341
0.001418
0.008511
0.041373
0.068186
0.070195
0.190018
0.221441
0.296070
0.225736
0.116867
0.048465
0.022046
0.019701
0.020056
0.024272
0.021671
0.020844
0.018204
0.000985
0.000985
0.001891
0.022124
0.029552
0.029552
0.033591
0.053587
0.079829
0.085424
0.055636
0.080617
0.119409
0.114188
0.102545
0.100338
0.112297
0.092300
0.108002
0.157807
0.194175
0.181566
0.146400
0.160821
0.139544
0.129516
0.073328
0.081740
0.063024
0.064620
0.124886
0.104653
0.114267
0.107726
0.105480
0.084715
0.096457
0.139386
0.216536
0.200696
0.102939
0.069801
0.072087
0.143267
0.150813
0.182985
0.132983
0.122719
0.062945
0.046298
0.037964
0.012806
0.017770
0.035817
0.043185
0.099491
0.133082
0.116001
0.145198
0.131308
0.127151
0.110878
0.114996
0.155738
0.188284
0.125792
0.142381
0.175459
0.211788
0.191949
0.157964
0.123251
0.098801
0.048012
0.091670
0.131407
0.134244
0.117656
0.126895
0.132274
0.141356
0.059852
0.053508
0.067949
0.059537
0.052582
0.041392
0.076795
0.133141
0.244117
0.231075
0.325720
0.263700
0.233183
0.183970
0.139957
0.165963
0.211354
0.213738
0.218486
0.117360
0.090586
0.047027
0.078647
0.128215
0.179616
0.238286
0.169588
0.116257
0.089306
0.093206
0.114740
0.088852
0.108081
0.084163
0.076835
0.079987
0.099393
0.083809
0.079061
0.077268
0.094014
0.078391
0.079810
0.071180
0.090389
0.118838
0.105815
0.082548
0.054415
0.045313
0.062689
0.082666
0.081760
0.090685
0.098427
0.079021
0.063261
0.071712
0.094369
0.097836
0.128393
0.141770
0.112632
0.118759
0.136155
0.116020
0.086803
0.066629
0.059931
0.074510
0.118069
0.221284
0.201918
0.171400
0.090862
0.109223
0.147168
0.202430
0.308068
0.325917
0.322666
0.273354
0.225992
0.249772
0.187004
0.133239
0.073151
0.079238
0.141553
0.282574
0.436539
0.502853
0.403461
0.258204
0.174828
0.183655
0.198450
0.349854
0.312559
0.237636
0.115528
0.127033
0.176621
0.202962
0.268251
0.325543
0.320913
0.393827
0.368274
0.372550
0.318627
0.240729
0.163461
0.139662
0.102939
0.127151
0.200834
0.208380
0.197504
0.145651
0.170120
0.246718
0.289627
0.326882
0.331098
0.354720
0.351115
0.419084
0.390950
0.291046
0.186491
0.175971
0.206764
0.202981
0.145493
0.111509
0.074884
0.071574
0.040880
0.053430
0.063595
0.075850
0.070609
0.075456
0.086803
0.070747
0.039284
0.023976
0.033137
0.099944
0.184068
0.161372
0.069131
0.052681
0.063635
0.059951
0.043815
0.023326
0.025986
0.057764
0.058119
0.040112
0.002482
0.000985
0.000985
0.005142
0.024626
0.024626
0.019741
0.010737
0.038910
0.069624
0.056070
0.038417
0.023011
0.015446
0.030537
0.085267
0.108219
0.111883
0.091867
0.118759
0.104751
0.094901
0.068934
0.091551
0.116552
0.078214
0.056267
0.062433
0.087079
0.098703
0.112671
0.126698
0.109283
0.094684
0.111647
0.130284
0.097954
0.061389
0.049824
0.050376
0.061960
0.050809
0.047303
0.042673
0.084361
0.112868
0.112651
0.111272
0.114622
0.097659
0.103845
0.117202
0.139524
0.137041
0.140667
0.181606
0.146951
0.146813
0.079376
0.052898
0.072638
0.083021
0.056779
0.086843
0.112376
0.149197
0.121241
0.090231
0.119370
0.227253
0.225539
0.195239
0.079908
0.081740
0.091670
0.051578
0.046889
0.036703
0.019701
0.056661
0.117537
0.136923
0.125556
0.049312
0.064935
0.050534
0.095610
0.073978
0.055892
0.025848
0.012254
0.032940
0.082174
0.132491
0.191279
0.177409
0.168248
0.207985
0.224968
0.191161
0.155462
0.177449
0.178828
0.129378
0.080499
0.136234
0.164564
0.155738
0.139347
0.128097
0.154103
0.202962
0.257002
0.257889
0.217462
0.175222
0.233065
0.197524
0.188856
0.173331
0.183477
0.131939
0.088695
0.139268
0.134796
0.138539
0.120256
0.134579
0.162673
0.141947
0.143444
0.116730
0.137849
0.076795
0.038930
0.097186
0.132136
0.140923
0.100476
0.053075
0.081504
0.093187
0.090074
0.061231
0.079908
0.167716
0.218565
0.213719
0.111785
0.056542
0.042732
0.071220
0.093541
0.116119
0.090350
0.060049
0.045864
0.044682
0.046948
0.088202
0.107352
0.134382
0.105736
0.151443
0.119389
0.112671
0.061310
0.014934
0.018578
0.038043
0.062906
0.133633
0.188324
0.291164
0.234050
0.147995
0.044466
0.104456
0.152251
0.158595
0.128353
0.033216
0.037826
0.047500
0.055498
0.090527
0.077780
0.042062
0.013692
0.036171
0.035383
0.066452
0.142400
0.198884
0.243605
0.166495
0.137613
0.182177
0.153985
0.136608
0.049864
0.082469
0.082509
0.069407
0.019347
0.055144
0.076244
0.084518
0.119547
0.129299
0.132885
0.139760
0.172169
0.184206
0.196263
0.146360
0.227470
0.274260
0.234208
0.181152
0.125142
0.135249
0.120552
0.076933
0.055360
0.061586
0.044209
0.049706
0.062039
0.091867
0.119389
0.214310
0.296976
0.243704
0.151837
0.147857
0.220358
0.250757
0.202942
0.132865
0.126777
0.198824
0.189230
0.238621
0.233833
0.227135
0.206764
0.195810
0.192835
0.264292
0.229499
0.206291
0.139484
0.136766
0.210172
0.236414
0.231174
0.116611
0.105283
0.135603
0.234799
0.335452
0.299025
0.204183
0.160722
0.169883
0.191634
0.156624
0.147798
0.136963
0.194687
0.163086
0.113833
0.056405
0.099393
0.191732
0.212615
0.211926
0.192579
0.250914
0.188619
0.117064
0.086863
0.067614
0.086134
0.091788
0.110602
0.173883
0.237931
0.230937
0.214191
0.112041
0.095058
0.157117
0.231115
0.254264
0.258125
0.227096
0.181054
0.112474
0.115666
0.122108
0.142203
0.148350
0.227608
0.224869
0.166987
0.191693
0.215039
0.223904
0.127073
0.124689
0.182689
0.281806
0.358030
0.370343
0.255781
0.190648
0.163717
0.134855
0.173548
0.160565
0.152428
0.047598
0.035797
0.085483
0.142814
0.184443
0.172267
0.193229
0.184285
0.242108
0.241655
0.231095
0.174947
0.211650
0.336950
0.464298
0.486994
0.348278
0.299458
0.350563
0.389532
0.406711
0.400545
0.489614
0.366817
0.257869
0.118798
0.110602
0.074234
0.108849
0.092635
0.118128
0.130501
0.232829
0.327611
0.370067
0.304561
0.259169
0.337009
0.384390
0.350149
0.320598
0.332753
0.335216
0.330448
0.407440
0.321208
0.371111
0.377652
0.345933
0.297114
0.389532
0.440873
0.430570
0.372687
0.386262
0.329759
0.293173
0.241990
0.335748
0.332871
0.267542
0.204656
0.298591
0.463648
0.513886
0.485851
0.259130
0.166849
0.097600
0.121241
0.368215
0.445129
0.684577
0.753630
0.584948
0.348751
0.182157
0.250855
0.339412
0.422669
0.426452
0.317130
0.283165
0.274162
0.297252
0.264745
0.235232
0.244275
0.232277
0.364314
0.595705
0.723369
0.643303
0.375091
0.355646
0.409706
0.358404
0.228908
0.144626
0.382952
0.620469
0.643736
0.543576
0.367526
0.432855
0.394162
0.502499
0.596099
0.531853
0.423812
0.235725
0.217619
0.262459
0.319199
0.327178
0.289214
0.144292
0.174927
0.343589
0.427536
0.346229
0.228002
0.194746
0.135800
0.190274
0.195889
0.242187
0.433288
0.548166
0.689640
0.685582
0.680302
0.694408
0.646731
0.778788
0.801326
0.739425
0.665211
0.505099
0.452477
0.382321
0.326882
0.378381
0.435318
0.498263
0.472710
0.432599
0.306590
0.384134
0.326587
0.321326
0.377534
0.423438
0.472454
0.540542
0.617002
0.622912
0.598798
0.632408
0.626715
0.790786
0.781408
0.735977
0.663733
0.613751
0.532149
0.451807
0.392428
0.504331
0.614126
0.556894
0.621750
0.593183
0.684774
1.051531
1.544928
1.720820
1.614710
1.284794
0.894395
0.595646
0.393453
0.323533
0.465894
0.531046
0.577146
0.381750
0.340594
0.476119
0.484393
0.884584
1.284892
1.417284
1.096588
0.728294
0.696417
0.735406
0.799218
0.801188
0.749000
0.868369
1.158213
1.208767
1.141940
0.952553
0.736312
0.520683
0.218210
0.138204
0.113223
0.083494
0.115370
0.162417
0.224259
0.342880
0.591213
0.627739
0.571315
0.628547
0.602502
0.649056
0.653232
0.624173
0.649844
0.487605
0.479369
0.351469
0.418296
0.415932
0.450251
0.550806
0.926153
0.981179
0.903832
0.451847
0.327513
0.229637
0.216299
0.260430
0.267976
0.186373
0.086882
0.175538
0.268370
0.512527
0.768228
0.887972
0.778374
0.574625
0.577540
0.770474
0.713952
0.710129
0.633452
0.683710
0.767421
0.567572
0.581165
0.630812
0.660778
0.612018
0.370323
0.226899
0.363014
0.433190
0.562489
0.525431
0.642101
0.719862
0.706229
0.752310
0.834680
0.735012
0.835547
0.815334
1.096076
1.253705
1.074877
0.685424
0.237183
0.238503
0.338664
0.507227
0.621139
0.627581
0.595882
0.747522
0.834582
0.929207
1.049463
1.517465
1.870609
1.741467
1.046783
0.659576
0.728038
0.938466
0.852865
1.081458
1.398430
1.486179
1.257704
0.670806
0.544896
0.572359
0.850402
1.143654
1.305519
0.943175
0.601320
0.588041
0.976765
1.309282
1.293580
0.936063
0.838739
0.667398
0.666767
0.938604
1.074345
1.234812
1.311055
1.345316
1.183589
0.541921
0.241281
0.186314
0.124512
0.203651
0.355035
0.481615
0.616214
0.518476
0.456713
0.211335
0.143050
0.346071
0.636743
0.903457
0.849732
0.747444
0.628035
0.687788
0.699589
0.720473
0.689916
0.851702
0.739957
0.609181
0.367408
0.238818
0.291913
0.333797
0.403737
0.555416
0.814014
0.999343
0.950858
0.767164
0.654395
0.739957
0.833715
0.557859
0.551811
0.329621
0.409135
0.442390
0.541743
0.602522
0.555081
0.452536
0.420305
0.501986
0.553111
0.639796
0.632507
0.710898
0.585066
0.532385
0.468652
0.468908
0.535084
0.661133
0.656247
0.560499
0.350524
0.447710
0.425171
0.574605
0.576871
0.669289
0.523855
0.517156
0.337383
0.307674
0.170829
0.214546
0.335314
0.451945
0.694093
1.154785
1.174270
1.018158
0.935472
1.018591
1.074503
0.825913
0.753748
0.920991
0.831765
0.806961
0.719291
0.946800
0.957754
0.804676
0.684754
0.575413
0.834168
1.209338
1.737566
1.844918
1.812313
1.716466
1.510944
1.145821
0.665152
0.510182
0.725733
0.988547
1.060535
1.027102
0.932753
0.977140
1.135734
0.874142
0.695176
0.433210
0.392408
0.516408
0.708908
0.817008
0.678765
0.780207
1.128287
1.382531
1.251755
0.881569
0.771203
0.789683
0.808340
0.623956
0.537488
0.725201
0.783004
1.101316
1.041425
1.064672
0.640368
0.526593
0.495406
0.537133
0.674431
0.747838
0.729890
0.772149
0.776700
0.943707
0.883697
1.045956
1.080295
1.188947
1.215977
1.083566
1.208708
1.049423
0.822899
0.520151
0.353518
0.349696
0.224042
0.269197
0.302078
0.328990
0.269670
0.294001
0.361280
0.433407
0.619878
0.737593
0.812655
0.754378
0.934920
1.244091
1.391673
1.908553
1.944567
1.972661
1.443250
0.948337
0.820121
0.913426
0.868704
0.995797
1.315271
1.418131
1.343562
0.953853
0.685385
0.394280
0.216575
0.269847
0.330251
0.327197
0.450113
0.558667
0.961458
1.078286
1.199941
0.673643
0.790510
0.764564
0.816083
0.668639
0.487171
0.277531
0.084163
0.098112
0.235567
0.388370
0.588790
0.667260
0.862696
0.797425
0.636900
0.442962
0.342269
0.493574
0.649509
0.766278
0.677760
0.609181
0.493968
0.525805
0.653469
0.701875
0.603920
0.589243
0.759225
0.752270
0.744725
0.420936
0.347490
0.353321
0.393906
0.381454
0.364965
0.380745
0.336969
0.300207
0.190215
0.203691
0.234385
0.296897
0.330290
0.627325
0.958227
1.068140
1.544337
2.055268
2.171525
2.067699
1.572234
1.501507
1.298210
0.732727
0.679238
0.512369
0.393137
0.526968
0.627798
0.828120
0.741139
0.875698
1.033564
0.959763
0.711390
0.056542
0.020804
0.042574
0.120552
0.219727
0.473617
0.768307
0.885431
0.778965
0.421113
0.470011
0.656601
0.814191
0.784994
0.837813
0.796145
0.811078
1.219228
1.198739
1.274096
0.875895
0.853534
0.888268
0.814644
0.684321
0.501277
0.460240
0.618007
0.778414
0.817245
0.591095
0.514221
