0.251009
0.268708
0.406549
0.524276
0.562088
0.784403
0.940479
0.999208
0.700465
0.516767
0.544925
0.467960
0.482709
0.516499
0.572547
0.494509
0.480564
0.270049
0.161439
0.275144
0.523740
0.735327
0.851178
0.838842
0.631545
0.330924
0.568524
0.854396
1.310824
1.270062
1.438742
1.773957
1.525094
1.571219
1.396103
1.382158
1.119886
1.004304
1.051502
0.979900
0.905080
0.945574
0.729159
0.904276
0.832406
1.113450
1.114522
0.994381
0.731305
0.722187
0.622159
0.543048
0.759731
0.725673
0.612505
0.534198
0.570402
0.423443
0.534198
0.870486
0.911784
0.978291
0.770458
0.906153
0.896767
0.816047
0.676866
0.740154
0.720578
0.681693
0.557529
0.555652
0.550825
0.706901
0.820606
0.786816
0.661848
0.750881
0.958715
0.762413
0.842864
1.020662
1.085560
0.989286
1.134635
1.092800
1.274085
1.263894
1.286421
1.371699
1.325037
0.927070
0.724332
0.589978
0.312688
0.244305
0.230091
0.194156
0.100564
0.112900
0.130600
0.153662
0.167876
0.150713
0.134890
0.156076
0.151517
0.165730
0.282653
0.380804
0.319393
0.323683
0.367664
0.430952
0.377318
0.385899
0.385899
0.348355
0.299816
0.222851
0.305180
0.497191
0.611968
0.676061
0.675793
0.668821
0.661044
0.733182
0.729159
0.688665
0.693761
0.832942
0.826774
0.737205
0.819801
0.670698
0.615723
0.399040
0.206492
0.194156
0.197375
0.243500
0.179407
0.245109
0.338433
0.472787
0.432829
0.399308
0.335483
0.240818
0.158490
0.122286
0.106196
0.074284
0.043176
0.034326
0.069457
0.123091
0.231701
0.291503
0.297671
0.361228
0.277290
0.153126
0.157149
0.182893
0.206761
0.357741
0.397967
0.506845
0.578983
0.661848
0.857077
0.866195
0.775017
0.745518
0.576838
0.358546
0.256372
0.193888
0.109682
0.104587
0.122018
0.130868
0.118532
0.094128
0.098419
0.209710
0.292576
0.359082
0.597487
0.744713
0.677939
0.670966
0.597487
0.533126
0.513817
0.478150
0.562088
0.641199
0.635299
0.754368
0.923316
0.836160
1.009399
0.953619
0.723260
0.767508
0.640663
0.735596
0.696442
0.704219
0.735596
0.894621
1.014226
0.921170
1.015567
1.005108
0.996795
0.833210
0.905616
0.754636
0.513281
0.542512
0.528299
0.470105
0.375977
0.388849
0.413789
0.433902
0.576570
0.616259
0.735327
1.015299
0.893817
0.990627
0.880945
0.931897
0.900521
0.888990
0.781989
0.847691
0.888185
1.109695
1.112377
1.124445
0.861904
0.659167
0.445434
0.358278
0.369005
0.482709
0.481637
0.610627
0.675257
0.613041
0.655948
0.711996
0.674989
0.623500
0.512745
0.545462
0.523740
0.457501
0.442752
0.441143
0.474128
0.410571
0.551093
0.554848
0.656753
1.116936
1.310556
1.419166
1.595891
1.343809
1.209187
1.183711
0.996795
1.064911
0.974537
0.960860
0.930020
1.016908
0.880945
1.050697
0.989822
1.078587
1.430161
1.355341
1.224741
1.237613
0.835355
0.778771
0.591587
0.612236
0.663994
0.820338
0.829456
0.871290
1.166548
1.026562
0.872900
0.929752
0.927875
0.959251
0.897303
0.810147
0.911784
0.822483
0.612505
0.767240
1.125517
1.023344
0.975609
0.661044
0.622695
0.615991
0.596682
0.624304
0.754099
0.951742
1.043725
1.093605
1.166816
0.979900
1.001354
0.961933
1.003231
0.925729
0.970514
0.814170
0.928947
0.868877
0.922511
1.018785
1.103259
1.186392
1.029780
1.064106
1.134903
1.105673
1.133831
1.085292
1.100846
1.583287
1.549765
1.468241
1.429893
1.681974
1.919843
1.914747
1.484063
1.650062
1.289370
0.940747
0.892208
0.857346
1.030316
1.068933
1.110500
0.926802
0.993041
0.963005
0.967296
0.851446
0.665334
0.464206
0.327974
0.428807
0.700465
0.714410
0.738277
0.879872
0.988482
1.096555
0.854932
0.933775
0.997331
1.121227
1.161989
1.334155
1.267380
1.281057
1.251022
1.355341
1.200069
1.446251
1.737486
1.944246
1.717373
1.482722
1.362581
1.161452
1.040775
0.890331
0.752222
0.678743
0.690811
0.773676
0.715483
0.696174
1.021735
0.967832
1.142144
0.981777
0.859759
0.708778
0.612773
0.610091
0.742300
0.674184
0.622695
0.565038
0.516231
0.562625
0.591587
0.673916
0.658630
0.709583
0.836696
0.875313
0.847691
0.965955
0.947451
1.026562
0.928947
0.849032
0.969710
0.938333
1.087169
0.957105
0.893281
0.816315
0.743641
0.680620
0.659971
0.553775
0.497459
0.519449
0.662921
0.779576
0.828919
0.963005
0.850641
1.021199
1.233591
1.088510
1.063838
0.831869
0.508722
0.467692
0.483782
0.634495
0.493168
0.513549
0.300084
0.272999
0.289089
0.342456
0.478150
0.490218
0.417275
0.380804
0.308130
0.344869
0.415935
0.442752
0.623500
0.709046
0.753295
0.709851
0.698856
0.998136
1.234932
0.992504
0.916075
0.836160
0.901058
1.024685
0.980168
0.847155
0.989018
0.919025
0.958715
1.038362
0.993041
1.262285
1.194169
1.523485
2.011826
2.067069
1.922256
1.957655
1.679024
1.736413
1.345418
1.197656
1.102991
1.010472
1.001354
0.877995
0.884163
0.907494
0.893012
0.770994
0.749272
0.552434
0.622427
0.541439
0.566379
0.654876
0.762949
0.900253
0.854664
0.963273
0.723528
0.832674
0.913125
1.028439
1.139194
1.213746
1.259872
1.205433
1.157162
1.140535
1.180493
1.093873
1.097359
0.920098
1.034071
0.959787
1.166011
1.742313
2.166024
2.082087
1.901339
1.912066
1.606886
1.312970
1.076710
0.914466
0.921707
0.868341
0.825969
0.988213
0.867536
0.840451
0.778503
0.831333
0.676330
0.629131
0.636640
0.495850
0.562356
0.583542
0.497727
0.442484
0.439802
0.562625
0.677939
0.812293
0.870218
0.728087
0.800493
0.795398
0.611432
0.488073
0.358546
0.285871
0.248595
0.268976
0.419689
0.473323
0.564502
0.564502
0.485123
0.635031
0.748200
0.700465
0.710924
0.872095
1.337373
1.453760
1.964895
2.149666
2.027648
1.814451
1.577387
1.356950
0.964346
0.754636
0.642808
0.567988
0.417812
0.387508
0.251545
0.081524
0.873436
1.117472
1.072688
1.001086
1.284007
1.223400
1.190951
1.255581
1.194438
1.031121
0.899717
0.627254
0.653267
0.617064
2.341945
1.921183
2.015848
1.884444
1.738558
1.688142
1.356145
1.167889
1.086364
1.098432
1.212941
1.091728
0.823288
0.716019
0.843132
0.664798
0.591855
0.662116
0.708510
0.685984
0.708778
0.836696
0.908835
1.145899
1.102723
1.198997
1.412461
2.083159
1.844486
1.629144
1.156089
0.881749
0.438461
0.286676
0.201129
0.087156
0.067043
0.074552
0.057121
0.123091
0.240014
0.310543
0.470642
0.593733
0.528567
0.511940
0.368736
0.268976
0.172166
0.165730
0.209979
0.283726
0.397699
0.435779
0.644953
0.687056
0.706633
0.753831
0.834819
0.869145
0.894621
0.658094
0.695102
0.597487
0.492095
0.441411
0.383486
0.410035
0.356400
0.250741
0.219096
0.202470
0.363105
0.450797
0.432025
0.461524
0.513549
0.498532
0.702074
0.650853
0.733450
0.535539
0.594805
0.957374
0.843937
0.828115
0.705828
0.598560
0.486464
0.500677
0.594269
0.750613
1.075369
1.389130
1.437133
1.633167
1.712278
1.575242
1.251022
1.070542
0.831065
0.660776
0.548680
0.616795
0.716823
0.843937
0.859491
0.747663
0.732377
0.736132
0.729964
0.625913
0.699124
0.631813
0.585151
0.777967
0.865927
0.920366
1.096019
0.895426
0.850373
0.626986
0.576838
0.328779
0.348087
0.321538
0.327170
0.316443
0.262808
0.211319
0.166535
0.117727
0.099224
0.113437
0.116387
0.187184
0.200056
0.191475
0.181016
0.168144
0.110487
0.061411
0.002682
0.015554
0.050953
0.093324
0.138109
0.284530
0.403331
0.423980
0.453211
0.364982
0.295525
0.227410
0.247254
0.253959
0.184502
0.192011
0.185307
0.135963
0.137304
0.105392
0.206224
0.270317
0.353987
0.366323
0.650585
0.697783
0.690543
0.623500
0.589978
0.711728
0.626450
0.638249
0.712801
0.744982
0.709583
0.725673
0.662921
0.529639
0.565843
0.585956
0.462597
0.351305
0.210783
0.254495
0.286676
0.305716
0.230628
0.591855
0.861636
0.748468
0.932434
0.804784
0.834283
0.914198
0.919293
0.969978
0.873704
0.950401
0.780112
0.536344
0.331192
0.268708
0.278362
0.373295
0.443556
0.352110
0.294185
0.391531
0.522667
0.559675
0.596682
0.481637
0.511136
0.584615
0.672307
0.790571
0.630204
0.559675
0.569329
0.663189
0.673380
0.861100
0.832406
0.862441
0.949865
1.286152
1.467973
1.335228
1.191756
1.062765
0.789498
0.639590
0.716823
0.661848
0.560479
0.509527
0.780648
1.077515
1.200874
1.227155
1.262821
1.205701
1.134903
1.053111
0.996795
1.044530
1.150189
1.109159
1.229300
1.280253
1.320747
1.081537
1.043725
1.141608
0.889258
1.009667
0.755172
0.740154
0.557798
0.544389
0.582738
0.447847
0.347551
0.406549
0.433098
0.370077
0.386168
0.410571
0.428002
0.322074
0.352378
0.388849
0.437120
0.473592
0.490755
0.409767
0.428807
0.327706
0.277826
0.264686
0.238673
0.130063
0.078574
0.100564
0.139449
0.126309
0.115314
0.113169
0.100564
0.085279
0.105928
0.122555
0.069457
0.186648
0.417544
0.446506
0.458574
0.468228
0.444093
0.332533
0.365786
0.369809
0.269513
0.169216
0.045589
0.051489
0.088497
0.191475
0.294453
0.319393
0.338969
0.477614
0.477078
0.543316
0.523740
0.406549
0.330120
0.287748
0.251545
0.260663
0.233846
0.227142
0.259322
0.245645
0.269245
0.231969
0.290698
0.363105
0.369273
0.466887
0.498263
0.417544
0.421298
0.499872
0.521326
0.581665
0.585956
0.515695
0.463133
0.394749
0.373027
0.295257
0.240818
0.179407
0.266027
0.281044
0.326633
0.349428
0.296062
0.303839
0.359619
0.356669
0.267904
0.257445
0.174312
0.147495
0.155540
0.145349
0.157953
0.144545
0.182089
0.168680
0.215342
0.162244
0.131136
0.142667
0.163853
0.182357
0.177262
0.160099
0.135963
0.103246
0.086083
0.041835
0.031644
0.067579
0.086351
0.089301
0.155003
0.198179
0.220169
0.230628
0.242427
0.202470
0.249132
0.358009
0.416471
0.451333
0.454283
0.535807
0.450529
0.482978
0.537416
0.504431
0.580324
0.521863
0.445702
0.381340
0.438193
0.388581
0.467424
0.686252
0.684911
0.651121
0.779576
0.813365
0.800493
0.560747
0.456429
0.399040
0.268976
0.159026
0.175921
0.192547
0.184502
0.213197
0.255031
0.248059
0.230628
0.227410
0.218560
0.194693
0.230896
0.262540
0.253691
0.294721
0.306789
0.281044
0.235187
0.247791
0.202202
0.193084
0.148567
0.176993
0.147226
0.160903
0.206761
0.239746
0.300353
0.302498
0.243232
0.262808
0.210247
0.297403
0.325829
0.297671
0.302766
0.451601
0.525617
0.662116
0.667212
0.657557
0.678475
0.671771
0.786816
0.884699
0.818997
0.713874
0.701806
0.612236
0.556189
0.555652
0.507381
0.435779
0.393676
0.558334
0.616527
0.385631
0.379463
0.248595
0.212392
0.164658
0.096810
0.121482
0.114509
0.163585
0.173239
0.212124
0.281849
0.313225
0.331460
0.392067
0.465278
0.639054
0.720042
0.851982
0.790034
0.690543
0.567184
0.392335
0.374636
0.349696
0.439802
0.629668
0.707169
0.820606
0.674452
0.722455
0.614382
0.396894
0.245914
0.203006
0.160367
0.136231
0.126577
0.154467
0.143740
0.197643
0.249400
0.218292
0.188793
0.196302
0.194156
0.207833
0.343796
0.416203
0.472787
0.445702
0.373832
0.291771
0.269245
0.270049
0.284262
0.408694
0.436584
0.431220
0.419689
0.497459
0.537416
0.535539
0.428539
0.477614
0.367932
0.382681
0.315370
0.326902
0.311348
0.247791
0.316979
0.295794
0.284799
0.263077
0.253959
0.224996
0.227946
0.186916
0.168412
0.210247
0.176725
0.139986
0.140790
0.165462
0.180748
0.209174
0.241355
0.254763
0.174580
0.105660
0.065434
0.051489
0.056316
0.070261
0.076697
0.110487
0.132209
0.162512
0.121482
0.083133
0.040226
0.053634
0.055243
0.060339
0.058193
0.053634
0.065166
0.098955
0.138645
0.114509
0.093592
0.062216
0.029231
0.019845
0.039421
0.025208
0.026549
0.021722
0.013409
0.017431
0.024672
0.080452
0.133013
0.157953
0.126309
0.087692
0.050416
0.104319
0.145617
0.155272
0.139181
0.105660
0.057389
0.023331
0.013677
0.026817
0.021454
0.019308
0.047466
0.065970
0.064629
0.051757
0.062484
0.094933
0.133818
0.169753
0.151785
0.141058
0.129795
0.100296
0.093592
0.047466
0.029499
0.035667
0.100028
0.133818
0.147763
0.151785
0.148299
0.155272
0.165998
0.204883
0.155808
0.138109
0.112364
0.093056
0.108878
0.105660
0.178066
0.222046
0.240282
0.241087
0.204615
0.168680
0.202202
0.201933
0.157685
0.167071
0.174044
0.086083
0.024672
0.266295
0.481637
0.437120
0.381877
0.349160
0.240818
0.231969
0.217219
0.248327
0.327974
0.326902
0.283994
0.254227
0.239209
0.200861
0.171898
0.197106
0.172435
0.138377
0.112096
0.077502
0.081792
0.074284
0.156076
0.281849
0.292039
0.320465
0.519985
0.692956
0.768312
0.841523
0.923852
0.865391
0.621354
0.602582
0.696711
0.590246
0.502286
0.417007
0.578179
0.497995
0.473323
0.440070
0.397163
0.490218
0.378927
0.408962
0.462597
0.343528
0.329315
0.315370
0.175653
0.132745
0.141058
0.121750
0.143472
0.099224
0.105392
0.127650
0.146958
0.234650
0.250473
0.267904
0.247791
0.194156
0.118532
0.053634
0.031912
0.031376
0.032181
0.037008
0.042371
0.073211
0.108341
0.139449
0.144008
0.118532
0.098419
0.119068
0.126041
0.126309
0.153394
0.135427
0.194693
0.217756
0.187720
0.149640
0.141595
0.129259
0.130063
0.186111
0.206492
0.155272
0.176457
0.197911
0.201933
0.226069
0.248059
0.255568
0.264686
0.320465
0.380536
0.332533
0.304375
0.299012
0.268440
0.236796
0.194156
0.181821
0.159026
0.132745
0.137572
0.165462
0.159562
0.125504
0.112364
0.110487
0.060607
0.052562
0.049344
0.096006
0.085010
0.108073
0.136231
0.162512
0.144545
0.165462
0.141595
0.130600
0.101905
0.101637
0.059534
0.064898
0.172703
0.191475
0.214269
0.168948
0.139718
0.146690
0.100833
0.090910
0.077502
0.067043
0.075624
0.079915
0.055780
0.039958
0.032181
0.046394
0.050416
0.046394
0.056316
0.072406
0.091715
0.064361
0.065166
0.079111
0.077234
0.062484
0.051489
0.048539
0.073211
0.078574
0.075088
0.087424
0.092519
0.124164
0.110219
0.098419
0.080452
0.044785
0.004291
0.013409
0.019308
0.026817
0.074820
0.124432
0.161708
0.186916
0.198179
0.209442
0.222046
0.254495
0.356132
0.401722
0.438729
0.655412
0.993041
0.960324
1.006181
0.838305
0.750881
1.153139
1.314042
1.227155
1.045870
0.955496
0.890867
0.839914
0.684375
0.662385
0.869950
0.791643
0.822751
0.748468
0.678207
0.751418
0.774480
0.646294
0.475469
0.362568
0.500141
0.524276
0.578983
0.630472
0.821679
0.728891
0.765631
0.648976
0.523203
0.609823
0.658630
0.784671
0.951206
1.115863
1.221791
1.322087
1.402003
1.421847
1.139194
0.941820
1.248608
1.342469
1.165743
1.079124
1.256117
1.286421
1.272744
1.349709
1.283471
1.495595
1.400662
1.682242
1.355609
1.292589
1.293125
1.445178
1.307338
1.171107
1.120154
0.894353
0.816315
0.874240
0.690543
0.787085
0.911248
0.987141
1.006181
0.982314
0.838842
0.616259
0.589710
0.524008
0.369005
0.439266
0.571474
0.620550
0.633154
0.614114
0.603119
0.588101
0.613041
0.719773
0.831065
0.932702
1.054452
1.116131
1.105941
0.905080
0.971050
1.017712
0.866732
0.783598
0.776358
0.746859
0.612773
0.568524
0.554579
0.613577
1.036216
0.924657
1.135708
1.495058
1.558615
1.884444
1.426674
1.464487
1.211601
1.381890
1.426406
1.216964
0.913393
0.822215
0.897303
0.765363
0.918221
0.990359
1.088510
1.092532
1.085828
1.079124
1.213746
1.238686
1.539575
1.249413
1.275426
1.077247
1.014494
0.979900
0.939138
0.910444
0.900521
1.011276
1.128736
1.493717
1.400662
1.364190
1.183443
1.300097
0.981509
0.925193
0.888453
0.746859
0.833478
0.843401
0.645758
0.685984
0.561016
0.582738
0.526958
0.587028
0.653803
0.664262
0.690006
0.790839
1.762426
1.900534
1.902680
2.045615
1.708791
1.350514
1.366068
1.389667
0.938065
0.984459
1.035680
0.980436
0.946110
0.783062
0.561820
0.471178
0.420225
0.352914
0.254227
0.222315
0.294453
0.395285
0.470642
0.440070
0.404403
0.375709
0.651926
0.611968
0.556725
0.637713
0.601778
0.887113
1.028707
1.063838
0.937797
0.596682
0.633422
0.557261
0.685716
0.435779
0.462060
0.360155
0.395017
0.398503
0.327706
0.259859
0.204347
0.205956
0.275949
0.334142
0.391531
0.342992
0.321538
0.386972
0.483514
0.525885
0.657289
0.792180
0.721114
0.648171
0.637445
0.481100
0.538489
0.604191
0.591587
0.781721
0.920098
0.765899
0.774480
0.662653
0.565306
0.475469
0.371150
0.293916
0.304107
0.268440
0.319125
0.436584
0.494777
0.630204
0.741495
0.538489
0.387508
0.257177
0.159294
0.141595
0.267099
0.455356
0.504968
0.807466
0.798884
0.766972
0.898108
0.907762
1.240831
1.362581
1.276766
1.206505
1.374381
1.241100
1.077515
0.829188
0.742300
0.503895
0.508186
0.479223
0.534198
0.584078
0.675793
0.962737
1.034607
1.074297
1.112645
1.282934
1.024148
0.913930
0.876118
0.810952
0.956301
0.775821
0.671502
0.745518
0.997868
1.281057
1.519462
1.309752
1.348368
1.114522
0.838574
0.782526
0.584347
0.561820
0.462865
0.500409
0.599901
0.936993
0.833478
0.903203
0.986873
1.024953
1.257190
1.505249
1.378672
1.497204
1.519998
1.751967
1.644430
1.700746
1.593477
1.629949
1.612786
1.718982
1.771812
1.685729
1.489695
1.336569
1.136244
1.304924
1.805601
1.606886
1.685997
1.270598
1.142144
1.009399
0.939138
0.583274
0.483514
0.343796
0.309739
0.340042
0.297939
0.365518
0.490486
0.563161
0.716555
0.891672
1.026562
1.037289
1.174593
1.185856
0.988750
0.859759
0.942892
1.179956
1.400125
1.488622
1.679829
1.683583
1.240295
0.925461
0.691079
0.701538
0.548143
0.604996
0.567988
0.516499
0.427466
0.363373
0.324220
0.362837
0.395017
0.447311
0.456160
0.500409
0.597755
0.757049
0.671771
0.748736
0.855737
0.829992
0.889794
0.780648
0.742300
0.713069
0.949597
1.168425
1.319406
1.205165
1.359095
1.244854
1.062229
0.854932
1.085828
0.957642
0.938870
0.666944
0.670162
0.481905
0.500141
0.410035
0.446774
0.361228
0.349964
0.358814
0.264686
0.274608
0.321002
0.364982
0.331997
0.401453
0.378391
0.557798
0.720310
0.771262
0.856809
0.792448
1.171107
1.116668
1.051770
0.891403
0.765899
0.914198
0.974000
0.942624
1.212405
1.268989
1.241100
0.741495
0.670430
0.748200
1.707719
1.580873
1.457246
1.370895
1.054184
1.252899
1.388862
1.175934
1.015567
0.802370
0.762681
0.571742
0.569329
0.627522
0.562088
0.662385
0.763217
0.697247
0.807734
0.766703
0.961933
1.181029
1.140267
1.296343
1.317529
1.362313
1.313506
1.403612
1.255044
1.411925
1.543329
1.130076
1.277839
1.406293
1.163598
1.131149
1.299025
1.147508
1.369018
1.348636
1.446251
1.573365
1.278912
0.969441
0.746591
0.515158
0.224192
0.250204
0.301693
0.346478
0.413253
0.829456
1.315651
1.315919
1.781466
1.472532
1.634240
1.713350
1.916625
1.664275
1.483527
1.439815
1.201946
1.063033
0.788157
0.682766
0.444361
0.486196
0.744713
0.836160
0.868072
0.700197
0.702074
0.721382
0.663457
0.600705
0.555920
0.518376
0.532858
0.510331
0.581933
0.611432
0.525885
0.464742
0.492364
0.588101
0.854127
1.330133
1.719250
1.648453
1.990104
1.791656
1.498008
1.458051
1.123372
0.818729
0.730500
0.552166
0.451065
0.347283
0.424784
0.424784
0.477882
0.607946
0.711192
0.659971
0.614382
0.583274
0.518376
0.765363
0.724064
0.616795
1.078319
0.978827
0.782526
0.652999
0.463669
0.223119
0.063557
0.027085
0.013409
0.006972
0.081524
0.107269
0.145349
0.131672
0.060607
0.029499
0.101101
0.023599
0.012872
0.044248
0.090910
0.094665
0.096810
0.102978
0.227142
0.287748
0.284799
0.328242
0.322074
0.205152
0.182357
0.119873
0.100833
0.137840
0.300084
0.259590
0.241355
0.239209
0.242696
0.238405
0.320734
0.368200
0.434170
0.516499
0.547607
0.469569
0.344601
0.296062
0.142399
0.108610
0.086888
0.109414
0.120409
0.121750
0.185039
0.263077
0.327438
0.484855
0.485927
0.506040
0.493168
0.540366
0.868609
0.916880
1.198192
1.233323
1.371163
1.412193
1.391276
1.326915
1.126322
0.908566
0.732109
0.663189
0.508722
0.563161
0.541707
0.583542
0.578715
0.494777
0.399844
0.297134
0.296062
0.303839
0.340846
0.328242
0.585419
0.691615
0.676330
0.556457
0.530980
0.429880
0.376513
0.441411
0.373832
0.323952
0.284530
0.465010
0.703147
0.770190
0.925729
0.728623
0.705292
0.768581
0.867536
0.810147
0.920366
0.820070
0.758926
0.653267
0.539830
0.492632
0.513549
0.561820
0.597219
0.609287
0.593196
0.860027
0.808538
0.714678
0.763217
0.724869
0.819533
0.691615
0.596682
0.548143
0.480296
0.470105
0.343528
0.276217
0.193620
0.207029
0.187988
0.246986
0.298207
0.287480
0.364177
0.445970
0.494241
0.662116
0.651121
0.652999
0.747663
0.773676
0.795666
0.759731
0.793521
0.718164
0.725405
0.774749
0.634763
0.510331
0.573888
0.497191
0.470642
0.404135
0.292039
0.212660
0.160903
0.075893
0.026013
0.040226
0.061680
0.072943
0.085815
0.084742
0.128723
0.199788
0.186648
0.158221
0.120677
0.132209
0.120677
0.196302
0.283726
0.300889
0.369541
0.544657
0.581129
0.570938
0.611968
0.549752
0.422103
0.425321
0.444629
0.495045
0.474664
0.303302
0.213197
0.247254
0.217219
0.335215
0.292844
0.293648
0.323147
0.255568
0.244573
0.279971
0.219901
0.181016
0.149908
0.242159
0.231164
0.233041
0.239209
0.234919
0.354255
0.371150
0.432561
0.394213
0.404403
0.328779
0.229287
0.209979
0.158490
0.172435
0.206761
0.214538
0.241087
0.261468
0.307593
0.240550
0.252618
0.239746
0.194693
0.197911
0.194156
0.201665
0.146154
0.136499
0.091447
0.084742
0.065970
0.060339
0.048539
0.039958
0.052294
0.062216
0.079379
0.065970
0.052562
0.054171
0.053634
0.052830
0.117191
0.183698
0.182089
0.167876
0.122555
0.104319
0.120946
0.124164
0.154467
0.151517
0.144008
0.147226
0.128454
0.137304
0.062752
0.038617
0.026817
0.026817
0.031108
0.061143
0.080452
0.080452
0.122018
0.100833
0.100028
0.160367
0.254495
0.311616
0.259590
0.227946
0.191475
0.104319
0.067847
0.056852
0.054439
0.059802
0.063020
0.072943
0.076429
0.080720
0.069725
0.050953
0.135159
0.168948
0.134890
0.115314
0.141058
0.109950
0.070529
0.044517
0.018236
0.013409
0.016627
0.013409
0.025208
0.034594
0.114509
0.163585
0.194156
0.205152
0.196570
0.212928
0.202470
0.222583
0.254495
0.258786
0.192279
0.196034
0.200056
0.349428
0.336019
0.332533
0.352914
0.327170
0.410571
0.359350
0.340310
0.351573
0.245377
0.204347
0.195765
0.190134
0.267636
0.255031
0.232773
0.231164
0.283726
0.297671
0.262540
0.265758
0.335215
0.355328
0.416203
0.455356
0.384558
0.345674
0.353719
0.336556
0.230896
0.206761
0.329047
0.359082
0.380000
0.300621
0.312957
0.296330
0.276485
0.251009
0.227142
0.221510
0.254495
0.203274
0.212124
0.157953
0.204079
0.174580
0.139986
0.155272
0.151785
0.120677
0.145081
0.144008
0.171094
0.217487
0.199252
0.167339
0.206492
0.149372
0.141327
0.192011
0.187452
0.207297
0.254495
0.307057
0.314297
0.264417
0.223655
0.194961
0.216951
0.264149
0.318052
0.356669
0.292307
0.203811
0.173239
0.297671
0.249400
0.265490
0.289089
0.275949
0.262540
0.164389
0.192011
0.214538
0.277826
0.263613
0.198984
0.134890
0.160903
0.163317
0.169216
0.131672
0.061680
0.055512
0.098955
0.138109
0.157685
0.181284
0.157953
0.141595
0.126577
0.111828
0.099224
0.101905
0.091715
0.091983
0.116118
0.131404
0.133013
0.128454
0.134354
0.138377
0.111291
0.099492
0.100833
0.099224
0.117459
0.136499
0.154467
0.131941
0.121214
0.135427
0.218828
0.262540
0.332265
0.408426
0.363641
0.348623
0.247791
0.333338
0.368736
0.303839
0.268708
0.214538
0.217219
0.214269
0.177262
0.283190
0.372491
0.382413
0.372491
0.315370
0.242696
0.248864
0.194693
0.164121
0.163853
0.119068
0.116118
0.116923
0.109146
0.068116
0.067043
0.077770
0.087692
0.131672
0.159562
0.196838
0.200324
0.176993
0.119068
0.099492
0.103246
0.111828
0.150713
0.161439
0.124968
0.131672
0.138913
0.134086
0.146958
0.140790
0.161976
0.206492
0.200324
0.235991
0.388313
0.310543
0.367395
0.456965
0.487537
0.622159
0.447847
0.357205
0.262004
0.222046
0.126845
0.094933
0.078843
0.060339
0.094933
0.115314
0.153662
0.137036
0.092519
0.103514
0.105660
0.155540
0.179675
0.224460
0.337360
0.319393
0.319661
0.419421
0.273267
0.218292
0.144008
0.083670
0.074284
0.066507
0.051757
0.077502
0.108341
0.143740
0.160367
0.135159
0.120946
0.082865
0.044248
0.017699
0.013945
0.037544
0.090374
0.094128
0.093324
0.109950
0.143472
0.113437
0.082061
0.069457
0.060607
0.088229
0.167876
0.222583
0.236259
0.286676
0.215074
0.180748
0.149640
0.122018
0.075893
0.051221
0.046662
0.063557
0.066238
0.102442
0.157149
0.202470
0.240818
0.226069
0.241891
0.245645
0.210783
0.133281
0.148835
0.128454
0.070261
0.071334
0.069188
0.058730
0.036203
0.028158
0.056048
0.099224
0.131136
0.107269
0.087960
0.083133
0.086351
0.063020
0.074284
0.057389
0.075088
0.068652
0.042639
0.054439
0.094128
0.125236
0.135963
0.120677
0.148031
0.142667
0.127382
0.105928
0.119605
0.145886
0.174848
0.189329
0.357741
0.332533
0.312420
0.256372
0.184502
0.123895
0.079111
0.074552
0.063020
0.054707
0.056852
0.072943
0.107805
0.119068
0.134622
0.124164
0.102978
0.083133
0.084206
0.111828
0.110755
0.134890
0.146958
0.150444
0.077502
0.085279
0.094128
0.078843
0.063557
0.048003
0.060875
0.116387
0.140790
0.132477
0.145349
0.111291
0.104855
0.113169
0.099224
0.104855
0.079915
0.046394
0.034058
0.034058
0.033790
0.048003
0.060875
0.064093
0.048807
0.060875
0.061680
0.052025
0.084206
0.105928
0.150713
0.136231
0.096810
0.124164
0.156612
0.160367
0.125504
0.112632
0.114778
0.085010
0.069725
0.028694
0.037008
0.058730
0.086351
0.069457
0.060071
0.073747
0.102710
0.107001
0.083670
0.050416
0.053366
0.058193
0.040494
0.031376
0.046394
0.067043
0.076429
0.050148
0.027354
0.013140
0.040494
0.093324
0.131136
0.209710
0.245109
0.260395
0.348355
0.404135
0.329851
0.292844
0.254227
0.274876
0.240550
0.253422
0.362300
0.288017
0.264686
0.352110
0.310275
0.271658
0.395822
0.427466
0.379731
0.299012
0.330388
0.344601
0.270854
0.251009
0.386436
0.430952
0.400381
0.372759
0.321538
0.244036
0.257713
0.238941
0.199252
0.196034
0.183698
0.159026
0.146690
0.114778
0.091447
0.104319
0.096274
0.096006
0.068652
0.034594
0.061948
0.080452
0.143204
0.164389
0.188257
0.167607
0.152858
0.090374
0.073479
0.061680
0.035399
0.046662
0.082597
0.100296
0.154467
0.144813
0.138377
0.152322
0.120946
0.146690
0.129795
0.093860
0.118264
0.065970
0.083670
0.084742
0.093324
0.065970
0.181284
0.149908
0.127382
0.097883
0.063825
0.071870
0.110219
0.113705
0.095737
0.095201
0.101369
0.054707
0.072138
0.076161
0.096542
0.142936
0.121214
0.112632
0.112096
0.109950
0.130868
0.133013
0.124700
0.145349
0.144276
0.171630
0.166535
0.116655
0.120409
0.120677
0.109146
0.079111
0.041298
0.029499
0.026817
0.017968
0.001877
0.005900
0.016627
0.038617
0.038617
0.054975
0.061680
0.040226
0.045321
0.039958
0.047198
0.033253
0.019845
0.013409
0.010191
0.001341
0.007509
0.026817
0.026817
0.049880
0.056584
0.048807
0.048807
0.046126
0.055512
0.056852
0.067847
0.096274
0.098687
0.119873
0.093860
0.065434
0.041298
0.040762
0.026817
0.024672
0.003218
0.001341
0.007777
0.024672
0.052025
0.056852
0.094933
0.111023
0.134622
0.155272
0.144276
0.106464
0.118800
0.091178
0.056048
0.052830
0.027085
0.025476
0.022795
0.026817
0.016627
0.013409
0.034326
0.086083
0.107269
0.116923
0.131941
0.104587
0.076429
0.078843
0.058193
0.077234
0.109414
0.146958
0.157417
0.155808
0.154199
0.170557
0.186648
0.220705
0.233846
