0.408114
0.341027
0.340941
0.257345
0.143805
0.190193
0.326474
0.475288
0.621243
0.673047
0.861305
1.097283
1.085761
1.118929
1.050960
1.084687
0.925362
0.832694
1.208200
2.301141
3.769759
3.977234
3.213584
2.117053
1.401939
1.229072
1.044382
0.803396
0.784716
0.871257
1.028347
0.995093
1.076776
1.337281
1.156052
1.072133
1.258843
1.501163
1.248805
0.837660
1.179310
1.727618
1.804056
1.652061
1.440803
1.398027
0.971642
0.474815
0.377182
0.419894
0.392982
0.302571
0.535819
1.000123
1.097713
0.959862
0.732783
1.107988
1.271827
1.370577
1.034065
0.802386
0.900491
1.098637
1.410752
1.799327
1.873057
1.623322
1.240400
1.027594
0.935722
0.645726
0.583196
0.603788
0.848214
0.982518
0.881274
0.669156
0.663825
0.746605
1.068307
0.960356
0.938495
0.765177
0.759072
0.679281
0.629733
0.557207
0.555531
0.635946
0.600800
0.543773
0.514195
0.489303
0.599360
0.659139
0.559357
0.388811
0.287116
0.288341
0.398807
0.786199
1.928516
2.001450
1.652255
0.916162
1.215831
1.197861
1.196162
0.973211
0.711073
0.954531
1.430571
2.081564
1.946228
1.639895
1.168433
1.252051
1.536222
1.641873
1.252524
1.211446
1.268882
1.342547
1.119402
1.764591
2.750312
2.822150
2.413326
1.595507
1.462664
1.201665
1.396200
1.411096
1.331584
1.143563
0.930478
0.876223
0.705333
0.745207
0.997135
0.985592
0.952188
0.945202
1.148829
1.347985
1.130752
0.949759
0.753870
0.769583
0.874331
0.827621
0.966332
1.230964
1.192508
0.972415
0.703377
0.561485
0.569331
0.570298
0.676271
0.643641
0.734073
0.880672
1.290055
1.382830
1.143477
0.825558
0.746906
0.654002
0.693962
0.672510
0.819818
0.710062
0.630314
0.615181
0.622876
0.520343
0.415358
0.339673
0.435693
0.542247
0.803073
1.125722
1.126216
0.782674
0.400075
0.464089
0.615740
0.679625
0.891313
0.837767
0.782158
0.597512
0.541602
0.682956
0.780052
1.046575
1.063299
0.949802
0.693618
0.294295
0.331870
0.378365
0.440465
0.637450
0.605207
0.631260
0.539818
0.510842
0.398183
0.271338
0.301733
0.520966
0.671736
0.768208
0.909089
1.246376
1.523411
1.420511
1.006636
0.863540
0.764532
0.624467
0.445388
0.391584
0.445130
0.549641
0.688760
0.828718
0.978542
0.868785
0.595233
0.538528
0.565376
1.112158
1.216390
1.190638
0.724292
0.626445
0.614579
0.667050
0.701915
0.910723
0.901674
0.799656
0.711696
0.795593
0.910917
0.987677
0.841593
0.719155
0.416756
0.380837
0.498525
0.865110
0.955412
0.911218
0.629304
0.405943
0.472880
0.920848
1.029787
1.321976
1.446650
1.604879
1.983329
1.886771
1.794942
1.363613
0.801203
0.704237
0.692436
1.082859
1.034494
0.941483
0.623306
0.540011
0.508885
0.534315
0.470193
0.546180
0.740586
0.731945
0.851589
1.178945
1.249858
1.394846
1.610145
1.583770
1.344202
0.916656
0.795056
0.774226
0.903995
0.818701
0.997071
1.078861
0.997995
0.675927
0.308311
0.268587
0.343972
0.444420
0.844108
1.326769
1.534782
1.503699
1.263229
1.307617
1.044468
0.851331
0.788134
0.834715
1.005304
1.086320
0.966246
0.742198
0.703184
0.926350
0.872827
0.767498
0.643104
0.595212
0.897245
0.986968
0.996469
1.036966
0.909627
0.713996
0.555767
0.486036
0.462778
0.563785
0.667802
0.755353
0.723690
0.607378
1.054614
1.597914
1.637466
1.393878
1.219055
1.129655
1.236596
1.369932
1.347814
1.140897
0.698863
0.516796
0.342016
0.418948
0.497880
0.704129
0.640395
0.577478
0.422688
0.426923
0.436403
0.571781
0.732052
0.827772
0.803890
0.661181
0.539646
0.350786
0.304570
0.266846
0.276175
0.291200
0.352011
0.576919
0.691619
0.874869
0.904554
0.967299
0.922266
0.860660
0.894473
0.758255
0.645124
0.519956
0.438703
0.421205
0.252551
0.206142
0.200209
0.325120
0.717134
1.039847
0.923792
0.700690
0.679668
0.734567
0.768487
0.716468
0.597641
0.598393
0.718832
0.647424
0.629067
0.532703
0.450568
0.386296
0.511809
0.609098
0.595727
0.553962
0.548588
0.609721
0.525437
0.606346
0.540312
0.570470
0.641062
0.668619
0.570148
0.425440
0.483392
0.572491
0.725045
0.659376
0.580874
0.591751
0.642222
0.707633
0.616729
0.659354
0.696219
0.633839
0.513507
0.403643
0.467012
0.642760
0.684762
0.565999
0.371228
0.211774
0.171448
0.232754
0.315619
0.524728
0.926995
1.351059
1.355165
1.159642
1.024864
0.903565
0.807953
0.810317
0.665266
0.644372
0.531929
0.670381
0.702517
0.733879
0.499427
0.536744
0.434790
0.401150
0.286084
0.204079
0.321659
0.412156
0.503318
0.637235
0.825192
1.250095
1.426165
1.374253
1.016567
0.673090
0.531004
0.588269
0.526404
0.566773
0.839444
0.972888
0.940344
0.687384
0.606067
0.809329
1.518725
2.400300
2.951188
2.530068
2.023160
1.331197
0.970588
0.703334
0.538893
0.453212
0.459059
0.616471
0.660773
0.697122
0.656452
0.524857
0.333116
0.405986
0.374560
0.326431
0.268673
0.218932
0.319230
0.374366
0.543300
0.605336
0.536722
0.557788
0.544396
0.470860
0.434167
0.349217
0.420474
0.516473
0.569718
0.887293
0.786629
0.832888
0.514281
0.906123
1.039374
1.105322
1.140145
1.199258
1.257790
1.222752
1.232941
1.231286
1.046919
0.801440
0.753505
0.517484
0.415939
0.275551
0.222479
0.184969
0.156488
0.190622
0.634119
0.773066
0.728183
0.426687
0.449257
0.518580
0.542333
0.602520
0.630550
0.672101
0.679066
0.720101
0.689147
0.621694
0.743165
0.905414
0.930993
0.644049
0.381782
0.330945
0.369336
0.541064
0.865088
0.919214
0.799849
0.502372
0.404804
0.303001
0.140473
0.128952
0.277314
0.536421
1.143348
1.350543
1.464964
1.151172
1.024327
1.120240
1.059085
0.971813
0.638654
0.487755
0.430362
0.291673
0.326797
0.383223
0.488658
0.681796
1.208909
1.539253
1.373587
0.903157
0.571480
0.539775
0.609657
0.900018
1.040234
1.011236
0.709503
0.717994
0.722573
0.683279
0.523782
0.447559
0.429008
0.466410
0.543945
0.715780
0.627756
0.664578
0.700389
0.702775
0.553725
0.437735
0.459940
0.384964
0.378644
0.499943
0.657656
0.722917
0.616514
0.458736
0.369315
0.385673
0.508928
0.516796
0.363060
0.363490
0.410952
0.725604
1.126108
1.270193
1.066867
0.797141
0.743552
0.707225
0.500782
0.409254
0.273337
0.244490
0.236472
0.343585
0.303087
0.374775
0.442142
0.631066
1.689442
2.026019
1.831915
1.105172
0.418346
0.325743
0.264266
0.231894
0.215987
0.250337
0.300895
0.464132
0.538377
0.446957
0.336233
0.300400
0.367789
0.488207
0.642652
0.777988
0.730676
0.593148
0.388403
0.421205
1.324663
1.615025
1.555288
0.865153
0.639062
0.634119
0.707031
0.971513
1.043996
1.004100
0.739404
1.229610
2.358040
2.540709
2.180895
1.727898
1.834451
1.875185
1.847563
1.645376
1.573495
1.571152
1.270816
0.958594
0.731773
1.388397
1.493811
1.357035
1.065212
0.923212
0.847247
0.684354
0.800623
0.879985
0.867066
0.538055
0.398678
0.308289
0.803912
1.201622
1.503957
1.393040
1.132794
0.919816
0.813090
0.796711
0.812274
0.816680
1.077378
1.236338
1.089845
0.967557
0.723067
0.582637
0.545664
0.517742
0.661310
0.484510
0.419679
0.410371
0.498245
0.379547
0.289051
0.223812
0.222135
0.289416
0.451514
0.747314
0.751119
0.576274
0.329892
0.546589
0.991869
1.568379
2.074363
1.675728
1.028347
0.496698
0.444893
0.445044
0.542010
0.711223
0.687535
0.630228
0.647510
1.116564
1.749114
1.885589
1.542821
1.015277
0.942042
0.820678
0.648155
0.394873
0.225381
0.276476
0.452395
0.670876
0.684096
0.715286
0.717865
0.682999
0.567353
0.451191
0.555445
0.658860
0.548738
0.420625
0.456479
0.380751
0.282602
0.468689
1.054507
1.188553
1.174860
0.868484
0.753870
0.652003
0.481887
0.331848
0.333417
0.365145
0.422710
0.324411
0.256098
0.252809
0.309450
0.306763
0.349947
0.411403
0.574210
1.494306
1.531923
1.444479
0.728656
0.409856
0.379504
0.484252
0.605938
0.603745
0.548416
0.575049
0.530682
0.592675
0.582013
0.592224
0.383309
0.400849
0.391821
0.395346
0.320370
0.271059
0.263600
0.238815
0.174135
0.153650
0.332472
0.502329
0.556584
1.011795
1.218647
1.478592
1.592906
1.475798
1.509911
1.499465
1.330123
1.403336
1.582781
1.868221
1.660036
1.142402
0.760663
0.642824
0.822656
1.190230
1.227503
1.268430
1.292119
1.611972
1.578009
1.137695
0.668791
0.591020
0.484037
0.487691
0.391025
0.407770
0.554327
0.631410
0.671048
1.002875
0.973899
0.960077
0.869710
0.798172
0.826676
0.677325
0.572147
0.457640
0.392702
0.423935
0.662858
0.831319
0.990601
1.005175
0.856898
0.501749
0.224027
0.179595
0.204315
0.253067
0.392573
0.364844
0.368283
0.299583
0.282086
0.261450
0.208786
0.201800
0.196792
0.363124
0.582551
0.780568
0.813219
0.619953
0.389005
0.250660
0.309256
0.451901
0.359814
0.224113
0.214826
0.215579
0.417787
0.387242
0.448526
0.502867
0.544289
0.450933
0.395604
0.346379
0.364758
0.526985
0.641126
0.551533
0.332987
0.119236
0.064315
0.069775
0.094580
0.107499
0.338039
0.457275
0.546051
0.498546
0.530983
0.705570
0.683150
0.739576
0.659268
0.615482
0.516108
0.458715
0.524943
0.590977
0.536916
0.454330
0.465099
0.597232
0.858016
0.944235
1.178816
1.146744
0.947695
0.643856
0.528274
0.755482
0.932025
0.907413
0.728978
0.534250
0.408738
0.284966
0.266588
0.333116
0.468280
0.519461
0.631045
0.566236
0.542010
0.575135
0.713093
0.745487
0.707719
0.590332
0.545428
0.580294
0.686912
0.534121
0.569223
0.742284
0.853352
0.860402
0.651014
0.531821
0.736158
0.748303
0.831749
0.696219
0.654066
0.582336
0.396313
0.257237
0.245329
0.366005
0.364607
0.327872
0.258699
0.215729
0.397431
0.410909
0.329161
0.266652
0.413854
0.556799
0.571588
0.493108
0.469054
0.688352
0.619330
0.565827
0.384641
0.489625
0.533154
0.455512
0.294166
0.197265
0.315856
0.320284
0.294897
0.280861
0.240750
0.278045
0.305925
0.331870
0.278840
0.160185
0.113625
0.140172
0.224714
0.248467
0.207174
0.166870
0.119408
0.138754
0.222780
0.363490
0.360523
0.312631
0.220286
0.140753
0.202982
0.242126
0.269963
0.220243
0.250660
0.241158
0.188107
0.168375
0.183679
0.293651
0.408824
0.472751
0.548050
0.547706
0.724658
0.702775
0.622017
0.384276
0.423634
0.412886
0.434382
0.398785
0.367574
0.313598
0.252465
0.392186
0.447516
0.426837
0.374302
0.370798
0.313469
0.273746
0.350829
0.511228
0.644157
0.638203
0.518236
0.459704
0.480877
0.522234
0.466690
0.371572
0.385544
0.367359
0.431287
0.402869
0.464304
0.390445
0.274864
0.136626
0.146987
0.200983
0.199780
0.218997
0.188322
0.235656
0.210097
0.210484
0.272349
0.271424
0.242943
0.249176
0.337394
0.506908
0.632915
0.534659
0.422215
0.577521
0.726850
0.667566
0.627498
0.480834
0.482682
0.408652
0.302872
0.266932
0.217341
0.320047
0.429008
0.508821
0.424580
0.469312
0.473052
0.519139
0.474987
0.343477
0.336835
0.303023
0.379289
0.392401
0.318199
0.342961
0.486982
0.508305
0.524749
0.401214
0.296961
0.226370
0.185614
0.192321
0.311492
0.340575
0.280710
0.172846
0.127576
0.158444
0.223403
0.267620
0.329871
0.286708
0.326689
0.341199
0.351861
0.291652
0.302249
0.203670
0.184453
0.127533
0.163409
0.212440
0.295542
0.279915
0.327442
0.444958
0.514711
0.448891
0.321272
0.217986
0.302851
0.340425
0.306720
0.191805
0.191246
0.169019
0.185184
0.207367
0.295370
0.297262
0.277894
0.208335
0.198404
0.262439
0.326754
0.305366
0.314974
0.425698
0.366005
0.312395
0.181057
0.075191
0.105027
0.182024
0.244942
0.225295
0.183357
0.141204
0.128608
0.164140
0.247263
0.325700
0.307580
0.249950
0.203864
0.208485
0.139807
0.178177
0.225596
0.286557
0.285633
0.236000
0.269017
0.260891
0.191482
0.192751
0.317747
0.422344
0.491560
0.373507
0.336921
0.234516
0.204208
0.137077
0.090195
0.070204
0.060402
0.044087
0.013972
0.009114
0.042110
0.114743
0.116785
0.198167
0.176521
0.174866
0.128135
0.130177
0.104146
0.159540
0.268802
0.372754
0.368068
0.245415
0.252121
0.283655
0.263621
0.199436
0.328065
0.331676
0.297713
0.184088
0.112357
0.100449
0.087852
0.056017
0.037381
0.024354
0.041486
0.111089
0.170567
0.181100
0.117258
0.056619
0.090281
0.199737
0.476513
0.577972
0.589386
0.417594
0.367488
0.322691
0.348271
0.384340
0.315770
0.278346
0.424644
0.508155
0.565956
0.518666
0.472257
0.500180
0.507252
0.456264
0.375377
0.207862
0.165795
0.320585
0.382255
0.329097
0.212956
0.098256
0.109068
0.079469
0.090152
0.079018
0.087551
0.111024
0.158895
0.220845
0.235441
0.182347
0.199909
0.203584
0.231120
0.208442
0.183013
0.153070
0.081920
0.080135
0.116248
0.144128
0.132456
0.107456
0.097138
0.116570
0.220996
0.207926
0.194578
0.109348
0.065475
0.054126
0.066077
0.093248
0.082607
0.058403
0.017583
0.040842
0.075234
0.092861
0.086799
0.049526
0.050429
0.058769
0.063734
0.121901
0.172588
0.221060
0.230540
0.158315
0.104017
0.051374
0.062745
0.052600
0.066292
0.110702
0.141355
0.196018
0.160701
0.116549
0.062402
0.045313
0.048816
0.060166
0.095419
0.093893
0.069603
0.049289
0.061735
0.083489
0.106682
0.133315
0.103909
0.093248
0.069989
0.076632
0.075406
0.116205
0.152618
0.146621
0.070032
0.064487
0.069538
0.069904
0.067539
0.091055
0.068979
0.062702
0.028933
0.013542
0.000344
0.008942
0.059435
0.100169
0.104769
0.081017
0.047591
0.039251
0.068313
0.113303
0.180047
0.162721
0.137657
0.096279
0.040928
0.024225
0.018379
0.029728
0.045893
0.033318
0.025580
0.021990
0.009673
0.013542
0.029470
0.053481
0.094408
0.140667
0.199242
0.170868
0.172373
0.102168
0.096472
0.050901
0.135572
0.363662
0.489561
0.977209
0.967966
1.072800
1.020759
1.102313
1.553483
2.007340
1.956309
1.576333
1.370599
1.421113
1.367245
1.085417
1.088534
0.932563
0.960227
1.430958
1.504860
1.581492
1.379562
1.820543
1.951709
1.927376
1.926323
1.648171
1.795480
1.685487
1.795243
2.218147
1.879441
1.737571
1.935222
1.887653
1.990208
1.652771
1.731616
1.944831
2.119589
1.957513
1.458838
0.930864
1.250654
1.838965
1.962801
1.913254
1.665733
1.490608
1.361506
1.283649
1.146809
1.050057
1.265744
1.328145
1.469973
1.346954
1.457484
1.506214
1.684606
1.579106
1.824585
1.652448
1.636069
1.404540
1.334293
1.327221
1.372254
1.225504
1.279200
1.072026
1.155579
0.936754
0.714555
0.468431
0.408996
0.403235
0.425160
0.737813
0.896945
1.028562
0.954789
0.810511
1.220388
1.309444
1.258564
0.824934
0.552328
0.396550
0.404589
0.658065
1.060977
1.263615
1.184426
1.090877
0.985506
0.887981
0.753741
0.801569
0.715350
0.711094
0.569890
0.463250
0.483091
0.678034
0.942945
1.105236
1.119961
0.797506
0.439111
0.507080
0.483198
0.472322
0.548846
0.432555
0.429051
0.305172
0.309299
0.244748
0.201628
0.211086
0.249886
0.299605
0.398312
0.500137
0.828782
1.070736
1.243066
1.218840
1.203277
1.006357
0.856619
0.918634
0.774742
0.672574
0.629712
0.697810
0.843485
0.740435
0.698240
0.640954
0.537045
0.497084
0.443131
0.479501
0.711911
0.662858
0.957025
1.010699
1.056119
0.823623
0.709697
0.846838
0.829040
0.649767
0.534207
0.512432
0.498482
0.411575
0.486745
0.627670
0.575006
0.558540
0.412285
0.385093
0.333267
0.359943
0.394164
0.425891
0.449773
0.484531
0.521869
0.551296
0.574941
0.510046
0.468517
0.442077
0.497557
0.581175
0.969406
1.037891
1.171915
1.301878
1.226987
1.065362
0.748002
0.536765
0.543192
0.750495
0.805739
0.823580
0.669500
0.612236
0.588312
0.458736
0.373378
0.220329
0.210269
0.295005
0.292318
0.347626
0.323830
0.358782
0.454609
0.778569
0.892409
0.900040
0.782438
0.607034
0.541881
0.455748
0.332407
0.364865
0.365467
0.532230
0.587000
0.553661
0.479114
0.430900
0.539366
0.608818
0.589193
0.483800
0.363834
0.434468
0.513120
0.571008
0.477502
0.415831
0.359749
0.336513
0.367445
0.345132
0.336233
0.341027
0.363124
0.389564
0.430470
0.661504
0.803073
0.752602
0.488056
0.427353
0.360932
0.351710
0.419679
0.569073
0.721261
0.694757
0.606196
0.338211
0.309880
0.318070
0.378837
0.444248
0.606282
0.736588
0.851524
0.887379
0.728849
0.616578
0.651745
0.661117
0.637601
0.508241
0.386425
0.368778
0.537131
0.541236
0.540505
0.355085
0.416906
0.452374
0.485885
0.506027
0.433974
0.354719
0.417572
0.344294
0.301518
0.135443
0.161023
0.271188
0.554929
0.582486
0.533971
0.374560
0.445388
0.374388
0.351904
0.298724
0.410823
0.574640
0.503899
0.396227
0.221039
0.303195
0.405406
0.298444
0.285224
0.204616
0.247930
0.204100
0.199995
0.185335
0.601058
0.878351
0.846881
0.586269
0.436703
0.459940
0.411984
0.538356
0.583475
0.637300
0.537174
0.434554
0.367144
0.209453
0.379203
0.545492
0.604777
0.417379
0.283376
0.288169
0.556111
0.597533
0.537797
0.497084
0.470193
0.449923
0.367574
0.375226
0.515485
0.584915
0.446376
0.665094
0.622941
0.648564
0.388962
0.473117
0.361942
0.271252
0.189999
0.171900
0.167020
0.171577
0.183314
0.204272
0.222823
0.231271
0.267577
0.255818
0.184045
0.200188
0.228842
0.218739
0.223554
0.176715
0.185378
0.132692
0.171577
0.217707
0.210398
0.171427
0.166913
0.126673
0.193911
0.245307
0.284429
0.357019
0.264954
0.224220
0.123277
0.055931
0.066228
0.130263
0.154940
0.196039
0.135314
0.167816
0.175038
0.220028
0.262633
0.266738
0.275057
0.255603
0.246726
0.289115
0.300873
0.345412
0.328753
0.351882
0.513357
0.542805
0.448956
0.387737
0.278647
0.296445
0.406373
0.497192
0.491539
0.374796
0.255947
0.174436
0.204165
0.294124
0.336341
0.383244
0.325056
0.240729
0.168633
0.162184
0.243888
0.323271
0.333138
0.191955
0.111755
0.077685
0.061907
0.075664
0.150877
0.291071
0.341134
0.310976
0.228089
0.129597
0.241524
0.302765
0.419894
0.391756
0.272714
0.206551
0.094559
0.097869
0.108144
0.157046
0.157089
0.141269
0.113539
0.164892
0.169578
0.182927
0.128199
0.106919
0.102319
0.082070
0.129833
0.122589
0.101115
0.046839
0.033684
0.027987
0.076825
0.103222
0.142064
0.151565
0.104683
0.062294
0.060295
0.114614
0.132971
0.115839
0.061047
0.053674
0.057952
0.055802
0.086949
0.100728
0.218416
0.217707
0.261278
0.297907
0.336921
0.400677
0.284751
0.153822
0.065110
0.115560
0.223145
0.216030
0.189870
0.115603
0.128543
0.235527
0.296638
0.261192
0.157992
0.137915
0.161969
0.160636
0.113110
0.103093
0.096343
0.126695
0.135121
0.146084
0.234774
0.245565
0.202638
0.035769
0.042045
0.127039
0.171341
0.163538
0.070441
0.098149
0.150512
0.186022
0.163538
0.155499
0.117258
0.118333
0.086498
0.083876
0.074052
0.112228
0.100642
0.088347
0.087487
0.089873
0.216310
0.210484
0.183658
0.143719
0.360867
0.380923
0.339479
0.049139
0.095397
0.158960
0.172136
0.222178
0.151350
0.187441
0.185829
0.230626
0.240793
0.190966
0.266674
0.322627
0.361641
0.263191
0.234172
0.165967
0.177618
0.117645
0.133401
0.159970
0.167945
0.157154
0.145826
0.086412
0.048429
0.074267
0.122009
0.212440
0.260440
0.255432
0.191461
0.193223
0.192729
0.177940
0.118763
0.036478
0.045657
0.101008
0.161152
0.196577
0.198662
0.155284
0.115603
0.054642
0.081425
0.183335
0.217320
0.264933
0.211258
0.194492
0.162420
0.141290
0.143676
0.168074
0.178048
0.128393
0.096021
0.072612
0.082715
0.151737
0.163366
0.164484
0.087293
0.087293
0.110186
0.106790
0.106919
0.062015
0.073945
0.046215
0.028159
0.000344
0.031298
0.072977
0.091635
0.096193
0.092882
0.107951
0.126824
0.100427
0.109928
0.086971
0.089916
0.069667
0.044281
0.095483
0.108918
0.164591
0.216396
0.235290
0.188924
0.135164
0.087465
0.063498
0.072333
0.050772
0.069560
0.072612
0.075492
0.122396
0.189397
0.200166
0.229357
0.284945
0.268780
0.259408
0.199156
0.240342
0.228197
0.163194
0.136561
0.079319
0.080587
0.113582
0.138474
0.149201
0.106424
0.077190
0.076374
0.098665
0.116183
0.163194
0.138947
0.110681
0.139141
0.153865
0.175511
0.216933
0.232582
0.223833
0.140108
0.130908
0.154574
0.137163
0.153801
0.075578
0.054900
0.066056
0.089249
0.077620
0.133057
0.151866
0.198619
0.188150
0.149587
0.103437
0.095806
0.101717
0.093914
0.073407
0.143504
0.161990
0.154596
0.074654
0.053094
0.052987
0.042991
0.052643
0.053846
0.075191
0.216525
0.245028
0.257022
0.092280
0.037574
0.020507
0.026869
0.056662
0.109778
0.168160
0.220179
0.173791
0.111454
0.089507
0.089335
0.114507
0.124115
0.109326
0.077298
0.098278
0.107327
0.094580
0.056490
0.087508
0.111153
0.100126
0.073773
0.073558
0.060359
0.055996
0.050450
0.113088
0.147459
0.114227
0.054900
0.081855
0.084370
0.112056
0.073773
0.080479
0.051761
0.053717
0.054685
0.056684
0.032996
0.024591
0.024268
0.051052
0.062337
0.047849
0.078588
0.075707
0.080716
0.063476
0.096794
0.106682
0.089615
0.098450
0.081189
0.074009
0.039874
0.061370
0.067023
0.078416
0.099395
0.086369
0.119623
0.117839
0.099546
0.166870
