0.087393
0.111362
0.122609
0.082600
0.132750
0.170177
0.173312
0.180687
0.192487
0.125190
0.133671
0.137359
0.145287
0.092187
0.095137
0.032819
0.029131
0.091265
0.092187
0.134962
0.180318
0.191749
0.236552
0.218484
0.157087
0.121503
0.044065
0.039456
0.061028
0.062687
0.105646
0.154690
0.148053
0.118921
0.076884
0.085918
0.084259
0.109703
0.138649
0.145287
0.129062
0.111915
0.065822
0.062872
0.065269
0.072643
0.085918
0.119475
0.104540
0.079281
0.068218
0.090712
0.105462
0.090343
0.117262
0.108965
0.122978
0.148974
0.132565
0.179765
0.144918
0.132196
0.189352
0.205577
0.214796
0.184743
0.188984
0.175340
0.132012
0.153399
0.123715
0.124821
0.140493
0.170362
0.138834
0.180134
0.227149
0.254068
0.237290
0.305324
0.249090
0.210371
0.144734
0.120950
0.100115
0.128878
0.127956
0.136621
0.125006
0.140678
0.146393
0.168334
0.159668
0.145840
0.166490
0.175893
0.162065
0.108412
0.120396
0.125928
0.107490
0.106384
0.103065
0.075593
0.051256
0.057709
0.090159
0.101037
0.082047
0.066375
0.064162
0.049228
0.071353
0.105093
0.115234
0.121503
0.103618
0.118921
0.123346
0.063056
0.064162
0.077806
0.083522
0.075040
0.063609
0.068218
0.085734
0.104356
0.089790
0.082415
0.065269
0.064531
0.094400
0.078728
0.083522
0.085918
0.108965
0.144549
0.176631
0.218484
0.216087
0.289836
0.278221
0.253699
0.211293
0.227149
0.196359
0.214612
0.245955
0.228071
0.218299
0.206868
0.224384
0.241715
0.279696
0.273980
0.327818
0.403780
0.381470
0.397695
0.350680
0.232127
0.183637
0.146024
0.115787
0.142706
0.125006
0.082047
0.083706
0.078359
0.110440
0.104356
0.079650
0.068218
0.051625
0.038534
0.070247
0.087762
0.086656
0.077622
0.080203
0.113206
0.195437
0.261812
0.328371
0.342014
0.412261
0.341277
0.383499
0.322655
0.294999
0.273980
0.285596
0.258308
0.266237
0.341092
0.456695
0.581517
0.609541
0.617838
0.379995
0.282646
0.241715
0.216455
0.201337
0.186956
0.164831
0.155981
0.139018
0.102881
0.148237
0.159484
0.191196
0.216087
0.203918
0.210555
0.216455
0.241162
0.222540
0.213690
0.232865
0.183637
0.178474
0.188246
0.189352
0.153768
0.098825
0.121503
0.141415
0.136621
0.159115
0.165753
0.166490
0.186034
0.180134
0.216271
0.236368
0.191565
0.192671
0.212030
0.260890
0.216271
0.248721
0.343305
0.344042
0.401014
0.461858
0.472367
0.357502
0.215718
0.135515
0.102512
0.072643
0.097718
0.106753
0.108412
0.099193
0.104540
0.191381
0.134593
0.127403
0.159853
0.186034
0.238396
0.241162
0.247983
0.187693
0.201521
0.285043
0.261074
0.209080
0.208343
0.209080
0.189352
0.195252
0.171837
0.138281
0.089422
0.083337
0.092925
0.083522
0.089422
0.100484
0.094031
0.112837
0.103250
0.096612
0.107121
0.103618
0.140124
0.137359
0.117078
0.115234
0.125006
0.090159
0.082968
0.162434
0.314727
0.385527
0.587601
0.693801
0.667435
0.650657
0.376492
0.370961
0.431252
0.443605
0.462964
0.358055
0.380180
0.247430
0.191934
0.201706
0.234524
0.291680
0.339802
0.455220
0.481954
0.505001
0.364692
0.266052
0.225674
0.197096
0.185296
0.257018
0.289468
0.224937
0.236921
0.250933
0.207237
0.252408
0.243927
0.311593
0.372067
0.340539
0.278774
0.225121
0.251487
0.238580
0.232680
0.255912
0.253330
0.262918
0.214612
0.173865
0.172206
0.207052
0.217193
0.210371
0.241162
0.293893
0.268265
0.272136
0.349758
0.375386
0.363771
0.339617
0.361374
0.447476
0.607698
0.261074
0.251671
0.179212
0.209265
0.220143
0.355289
0.399170
0.526389
0.656557
0.625398
0.722379
0.779719
0.649551
0.774925
0.645126
0.613966
0.625029
0.548882
0.524176
0.429777
0.560314
0.566582
0.535054
0.349942
0.355474
0.373911
0.452455
0.392533
0.459092
0.431252
0.370408
0.443420
0.471814
0.462042
0.382761
0.407467
0.363217
0.270661
0.182162
0.211109
0.204102
0.263471
0.344780
0.349021
0.404333
0.475686
0.391980
0.429961
0.426642
0.329661
0.332980
0.389583
0.521226
0.792072
0.778613
0.948790
1.060705
0.468126
0.254252
0.295368
0.235999
0.178290
0.155612
0.217377
0.254805
0.254990
0.296474
0.300161
0.300346
0.229915
0.259599
0.348652
0.402489
0.431805
0.546670
0.537636
0.604563
0.561051
0.547960
0.536714
0.533764
0.483983
0.399908
0.369486
0.389030
0.368011
0.346071
0.237843
0.240608
0.202996
0.151003
0.153399
0.178659
0.245587
0.337774
0.449505
0.539664
0.716294
0.831528
0.912837
0.931828
0.952293
0.599032
0.652685
0.618207
0.567320
0.365614
0.418345
0.313989
0.357133
0.295921
0.283568
0.261258
0.254437
0.207790
0.218668
0.159299
0.123900
0.062503
0.020466
0.011062
0.009219
0.022494
0.035400
0.025628
0.003503
0.009219
0.003687
0.004425
0.026734
0.071537
0.077622
0.113575
0.103987
0.111362
0.144181
0.196174
0.221802
0.185112
0.159668
0.149528
0.193224
0.285780
0.377783
0.445264
0.510348
0.484167
0.451164
0.448583
0.436045
0.303296
0.269187
0.281355
0.302374
0.294630
0.322471
0.329108
0.258308
0.227518
0.178290
0.163909
0.139940
0.068034
0.089975
0.110625
0.129246
0.233049
0.317493
0.364692
0.455036
0.504448
0.455405
0.541692
0.591104
0.538004
0.586126
0.598848
0.498733
0.493754
0.441023
0.671491
0.776769
0.930353
1.024568
0.885550
0.954137
1.046693
1.013506
0.837981
0.695276
0.807375
0.687901
0.921687
1.245449
1.048352
0.901959
0.924453
1.090021
0.971100
0.827841
0.783038
1.039687
1.049090
1.009634
1.193639
1.151971
1.342798
1.500991
1.582485
1.387785
1.631713
1.295045
1.252086
1.168933
1.218161
1.222955
1.185342
1.437935
1.198433
1.397557
1.535469
1.691266
1.151971
0.952662
0.958931
0.994699
0.871906
0.816225
0.668910
0.601798
0.637566
0.786725
1.014612
0.920581
1.028256
1.047062
1.056465
0.991934
0.953953
0.849966
0.954321
0.637198
0.558839
0.470523
0.429039
0.333533
0.415395
0.681632
0.665776
0.778797
0.878728
0.681816
0.623185
0.776585
0.877253
1.006131
0.889237
0.809219
0.894031
0.983268
1.218345
1.251533
1.287670
1.322148
1.267205
1.021434
1.040424
1.162849
0.925190
0.714635
0.792625
0.832819
0.784697
0.769947
0.595529
0.414473
0.515511
0.548329
0.527864
0.685135
0.846462
0.815119
0.830422
0.729385
0.513114
0.467942
0.432358
0.557732
0.765707
0.881862
0.844066
0.962065
0.751141
0.705232
0.569348
0.388661
0.438811
0.424430
0.368564
0.507582
0.625766
0.679051
0.719244
0.573404
0.566951
0.505554
0.485826
0.453930
0.526757
0.424061
0.367827
0.338327
0.371145
0.335561
0.304771
0.330030
0.303296
0.392902
0.466651
0.584282
0.691404
0.839641
0.687163
0.784513
0.711132
0.624291
0.685872
0.597373
0.563632
0.575248
0.723300
0.702282
0.684213
0.652869
0.646232
0.669279
0.613045
0.487854
0.440101
0.402305
0.302190
0.291680
0.263102
0.348099
0.365799
0.543720
0.765153
0.886103
1.095921
1.006868
1.034709
0.855128
0.770132
0.516064
0.547776
0.466836
0.425720
0.372805
0.348652
0.336668
0.299240
0.299977
0.457248
0.579673
0.687347
0.806085
0.981056
1.054805
0.929431
0.823969
0.613782
0.681079
0.597004
0.552017
0.569164
0.676654
0.642729
0.661904
0.616179
0.530261
0.503526
0.522332
0.513114
0.731044
0.825259
0.851994
0.891634
0.867666
0.742475
0.824338
0.767366
0.637566
0.654529
0.626504
0.642544
0.509795
0.392717
0.564554
0.539479
0.718138
0.848122
0.966859
1.049090
1.024752
0.883337
0.908965
0.825075
0.817700
0.711500
0.736760
0.782300
0.890897
0.858078
0.777691
0.606776
0.514220
0.428302
0.279696
0.218115
0.224199
0.211293
0.212952
0.269371
0.389030
0.390136
0.480664
0.538557
0.568426
0.728647
0.789675
0.813459
0.872275
0.885181
0.929800
1.148652
1.177599
1.314036
1.348514
1.357179
1.291911
1.528094
0.889606
0.613782
0.568242
0.484351
0.379811
0.428117
0.426089
0.358055
0.338880
0.350680
0.378520
0.480479
0.545195
0.634616
0.563448
0.587417
0.679051
0.669832
0.778244
0.709472
0.537451
0.573220
0.582623
0.532842
0.577092
0.520120
0.516617
0.581148
0.474764
0.508689
0.437152
0.363771
0.342752
0.309380
0.325605
0.320443
0.335930
0.345517
0.328371
0.318230
0.327818
0.379995
0.412998
0.451348
0.504264
0.593317
0.589629
0.613413
0.511270
0.690113
0.712791
0.630560
0.615073
0.659323
0.481770
0.347177
0.350496
0.366905
0.307536
0.224568
0.241715
0.346255
0.387186
0.502236
0.596820
0.610832
0.526204
0.447661
0.311777
0.243558
0.118921
0.119659
0.124821
0.122056
0.118000
0.197096
0.193040
0.210187
0.203365
0.207237
0.288546
0.280802
0.327080
0.384236
0.458908
0.305877
0.392164
0.455405
0.402674
0.492279
0.629638
0.633141
0.702835
0.675732
0.577460
0.533026
0.790966
0.754460
0.702651
0.502973
0.562710
0.609726
0.502789
0.505370
0.451901
0.493754
0.417423
0.452639
0.395483
0.299793
0.241530
0.216455
0.246508
0.243558
0.316018
0.310118
0.329293
0.403411
0.320443
0.345702
0.403780
0.434939
0.575063
0.649366
0.682185
0.646785
0.639779
0.595529
0.592395
0.628901
0.715741
0.750588
0.734363
0.646232
0.724591
0.882969
0.977737
0.837981
0.693985
0.356211
0.258493
0.301821
0.319336
0.379811
0.412998
0.313621
0.297949
0.404333
0.471814
0.479004
0.448398
0.619866
0.616363
0.563817
0.617101
0.656557
0.683660
0.617285
0.373727
0.225859
0.285043
0.238949
0.240608
0.236552
0.217562
0.180502
0.193409
0.320074
0.555151
0.688822
0.802213
1.033971
1.046877
1.027887
1.059046
0.838903
0.553307
0.679419
0.693801
0.579304
0.115787
0.199309
0.340355
0.535054
0.668726
0.795022
0.910256
0.772713
0.638120
0.607698
0.667066
0.550726
0.564923
0.639963
0.668541
0.598848
0.581332
0.557548
0.544642
0.724775
0.893109
0.991196
1.191058
1.242130
1.692003
1.564416
1.635585
1.448813
1.320489
1.013137
0.193593
0.429408
0.676285
0.752616
0.726804
0.813091
0.635723
0.740447
0.666329
0.657479
0.831528
0.867850
0.746163
0.684766
0.665776
0.715004
0.835400
0.784513
0.639779
0.579304
0.599401
0.663563
0.658032
0.657110
0.784328
0.683291
0.848675
1.073796
1.169855
1.408435
1.489929
1.427979
1.501913
1.439963
1.393685
1.356442
1.413045
0.953031
0.781378
0.827472
0.770500
0.651210
0.522517
0.413367
0.328924
0.356580
0.461305
0.467205
0.657479
0.708550
0.709104
0.709657
0.662826
0.595160
0.658032
0.704126
0.672413
0.761835
0.742844
0.650473
0.601613
0.429408
0.452086
0.446923
0.505370
0.351786
0.296474
0.336852
0.353261
0.342567
0.449873
0.473104
0.597373
0.725697
0.695276
0.697488
0.515695
0.395852
0.357133
0.239133
0.200599
0.203734
0.198202
0.272321
0.319521
0.258862
0.225859
0.297027
0.355658
0.387924
0.443051
0.488223
0.663748
0.544826
0.570085
0.551095
0.595529
0.818806
0.835584
0.898640
0.886287
1.032312
1.259092
1.065130
1.239364
1.543213
1.563494
1.649966
1.510394
1.748975
1.452132
1.311270
1.211524
1.094815
0.944734
0.750035
0.822309
0.813091
0.674441
0.670569
0.694169
0.769763
0.652869
0.696751
0.623001
0.605117
0.511454
0.503342
0.589813
0.595345
0.616548
0.561235
0.715741
0.844066
0.851256
0.666329
0.708550
0.660429
0.620604
0.598110
0.445264
0.489698
0.512192
0.546301
0.601060
0.623738
0.731413
0.583360
0.716663
0.670938
0.680341
0.639963
0.584098
0.482876
0.462780
0.483983
0.472551
0.614704
0.601060
0.718138
0.699332
0.726066
0.920765
1.046509
1.142383
0.853284
0.988062
1.103296
1.022356
1.067712
0.622816
0.469601
0.520673
0.560129
0.645863
0.514036
0.472736
0.425720
0.355658
0.264762
0.284674
0.242268
0.208527
0.235630
0.245402
0.398986
0.444711
0.523623
0.599217
0.686241
0.674994
0.927772
0.999678
1.001706
0.939203
0.897903
0.811063
0.722563
0.332980
0.222171
0.184927
0.167781
0.145471
0.106937
0.130537
0.178290
0.174787
0.221987
0.275824
0.332427
0.336852
0.343858
0.353630
0.360636
0.340355
0.259968
0.229362
0.190643
0.146762
0.128325
0.103065
0.154874
0.175340
0.204287
0.258124
0.264393
0.334086
0.405070
0.448398
0.347914
0.368749
0.339802
0.366905
0.371330
0.306061
0.219221
0.249458
0.217562
0.196912
0.155796
0.135884
0.096243
0.126296
0.182346
0.308643
0.326158
0.366536
0.388292
0.458355
0.408020
0.319152
0.396405
0.358055
0.415948
0.504079
0.526573
0.458539
0.658954
0.737866
0.608988
0.817147
0.715004
0.819913
0.903987
0.938650
0.717400
0.685872
0.591288
0.550357
0.576538
0.551648
0.520857
0.385342
0.442867
0.495783
0.644757
0.623001
0.637198
0.714450
0.812538
1.033602
1.085965
1.091680
1.250980
0.912837
0.751325
0.694538
0.499839
0.429408
0.270661
0.292049
0.312514
0.318046
0.297949
0.374833
0.417423
0.463333
0.407836
0.332243
0.257940
0.257940
0.343858
0.401014
0.507398
0.466098
0.428302
0.329661
0.152846
0.198940
0.284121
0.263102
0.257387
0.169071
0.204287
0.203365
0.193040
