0.311746
0.297142
0.239751
0.170593
0.183150
0.328977
0.443341
0.454573
0.322559
0.229612
0.197754
0.102412
0.197963
0.337139
0.293561
0.276958
0.315513
0.331628
0.373044
0.676907
1.027696
1.113923
1.288725
1.231729
1.366301
1.024813
0.828106
0.881009
1.251216
1.228241
0.803828
0.400949
0.329163
0.411111
0.536916
0.636537
0.741274
0.694696
0.770086
0.683906
0.617585
0.503663
0.538312
0.339814
0.459061
0.369719
0.361440
0.263912
0.202591
0.158966
0.210241
0.230589
0.167547
0.119410
0.241262
0.716392
0.904310
0.956980
0.832663
0.848453
0.783457
0.542056
0.217822
0.136107
0.130340
0.139688
0.165151
0.183615
0.152989
0.210520
0.160501
0.214985
0.290910
0.342953
0.298398
0.459317
0.491896
0.598656
0.566286
0.519639
0.434784
0.403367
0.444434
0.535405
0.821734
0.909402
0.819595
0.626724
0.326047
0.322582
0.334302
0.613469
0.565728
0.515243
0.431528
0.463387
0.531405
0.432086
0.326466
0.243774
0.252564
0.242332
0.468712
0.699021
0.771691
0.646048
0.529289
0.436667
0.599261
0.559380
0.569170
0.411855
0.511848
0.477711
0.408228
0.270167
0.277841
0.371370
0.383718
0.751460
0.756390
0.686650
0.594331
0.438412
0.465200
0.496012
0.544637
0.582704
0.556310
0.489385
0.630980
0.566496
0.482292
0.310979
0.242262
0.464852
0.534289
0.539823
0.484315
0.463363
0.601958
0.545706
0.488152
0.408204
0.345883
0.221403
0.124829
0.131526
0.188499
0.230426
0.203591
0.255750
0.229984
0.234170
0.279864
0.459712
0.606074
0.519173
0.303723
0.170546
0.216636
0.233775
0.269981
0.347627
0.635468
0.776644
0.680255
0.556334
0.345999
0.478455
0.560124
0.793782
0.925215
0.976746
0.837989
0.622376
0.502477
0.385834
0.413995
0.292724
0.164477
0.190894
0.186103
0.275028
0.256866
0.309048
0.439830
0.655350
0.994489
1.000140
0.798898
0.581634
0.503616
0.739530
0.778783
0.678674
0.838500
0.817734
0.927610
0.741530
0.457899
0.541079
0.571960
0.694929
0.599517
0.491199
0.589750
0.680418
0.814804
0.869266
0.866126
0.752274
0.706928
0.486548
0.643653
0.625631
0.736414
0.540544
0.429994
0.221799
0.329884
0.658489
0.745530
0.716067
0.606586
0.788736
0.917262
1.130108
1.037068
1.039207
1.010791
1.088599
0.900380
0.815874
0.551497
0.554892
0.564449
0.717904
0.709463
0.715602
0.493012
0.658210
1.017465
1.028068
0.959934
0.857731
0.762808
0.719625
0.793248
0.592773
0.457852
0.230496
0.197498
0.235844
0.249355
0.367300
0.422436
0.485873
0.600238
0.549078
0.612446
0.584960
0.657141
0.693045
0.569891
0.699789
0.937028
1.090948
1.019116
0.821269
1.124829
1.132619
1.272912
1.218009
1.067461
0.933656
0.647374
0.683325
0.617236
0.681232
0.716974
0.966608
1.024976
1.196987
1.454853
1.670024
1.473945
1.046997
0.688138
0.474502
0.318164
0.335140
0.361208
0.391113
1.038347
3.809900
4.198152
3.276541
1.116644
0.679441
0.686720
0.622748
0.633328
0.771342
0.605237
0.490199
0.403949
0.491036
0.805037
1.056625
1.174663
0.983467
1.090297
1.459132
1.590285
1.574519
1.259099
1.115807
0.940470
0.923285
1.190360
1.250867
1.204824
1.190732
1.065973
0.926308
0.590796
0.437481
0.741112
1.018465
1.357418
1.485572
1.131806
0.960422
0.822594
1.146502
1.437691
1.419809
1.429390
1.191336
1.030138
0.965212
0.888543
1.092250
1.495711
1.806712
2.486479
1.972492
1.975701
1.236170
1.210986
1.277726
1.593588
1.684442
1.574403
1.412530
1.772017
2.066973
2.041138
1.795922
1.333187
0.872289
0.656838
0.424785
0.842128
1.019836
1.142968
0.957376
1.085320
1.211893
1.417739
1.338721
1.276191
1.344884
1.204568
1.181360
1.372649
1.408810
1.338280
1.063392
0.959166
0.972747
0.941354
1.069438
1.293864
1.098878
1.017395
1.117620
1.193731
1.366906
1.213660
1.159664
0.942702
0.836035
1.044416
1.083088
1.031115
1.007861
1.123853
1.083669
0.958097
0.747925
0.509151
0.473339
0.577169
0.738461
0.792457
0.710602
0.801805
0.789597
0.741228
0.691348
0.637956
0.838709
0.957771
1.111365
1.026836
0.858917
0.987722
0.981211
1.028162
0.922471
0.915518
0.882730
1.187546
1.333280
1.499943
1.531615
1.366464
1.009233
0.777411
0.703044
0.627236
0.748646
0.841849
0.879800
1.065089
1.435250
1.639050
2.158409
2.124086
2.333048
2.107692
1.522034
1.017999
0.804154
0.699324
0.763064
0.585494
0.515732
0.367579
0.334349
0.422924
0.442621
0.434644
0.674000
0.859382
0.815897
0.656466
0.385345
0.483525
0.576216
0.639165
0.693068
1.051811
1.007093
0.915681
1.163850
1.214102
1.224241
0.847895
0.517220
0.507151
0.604284
0.855546
1.053020
1.088995
1.013395
1.051881
1.136921
1.162385
1.093576
1.135689
1.334233
1.272447
1.027906
0.901984
0.978142
1.733392
2.214800
2.215289
1.670257
0.888264
0.588401
0.374928
0.359626
0.447062
0.537149
0.552729
0.627375
0.675604
0.512197
0.501756
0.473572
0.654280
0.803340
0.850011
0.991583
1.006163
0.768691
0.412390
0.380462
0.604656
0.792875
0.931377
0.954190
1.093064
1.409112
1.461085
1.383486
1.003721
0.909937
0.781504
0.645444
0.912146
1.143037
1.165385
1.062159
1.557660
1.695674
1.604098
1.586169
1.790318
1.791806
1.534313
1.143293
0.976328
1.041230
0.822106
0.700207
0.741181
0.697184
0.528336
0.460619
0.675093
0.831663
0.854918
0.896961
0.726857
0.685767
0.898450
1.047695
1.072461
1.015255
1.136387
1.310584
1.138084
1.152153
0.828896
0.672279
0.565217
0.685581
0.614097
0.455689
0.258959
0.275911
0.496222
0.609028
0.773714
0.712160
0.697673
0.629817
1.036300
1.142712
1.013535
0.960120
1.389950
1.501826
1.417228
1.195243
1.299864
1.596843
1.441110
1.549916
1.159432
0.998652
0.666024
0.815944
1.019743
1.330768
1.659909
2.064113
2.213335
2.406392
2.200522
1.827130
1.979840
1.870592
1.854174
1.540335
1.394485
1.309630
1.425250
1.292864
1.022697
0.798573
1.972701
3.017908
3.491410
3.270495
2.573008
2.165176
1.734880
1.687535
1.357488
0.897775
1.032045
1.623795
1.673954
1.262680
0.904984
1.107063
1.245309
1.420902
1.294538
1.355930
1.071670
0.756692
0.783248
1.206824
1.963329
2.089949
2.797714
2.348698
2.213894
2.318816
1.909682
1.726950
1.363813
1.205103
1.050276
0.547148
0.514197
0.520359
0.433924
0.441993
0.664605
0.665582
0.705905
0.774412
0.983141
0.997629
0.843639
0.475037
0.354789
0.531126
0.586285
0.653839
0.931889
1.019139
1.078019
0.902775
1.051951
1.125829
1.038928
1.026231
1.220334
1.245193
0.785597
0.466317
0.423529
0.626306
0.622027
0.632328
0.656350
0.646374
0.662931
0.697696
0.704835
0.833524
0.562961
0.680558
1.039417
1.341396
1.475805
1.160385
0.935145
0.923890
0.893915
1.052276
1.029952
1.040812
0.674279
0.509314
0.384648
0.714020
0.833198
0.715160
0.838593
1.527871
1.649816
1.510919
0.833640
0.639514
0.645583
0.725485
0.659001
0.513313
0.363952
0.503826
0.561101
0.709230
0.748716
0.812665
0.927866
0.913076
0.864196
0.492292
0.460201
0.935633
1.164478
1.243612
1.235636
1.118109
1.032254
0.922797
0.708509
0.628003
0.459317
0.324792
0.268656
0.199614
0.075785
0.051624
0.226449
0.389345
0.414134
0.361533
0.301212
0.368509
0.326722
0.243727
0.244844
0.264749
0.381881
0.464968
0.450597
0.450132
0.355208
0.308630
0.367347
0.441853
0.473386
0.528684
0.505826
0.545032
0.426529
0.245820
0.170825
0.158687
0.294747
0.351301
0.354441
0.256029
0.217985
0.181313
0.140432
0.043974
0.084692
0.232519
0.441295
0.453829
0.468433
0.507384
0.531568
0.471386
0.382625
0.366812
0.375625
0.356185
0.379230
0.588145
0.732066
0.789364
0.660675
0.442853
0.279725
0.182313
0.241286
0.396275
0.390322
0.314490
0.235914
0.254378
0.294677
0.394043
0.626817
0.600168
0.641165
0.560566
0.508128
0.448597
0.443551
0.455038
0.459178
0.484036
0.367789
0.286538
0.259145
0.290375
0.329210
0.258471
0.299398
0.270981
0.218706
0.143571
0.154338
0.164919
0.213171
0.229566
0.234844
0.243611
0.230751
0.228333
0.266749
0.196824
0.223240
0.292305
0.432365
0.457271
0.384927
0.346232
0.294445
0.253587
0.393717
0.427343
0.431924
0.326164
0.247239
0.276679
0.277865
0.238867
0.248913
0.300258
0.402879
0.478362
0.474572
0.399577
0.280771
0.243099
0.246448
0.359115
0.343674
0.293794
0.284166
0.403670
0.492454
0.488827
0.404251
0.353557
0.391299
0.438179
0.350557
0.262680
0.171011
0.175709
0.221287
0.204428
0.165082
0.167244
0.155803
0.149711
0.108062
0.071181
0.041718
0.098575
0.146711
0.204660
0.260191
0.221543
0.226403
0.153478
0.173802
0.171779
0.195824
0.191498
0.207428
0.269819
0.267377
0.218171
0.137060
0.082878
0.107527
0.138083
0.146502
0.141641
0.099668
0.151478
0.110574
0.101877
0.128386
0.146292
0.120108
0.120294
0.105667
0.089575
0.106690
0.122131
0.118085
0.175011
0.275376
0.270888
0.149083
0.053996
0.031300
0.041858
0.053624
0.050694
0.039881
0.064251
0.118038
0.201893
0.241611
0.270818
0.235356
0.193568
0.107225
0.099900
0.125201
0.162710
0.139037
0.149548
0.129386
0.162338
0.155199
0.144060
0.298026
0.285980
0.267842
0.124340
0.085296
0.101784
0.204986
0.258657
0.233565
0.158431
0.129503
0.141176
0.103458
0.083924
0.129689
0.170360
0.191684
0.109109
0.094249
0.105435
0.120782
0.113388
0.133874
0.103597
0.109062
0.085041
0.079460
0.055996
0.060949
0.085971
0.089203
0.068251
0.024324
0.059670
0.122085
0.147455
0.164500
0.137014
0.128596
0.093296
0.044811
0.034021
0.065112
0.078553
0.093645
0.059508
0.022533
0.047625
0.106969
0.124154
0.117876
0.050973
0.029091
0.030184
0.064600
0.104737
0.151710
0.141200
0.119294
0.083064
0.089575
0.099598
0.105853
0.075251
0.112829
0.200707
0.277702
0.316560
0.256471
0.198916
0.134572
0.166756
0.211404
0.225612
0.228007
0.247983
0.313583
0.237193
0.248587
0.224636
0.210730
0.182011
0.208451
0.257610
0.189219
0.095528
0.053206
0.036835
0.063484
0.072088
0.075041
0.070042
0.073251
0.066670
0.053206
0.099737
0.122736
0.120992
0.090482
0.071879
0.064089
0.130712
0.193033
0.193242
0.127456
0.071414
0.076832
0.156431
0.201033
0.239472
0.218427
0.247262
0.178964
0.143060
0.155594
0.148594
0.142083
0.100040
0.150734
0.137618
0.109085
0.062019
0.080460
0.169825
0.202893
0.213869
0.199754
0.260889
0.316676
0.225333
0.224310
0.290445
0.378532
0.338395
0.244146
0.291166
0.329884
0.405832
0.408879
0.322675
0.249983
0.131130
0.050299
0.031021
0.030765
0.053206
0.055392
0.062786
0.050043
0.093761
0.090715
0.097854
0.063205
0.110411
0.127828
0.129154
0.100388
0.096831
0.106458
0.153408
0.222054
0.192777
0.101667
0.098203
0.186662
0.219287
0.258308
0.170779
0.105504
0.067530
0.077111
0.092691
0.092482
0.086459
0.055578
0.092738
0.152478
0.190196
0.166523
0.100760
0.076716
0.124015
0.133967
0.209590
0.296445
0.292212
0.214962
0.251424
0.255913
0.299933
0.195917
0.168779
0.181708
0.168244
0.167756
0.086901
0.118085
0.113783
0.102435
0.060159
0.101133
0.137711
0.196359
0.180941
0.271516
0.299700
0.256354
0.160152
0.145478
0.194033
0.186987
0.174104
0.158315
0.148129
0.115411
0.062740
0.099877
0.110992
0.181453
0.241937
0.267075
0.215590
0.121294
0.095668
0.070390
0.031207
0.014511
0.047741
0.087761
0.102319
0.090040
0.058763
0.052322
0.051671
0.040788
0.038742
0.053299
0.067135
0.106109
0.125619
0.121364
0.093900
0.069391
0.038044
0.051066
0.053578
0.067553
0.052834
0.049973
0.011581
0.030510
0.053485
0.053485
0.028696
0.007162
0.050927
0.080390
0.105528
0.069274
0.025022
0.033719
0.033719
0.009395
0.008558
0.027905
0.082180
0.100156
0.066600
0.025417
0.000419
0.000419
0.013162
0.027905
0.029138
0.012790
0.013743
0.054554
0.055624
0.106853
0.110504
0.075134
0.017673
0.010162
0.025487
0.030672
0.039788
0.029789
0.050206
0.071437
0.077227
0.059019
0.056112
0.026347
0.034463
0.079390
0.129596
0.131130
0.102830
0.106062
0.062740
0.034765
0.094621
0.109992
0.103225
0.016022
0.013046
0.018789
0.059554
0.080413
0.070135
0.030370
0.077041
0.110690
0.126177
0.081901
0.037556
0.046206
0.076995
0.216543
0.327908
0.314188
0.320489
0.266168
0.290678
0.233472
0.175988
0.122805
0.149036
0.139828
0.147641
0.092552
0.106969
0.068646
0.067530
0.052229
0.031044
0.025603
0.024952
0.044997
0.064786
0.104830
0.081925
0.070553
0.037207
0.071739
0.066019
0.070716
0.087180
0.067437
0.116178
0.149013
0.159408
0.109295
0.123108
0.301863
0.360208
0.346371
0.246262
0.149548
0.119689
0.072483
0.211078
0.237193
0.215287
0.122922
0.014906
0.049997
0.095598
0.183406
0.189731
0.155268
0.120457
0.048764
0.041858
0.014906
0.040369
0.062554
0.126433
0.140688
0.124224
0.133712
0.090831
0.099714
0.107993
0.092552
0.083924
0.038648
0.027161
0.022278
0.019185
0.022138
0.025440
0.050834
0.057391
0.055019
0.073344
0.134061
0.163105
0.183290
0.109016
0.137386
0.115341
0.058508
0.028510
0.047346
0.098947
0.104993
0.089040
0.072855
0.037207
0.027719
0.023975
0.061624
0.064298
0.125875
0.120596
0.122666
0.052741
0.049229
0.069507
0.103016
0.113039
0.086599
0.084552
0.120061
0.172360
0.243262
0.232217
0.234565
0.203777
0.197591
0.142455
0.095575
0.018487
0.034881
0.037090
0.036393
0.039021
0.064623
0.068181
0.067437
0.067972
0.081366
0.078367
0.052671
0.043299
0.045950
0.048508
0.045346
0.047718
0.037393
0.074553
0.092947
0.117108
0.147641
0.127131
0.078948
0.067228
0.039439
0.056322
0.140130
0.176127
0.208800
0.161803
0.094831
0.072042
0.063972
0.100737
0.065112
0.040393
0.014208
0.073018
0.081018
0.136130
0.099412
0.093459
0.087296
0.081204
0.099714
0.089017
0.063530
0.061996
0.127549
0.125340
0.144409
0.133967
0.163710
0.140874
0.110248
0.004976
0.030137
0.038602
0.061624
0.040416
0.026440
0.025580
0.025580
0.021068
0.033370
0.047671
0.051392
0.051322
0.074553
0.078902
0.061693
0.076088
0.052113
0.105737
0.170058
0.289678
0.525127
0.513197
0.538521
0.377206
0.277469
0.223775
0.170639
0.204893
0.360231
0.725182
0.791922
0.717160
0.630352
0.699347
0.761506
0.872358
0.799619
0.755436
0.621492
0.603470
0.421738
0.424854
0.292491
0.353999
0.332210
0.416692
0.592354
0.768249
0.737926
0.570426
0.415832
0.430668
0.486129
0.339116
0.353115
0.503221
0.673302
0.852639
0.937261
1.017023
0.947260
0.782737
0.499012
0.507523
0.596215
0.587378
0.485873
0.489641
0.842849
1.097017
1.028115
1.091366
1.067415
1.335094
1.408345
1.159850
0.942702
0.738554
0.721997
0.642584
0.476525
0.571100
0.695719
0.946400
0.956818
0.831663
0.625980
0.467875
0.379323
0.370416
0.344116
0.351046
0.245983
0.127852
0.077785
0.093668
0.402600
0.559450
0.787876
0.817316
0.866568
0.773156
0.608865
0.514523
0.469409
0.518429
0.684162
0.644514
0.865103
0.816688
0.764017
0.664605
0.882334
0.772644
0.603935
0.406809
0.469502
0.545660
0.412553
0.338837
0.627305
0.680279
0.655048
0.658280
0.765366
2.666653
2.966097
2.832083
1.440970
1.005930
1.071438
0.970305
0.840291
0.833268
0.784783
0.821571
0.911844
0.863126
0.747530
0.650699
0.575263
0.526126
0.381857
0.366254
0.366300
0.341628
0.388252
0.807130
1.054439
1.167989
1.069949
1.013186
0.906333
0.743414
0.568031
0.711695
1.349256
1.565287
1.586309
0.955422
0.472712
0.403833
0.617515
0.741205
0.745437
0.770249
0.609376
0.492292
0.278748
0.247564
0.223450
0.207962
0.201777
0.311188
0.537661
0.593866
0.767528
1.067159
1.194731
1.363348
1.456481
1.479200
1.278958
0.933354
0.610935
0.602121
0.597656
0.518941
0.630026
0.813734
0.872661
0.781853
0.704230
0.583262
0.593726
0.527498
0.504547
0.579472
0.655676
0.577821
0.594471
0.686511
0.958910
0.828245
0.683581
0.702812
0.725531
0.875405
0.903333
0.761459
0.754343
0.648374
0.653350
0.729391
0.571379
0.848383
0.755111
0.775528
0.519290
0.557659
0.652536
0.733112
0.724648
0.579100
0.559357
0.764645
0.686999
0.640677
0.702882
0.828385
0.921053
0.867452
0.867103
0.816827
0.783551
0.610795
0.624817
0.925750
0.905682
0.835524
0.739647
0.903170
0.929308
0.918564
0.906402
0.924564
1.128038
1.005210
0.850127
0.658396
0.634724
0.656303
0.591517
0.523685
0.495384
0.431412
0.415390
0.411204
0.360347
0.261470
0.220729
0.228077
0.452876
0.932331
1.307072
1.470270
1.595471
1.379277
1.185825
1.290213
1.332024
1.565869
1.444737
1.438552
1.323327
1.475386
1.360022
1.354674
0.940121
0.678279
0.570961
0.531498
0.666628
0.726694
0.922471
1.314444
1.711882
1.554195
1.231147
1.054834
1.037045
0.836454
0.609539
1.012767
1.085576
0.909612
0.687813
1.040114
2.009745
2.251542
2.330723
1.685116
1.400322
0.805968
0.704044
0.657303
0.508779
0.722206
1.056718
1.029882
0.851406
1.058183
1.106924
1.196220
1.052857
0.885241
0.912472
0.999768
0.990141
1.035556
1.039812
0.956329
0.812130
0.673395
0.528243
0.625143
1.042207
1.452714
1.567613
1.362720
0.979304
0.965212
0.975514
1.151920
1.326839
1.360952
1.263959
0.955632
0.763784
0.676976
0.657350
0.789597
0.757971
0.626329
0.473618
0.449736
0.678465
0.804130
0.748948
0.700393
0.672930
0.553427
0.513453
0.529661
0.535219
0.567937
1.465410
1.453388
1.601982
1.590704
1.449365
1.795876
1.939703
2.227590
1.815805
1.280191
0.843663
0.783434
0.875660
1.012325
0.890171
0.742205
0.672698
0.911588
0.942423
0.968910
0.689976
0.482874
0.365393
0.444574
0.713555
0.819897
1.031603
0.816199
0.703696
0.600958
0.741786
0.794387
0.798689
0.902496
1.029278
1.516546
1.585007
1.649677
1.272563
1.332745
1.151386
1.168175
1.141363
1.444528
1.348837
1.142386
1.081530
1.255378
1.267168
1.101901
0.939958
0.882869
0.953074
1.109923
1.349302
1.196127
0.933540
1.111574
0.954515
1.112295
0.866103
0.945632
1.031394
0.988071
0.926750
0.682255
0.625492
0.658606
0.726857
0.599563
0.374416
0.440249
0.762691
0.838686
0.768179
0.921262
1.463620
1.699185
1.924704
2.430925
2.431158
1.994885
1.376998
1.649956
2.003582
1.806038
1.573914
1.354511
1.259913
0.935238
0.613841
0.624794
0.793317
1.104854
1.188848
0.980560
0.709509
0.582355
0.600958
1.589286
1.788876
1.793225
1.473317
1.685558
1.888590
1.677698
2.047463
1.916751
1.536847
0.877986
0.669814
0.664187
0.707277
0.748809
0.852778
0.765924
0.644188
0.459294
0.600377
0.615516
0.531033
0.591075
0.631980
0.837430
1.136154
0.976072
0.849848
0.551613
0.533405
0.636979
0.690324
1.157362
1.346372
1.471712
1.262703
1.305933
1.291818
1.436110
2.089321
1.917333
1.718277
1.290190
1.043742
0.959399
0.661117
0.608423
0.486478
0.255075
0.332256
0.411716
0.907286
1.117411
1.194452
0.926773
0.735391
0.683116
0.639584
0.637584
0.500756
0.466689
0.352790
0.492036
0.618283
0.659768
0.566403
0.942935
1.348860
1.631794
1.401019
1.206172
1.222055
1.420227
1.348744
1.307375
0.974956
0.835128
0.718857
0.709532
0.732415
0.702835
0.826757
0.981560
0.904589
0.892938
0.794968
0.925959
0.889962
0.683069
0.488896
0.929657
0.997094
1.097645
1.259634
2.211452
2.010582
1.254727
0.442551
0.188638
0.093110
0.006418
0.031533
0.041997
0.039672
0.111364
0.343093
0.407135
0.406135
0.358208
0.337791
0.371439
0.513848
0.693650
0.834547
0.707184
0.509616
0.510314
0.616911
0.694208
0.806526
0.541939
0.498105
0.356836
0.410413
0.381625
0.400833
0.439551
0.553427
0.716183
0.773853
0.775435
0.749948
0.666628
0.827268
1.065182
1.055578
1.125876
1.072670
1.339303
1.262889
1.056206
0.697254
0.408832
0.426040
0.371044
0.353092
0.259238
0.187847
0.358068
0.758180
1.648026
2.171757
1.921309
1.964585
1.971608
2.214847
1.963167
1.957981
1.950679
1.963027
1.252565
1.049300
0.975723
0.934842
0.858452
0.979863
1.055276
0.917332
0.760645
0.932238
1.382788
1.531638
1.235008
0.753715
0.583378
0.828640
0.759808
0.609167
0.426645
0.862615
1.443737
1.688907
1.382695
0.794875
0.484199
0.371625
0.397600
0.416715
0.649792
0.698231
0.693906
0.563310
0.796898
0.840012
0.823338
0.602610
0.583774
0.868382
1.597587
1.623399
1.876568
1.448249
1.240240
0.827873
0.746762
0.865847
0.719532
0.645025
0.744995
0.908147
1.331652
1.298957
1.148921
0.776737
0.663466
0.988908
1.104947
1.103552
0.994815
1.022767
0.974421
0.868917
0.607028
0.596145
0.807944
0.916169
0.811735
0.555822
0.511220
0.684022
0.885916
1.329838
1.732741
1.875591
1.577589
1.349209
0.797922
0.593866
0.729461
0.897752
0.930564
1.047649
0.833477
0.757041
0.653211
0.605749
0.667396
0.715602
0.667186
0.710439
0.595122
0.517871
0.356161
0.114457
0.047671
0.031951
0.372672
0.791829
0.925983
0.557892
0.425971
0.365091
0.371998
0.448574
0.526871
0.571030
0.762668
0.934005
0.947609
0.764459
0.587890
0.716718
0.928099
1.252774
1.198406
1.125969
0.877242
0.754646
0.842151
1.171384
1.316118
1.105691
0.933563
0.696138
0.783318
0.582495
0.507500
0.607353
0.518150
0.544334
0.654234
0.567914
0.426273
0.112504
0.331954
0.459782
0.607563
0.513476
0.403809
0.402414
0.748018
0.962840
1.123201
0.941981
0.858662
0.566240
0.544730
0.356208
0.290143
0.257540
0.254517
0.236472
0.261145
0.380718
0.367300
0.410972
0.437598
0.454992
0.493385
0.551078
0.617236
0.444690
0.344302
0.175825
0.196196
0.212683
0.329745
0.405809
0.308653
0.233100
0.075692
0.241100
0.416367
0.406088
0.305514
0.185592
0.189940
0.183359
0.171128
0.248820
0.290771
0.433365
0.475479
0.391252
0.190778
0.143525
0.226380
0.305025
0.326047
0.234030
0.298049
0.280818
0.253215
0.182011
0.151710
0.195289
0.322745
0.397321
0.313955
0.174546
0.108899
0.165430
0.406321
0.415088
0.435133
0.256122
0.201056
0.225589
0.229403
0.256215
0.269540
0.260122
0.193568
0.173523
0.149339
0.152501
0.103202
0.150176
0.156966
0.292840
0.492873
0.499175
0.354557
0.156385
0.148246
0.137432
0.110132
0.087180
0.084483
0.108853
0.098435
0.087017
0.057973
0.071344
0.105714
0.122108
0.128107
0.160175
0.249285
0.447597
0.422041
0.276120
0.208474
0.340395
0.531266
0.657815
0.643165
0.693161
0.567124
0.749785
0.716695
0.732112
0.422017
0.327791
0.281655
0.421831
0.552776
0.484548
0.334489
0.250587
0.189475
0.197079
0.277353
0.388903
0.370067
0.305374
0.196684
0.188847
0.250541
0.353348
0.286213
0.347046
0.277678
0.242076
0.294887
0.340279
0.500012
0.465456
0.507756
0.522964
0.629119
0.654420
0.709556
0.577007
0.519825
0.559706
0.605167
0.429738
0.356580
0.301095
0.294933
0.273656
0.291771
0.281260
0.248843
0.199754
0.188452
0.162454
0.174732
0.283539
0.427459
0.475735
0.388857
0.314025
0.349069
0.364696
0.387020
0.429691
0.413576
0.413437
0.417506
0.635910
0.614725
0.497826
0.298351
0.166942
0.130642
0.093389
0.392764
0.490943
0.571100
0.428622
0.250541
0.252959
0.237751
0.233495
0.224240
0.243030
0.383183
0.366184
0.311932
0.370626
0.359277
0.349604
0.208986
0.162291
0.156733
0.151594
0.087040
0.153803
0.176941
0.162268
0.220961
0.385555
0.589192
0.551450
0.310909
0.133479
0.098016
0.168453
0.234007
0.300049
0.243239
0.273516
0.318583
0.283725
0.193591
0.117736
0.100412
0.196266
0.245216
0.239635
0.156966
0.144223
0.221682
0.243355
0.268098
0.249727
0.322396
0.299328
0.392950
0.402786
0.466596
0.533010
0.564519
0.609493
0.463619
0.368579
0.326582
0.285562
0.215706
0.298421
0.368765
0.295305
0.258587
0.336651
0.472177
0.466921
0.311211
0.264656
0.291259
0.311676
0.191684
0.234007
0.264935
0.296561
0.314815
0.244402
0.217125
0.269795
0.270772
0.238472
0.257982
0.267865
0.284097
0.256657
0.229263
0.191336
0.076506
0.033556
0.025859
0.260261
0.416692
0.423575
0.369091
0.496035
0.550497
0.571240
0.431807
0.365138
0.323233
0.209334
0.144339
0.194335
0.187824
0.187127
0.194335
0.290561
0.350790
0.411204
0.402461
0.376137
0.277865
0.208311
0.111550
0.063833
0.120620
0.137432
0.115108
0.064019
0.046880
0.070553
0.154245
0.243262
0.222333
0.179918
0.150176
0.169523
0.188545
0.207590
0.197963
0.204637
0.196149
0.255564
0.267795
0.246216
0.160873
0.114132
0.171290
0.214055
0.278353
0.264331
0.253889
0.232449
0.147432
0.128433
0.093528
0.095947
0.158756
0.231217
0.252890
0.227403
0.156361
0.115899
0.116062
0.180639
0.191940
0.152524
0.125759
0.151106
0.158756
0.216520
0.288445
0.224682
0.186638
0.150711
0.134758
0.139525
0.121945
0.142269
0.162756
0.141897
0.286422
0.338581
0.289631
0.155943
0.060484
0.102691
0.122410
0.140060
0.140688
0.139014
0.101923
0.132409
0.160175
0.150431
0.126549
0.135153
0.170314
0.181732
0.202823
0.181778
0.228938
0.185801
0.230240
0.225217
0.300282
0.262959
0.219543
0.136177
0.191057
0.202498
0.194987
0.159222
0.100040
0.065437
0.068298
0.169012
0.220659
0.195777
0.099691
0.223450
0.317699
0.320885
0.191080
0.097482
0.173058
0.207869
0.186034
0.117504
0.110504
0.089691
0.124619
0.103504
0.112806
0.095086
0.036044
0.042230
0.176430
0.193987
0.187917
0.155292
0.153268
0.173662
0.199335
0.265935
0.291050
0.317978
0.257447
0.194754
0.166291
0.113550
0.149548
0.211939
0.232356
0.174593
0.191429
0.193359
0.175732
0.146199
0.138874
0.183336
0.188313
0.187196
0.163012
0.256936
0.287259
0.231472
0.134619
0.092180
0.085575
0.139921
0.099435
0.107644
0.074995
0.058787
0.040462
0.192940
0.207428
0.204009
0.104737
0.122550
0.157059
0.159919
0.139083
0.150059
0.177499
0.147525
0.084110
0.041276
0.065321
0.122015
0.107713
0.093180
0.120317
0.146269
0.165593
0.171197
0.223845
0.238123
0.174360
0.091715
0.081273
0.085041
0.111271
0.125852
0.098900
0.040486
0.018650
0.072344
0.089203
0.087110
0.098272
0.111806
0.182825
0.128642
0.179313
0.210195
0.197149
0.275981
0.295282
0.339070
0.321513
0.237705
0.149757
0.137246
0.213660
0.258308
0.352162
0.304746
0.248541
0.151362
0.184708
0.275097
0.345325
0.372625
0.374462
0.284283
0.219938
0.232914
0.237774
0.330884
0.411832
0.449341
0.365486
0.211869
0.098784
0.173848
0.288329
0.360301
0.439318
0.319257
0.228194
0.104876
0.169267
0.212148
0.259796
0.222961
0.177988
0.184662
0.152152
0.128875
0.162128
0.236449
0.233100
0.193405
0.162617
0.171593
0.216497
0.186522
0.139944
0.142013
0.125875
0.140851
0.196126
0.157943
0.243588
0.206660
0.144013
0.036323
0.058229
0.061019
0.144781
0.169709
0.162779
0.115155
0.040951
0.036091
0.081925
0.093156
0.080855
0.056810
0.052764
0.129084
0.220403
0.208869
0.146385
0.067367
0.150873
0.175779
0.192940
0.147618
0.181615
0.159431
0.122038
0.072158
0.033579
0.007744
0.017487
0.067112
0.132828
0.140246
0.139037
0.231868
0.322885
0.331512
0.179127
0.050392
0.087878
0.080925
0.075390
0.046206
0.056694
0.067763
0.050903
0.075762
0.072716
0.066995
0.118155
0.127247
0.132572
0.096761
0.079785
0.112504
0.184243
0.193010
0.135735
0.058298
0.060461
0.040462
0.014720
0.008162
0.067763
0.111690
0.136874
0.100923
0.037649
0.025952
0.070484
0.113388
0.131386
0.090645
0.099249
0.119015
0.081157
0.057926
0.040207
0.026417
0.047136
0.096598
0.124480
0.083134
0.031812
0.005023
0.031347
0.108783
0.186848
0.258168
0.257005
0.185964
0.135177
0.115108
0.095505
0.088738
0.158036
0.179802
0.146013
0.086343
0.031905
0.058136
0.083692
0.138060
0.166523
0.146199
0.114690
0.092459
0.093063
0.050252
0.027440
0.059856
0.068344
0.062507
0.082087
0.057391
0.072135
0.137618
0.139781
0.117783
0.088226
0.114480
0.160245
0.231193
0.245099
0.289678
0.219450
0.176476
0.161593
0.190708
0.189475
0.115666
0.182639
0.206962
0.186871
0.183127
0.227310
