0.185141
0.265427
0.363404
0.364349
0.481952
0.599919
0.697573
0.818572
0.719198
0.555187
0.801160
0.751291
0.538657
0.224886
0.137507
0.155929
0.206508
0.283569
0.547298
0.573845
0.464798
0.285009
0.286815
0.320520
0.520085
0.608754
0.642115
0.442550
0.270736
0.283892
0.353236
0.581368
0.613827
0.571889
0.398635
0.345240
0.312631
0.256549
0.272134
0.343778
0.292726
0.242599
0.248897
0.261837
0.244146
0.246855
0.353774
0.448376
0.419099
0.489496
0.545127
0.550286
0.440551
0.330494
0.169234
0.171362
0.180971
0.205798
0.199113
0.228605
0.226198
0.248553
0.237332
0.265212
0.385179
0.294790
0.228949
0.218180
0.262504
0.445603
0.584120
0.712061
0.652153
0.584765
0.434231
0.429459
0.537582
0.663589
0.747851
0.764962
0.828933
0.842389
0.768810
0.583883
0.383330
0.326367
0.283010
0.255023
0.269726
0.291866
0.281011
0.238944
0.357385
0.363855
0.447967
0.445538
0.581820
0.496826
0.343628
0.145095
0.133423
0.181100
0.300035
0.301196
0.236386
0.182368
0.127941
0.187592
0.144450
0.204831
0.269576
0.247220
0.197351
0.106725
0.092753
0.115281
0.113496
0.130908
0.144300
0.266545
0.309321
0.331160
0.272392
0.189956
0.167106
0.157906
0.144364
0.089314
0.087508
0.112658
0.206336
0.332536
0.356912
0.309794
0.231829
0.189913
0.156960
0.197780
0.273617
0.425010
0.414842
0.364736
0.232883
0.234301
0.180627
0.162184
0.128586
0.292425
0.434425
0.508069
0.348830
0.237590
0.199264
0.217535
0.248531
0.256098
0.449988
0.417637
0.394099
0.189569
0.152661
0.147739
0.137163
0.105092
0.083575
0.103329
0.110659
0.154940
0.191504
0.273144
0.321724
0.284236
0.224113
0.193266
0.133165
0.150899
0.105758
0.109756
0.092173
0.089228
0.066722
0.070914
0.092517
0.132241
0.130349
0.157412
0.227681
0.238708
0.223812
0.228369
0.174006
0.147739
0.198855
0.170395
0.170137
0.262031
0.280646
0.307150
0.292963
0.235097
0.185012
0.070806
0.090862
0.128006
0.160550
0.168117
0.166032
0.144020
0.132842
0.138646
0.107263
0.106188
0.101029
0.099847
0.143225
0.135615
0.141075
0.099202
0.101158
0.110014
0.096343
0.084649
0.069259
0.074031
0.119666
0.144171
0.178843
0.146621
0.147932
0.234301
0.197093
0.195760
0.119150
0.077685
0.058919
0.056770
0.060746
0.061950
0.106446
0.122224
0.126738
0.097654
0.082263
0.117366
0.105264
0.070677
0.058554
0.045657
0.068571
0.126996
0.197673
0.223038
0.183335
0.150533
0.178692
0.175554
0.131531
0.097418
0.087444
0.130134
0.122073
0.230260
0.323228
0.326087
0.199887
0.077964
0.060510
0.059500
0.100578
0.158981
0.162141
0.163839
0.159927
0.148061
0.147631
0.170481
0.165645
0.167622
0.078631
0.066744
0.074611
0.135121
0.209646
0.237762
0.309278
0.238880
0.147115
0.270844
0.312266
0.308354
0.227724
0.161131
0.096665
0.016358
0.026246
0.146514
0.278647
0.294102
0.196362
0.041594
0.043765
0.094666
0.084048
0.121665
0.124674
0.124352
0.124524
0.118763
0.097310
0.076567
0.063283
0.037768
0.040691
0.020012
0.010533
0.010748
0.037617
0.030567
0.060145
0.056963
0.053825
0.051482
0.076309
0.076481
0.055609
0.053717
0.048902
0.072161
0.088411
0.136497
0.178907
0.245415
0.273015
0.273316
0.243158
0.215858
0.189956
0.133487
0.086391
0.073407
0.102147
0.084821
0.092259
0.103437
0.139463
0.181014
0.177596
0.114184
0.038047
0.071623
0.138195
0.139571
0.092280
0.099223
0.142386
0.294338
0.276798
0.220114
0.360760
0.527350
0.516000
0.243072
0.080286
0.156380
0.274068
0.222823
0.140409
0.108574
0.131101
0.131875
0.110315
0.087100
0.178972
0.244576
0.233786
0.163968
0.080673
0.100083
0.109305
0.099911
0.087379
0.076890
0.047634
0.088261
0.078846
0.061069
0.053180
0.070226
0.099417
0.093398
0.055244
0.056834
0.065196
0.063111
0.066486
0.071000
0.178757
0.186839
0.148556
0.135099
0.085273
0.083209
0.048000
0.056017
0.052772
0.084563
0.178993
0.215729
0.214160
0.141462
0.078695
0.042260
0.023946
0.038026
0.053696
0.102727
0.124868
0.143655
0.114335
0.093291
0.060918
0.080565
0.062767
0.044238
0.035468
0.046473
0.053997
0.081468
0.069904
0.055738
0.078953
0.075234
0.061628
0.058962
0.059887
0.121428
0.118118
0.125577
0.093656
0.062939
0.048666
0.075406
0.065089
0.076782
0.071322
0.068119
0.140301
0.152618
0.159948
0.115560
0.094215
0.057458
0.081404
0.149695
0.141247
0.149007
0.078588
0.060746
0.059973
0.081662
0.107564
0.123083
0.086627
0.110014
0.118741
0.077384
0.082328
0.041830
0.110401
0.187527
0.189591
0.101373
0.040584
0.115925
0.197609
0.197050
0.246769
0.206035
0.178456
0.070419
0.004815
0.047183
0.155649
0.193288
0.251584
0.222866
0.178972
0.080178
0.049418
0.031061
0.046215
0.048494
0.038262
0.020442
0.028374
0.079942
0.094817
0.096257
0.054212
0.080974
0.057479
0.059994
0.045657
0.080608
0.074847
0.070871
0.065303
0.081318
0.070097
0.055996
0.071709
0.055072
0.076481
0.087766
0.110401
0.130671
0.136217
0.069087
0.063412
0.077319
0.088132
0.087723
0.082156
0.049440
0.029406
0.019991
0.050880
0.122224
0.140194
0.106102
0.060338
0.067367
0.059865
0.045141
0.066185
0.041228
0.054814
0.021259
0.052707
0.082177
0.091485
0.117280
0.114141
0.132112
0.105586
0.051288
0.042196
0.030094
0.031083
0.043679
0.067818
0.067668
0.045141
0.048086
0.053567
0.046602
0.095462
0.151264
0.304549
0.357406
0.338641
0.203692
0.185786
0.186237
0.187377
0.154811
0.171384
0.259731
0.275250
0.220308
0.092968
0.019088
0.003869
0.012897
0.028654
0.058339
0.118591
0.116119
0.089658
0.083639
0.098385
0.117538
0.120719
0.131531
0.123169
0.150684
0.158874
0.158272
0.124115
0.085445
0.045248
0.023086
0.036306
0.052965
0.053244
0.046387
0.052987
0.073515
0.058446
0.088261
0.098278
0.090346
0.088777
0.080651
0.072440
0.065024
0.092366
0.109928
0.079405
0.019389
0.002408
0.001075
0.086283
0.120740
0.134627
0.086649
0.064551
0.068141
0.098364
0.080264
0.071150
0.087745
0.075901
0.084778
0.048902
0.038520
0.037080
0.068098
0.077040
0.098579
0.127641
0.157670
0.140774
0.032157
0.023602
0.035167
0.028933
0.015713
0.039939
0.045141
0.027213
0.020937
0.068786
0.075170
0.074568
0.036542
0.033834
0.014660
0.023882
0.020980
0.037617
0.025838
0.012575
0.021861
0.029019
0.029019
0.013026
0.007223
0.050386
0.066292
0.071494
0.060488
0.028073
0.050987
0.065561
0.060725
0.069366
0.052664
0.047290
0.100363
0.137808
0.149308
0.136862
0.109885
0.108252
0.126824
0.189999
0.240406
0.226434
0.172050
0.061413
0.021238
0.016294
0.025365
0.048967
0.035468
0.048902
0.042346
0.039767
0.029943
0.067346
0.118225
0.101996
0.081124
0.068893
0.074160
0.054190
0.122718
0.127834
0.125341
0.092044
0.136927
0.160056
0.145654
0.082048
0.035081
0.008168
0.024333
0.027944
0.009566
0.007523
0.015283
0.074890
0.129231
0.166741
0.153435
0.085423
0.078545
0.067840
0.054706
0.058339
0.060424
0.038284
0.067625
0.071688
0.078158
0.049633
0.041551
0.039767
0.039767
0.080565
0.093420
0.122869
0.090518
0.067088
0.085660
0.098536
0.077212
0.063089
0.037897
0.030051
0.078910
0.169019
0.167128
0.142515
0.043808
0.001075
0.030223
0.116334
0.157863
0.127275
0.079834
0.026354
0.038885
0.052664
0.059672
0.054814
0.055330
0.059973
0.062337
0.053932
0.018250
0.001075
0.001075
0.011350
0.022463
0.028783
0.046516
0.036478
0.051503
0.088089
0.100341
0.096236
0.066378
0.096816
0.148513
0.162721
0.180326
0.191461
0.220329
0.170954
0.115861
0.068592
0.092646
0.124051
0.163452
0.194320
0.196469
0.162571
0.091528
0.074031
0.096042
0.130048
0.149716
0.150791
0.102792
0.122073
0.084821
0.091829
0.076567
0.043851
0.036499
0.063541
0.129898
0.170030
0.174049
0.141677
0.082758
0.067517
0.056856
0.056490
0.091915
0.086820
0.081898
0.085230
0.160378
0.205347
0.194535
0.085531
0.076911
0.078222
0.110509
0.099159
0.079104
0.075535
0.116183
0.163302
0.150963
0.115109
0.101394
0.084778
0.078459
0.048236
0.016143
0.006771
0.030631
0.034242
0.029535
0.025795
0.025795
0.009974
0.039423
0.065819
0.081683
0.049569
0.028353
0.035425
0.068399
0.101115
0.083833
0.068635
0.122546
0.172867
0.156574
0.063175
0.020120
0.022699
0.011823
0.032028
0.031985
0.028546
0.008254
0.006836
0.063111
0.070935
0.103050
0.137679
0.138818
0.070269
0.043206
0.036951
0.026590
0.019668
0.026740
0.059521
0.134111
0.200940
0.210162
0.173426
0.132069
0.233807
0.178177
0.164505
0.149867
0.230174
0.582680
0.589451
0.563205
0.475825
0.439992
0.432684
0.372604
0.531413
0.549727
0.450933
0.294403
0.190902
0.281033
0.353107
0.389951
0.495128
0.376817
0.329742
0.495730
0.725582
0.811113
0.668705
0.522256
0.383373
0.393884
0.326345
0.338017
0.358374
0.579305
0.549039
0.510971
0.373184
0.306247
0.680248
0.702775
0.833662
0.679560
0.567805
0.507295
0.452589
0.735663
0.927146
0.960249
0.907456
0.765736
0.925620
0.823064
0.669543
0.547234
0.533175
0.768917
0.656667
0.456866
0.153822
0.269447
0.442486
0.618427
0.617954
0.479652
0.408136
0.543450
0.876674
1.148980
1.093263
0.769648
0.537238
0.820334
0.926479
0.840282
0.677024
0.607120
1.314431
1.783808
1.986940
1.515199
1.135330
0.709439
0.589859
0.578488
0.694328
0.590461
0.504070
0.543472
0.447344
0.432490
0.501899
0.459833
1.028583
1.226579
1.567971
1.442351
1.334185
0.943955
0.489840
0.208614
0.180047
0.253819
0.385179
0.821194
0.782094
0.712577
0.442335
0.384964
0.503168
0.519031
0.609635
0.608668
0.577843
0.444872
0.411941
0.398076
0.463831
0.810446
0.778676
0.723175
0.388424
0.359986
0.352785
0.248381
0.687041
1.472294
1.828454
1.728672
0.929360
0.608539
0.678636
0.755418
0.848128
0.783534
0.572577
0.305624
0.381288
0.416369
0.470065
0.416992
0.702109
0.750689
0.658237
0.408652
0.279786
0.219899
0.198447
0.354161
0.499879
0.538377
0.440422
0.354354
0.240170
0.194664
0.200682
0.247887
0.272843
0.390467
0.395819
0.502652
0.603724
0.562560
0.512325
0.305667
0.438638
0.460155
0.364865
0.287847
0.188172
0.207174
0.461359
0.578896
0.830136
0.745250
0.657850
0.377591
0.188881
0.083768
0.122202
0.133358
0.129059
0.107306
0.260461
0.431910
0.690265
0.786629
0.907456
0.871859
0.796474
0.524513
0.502200
0.543794
0.440379
0.322412
0.179445
0.134734
0.199135
0.317554
0.435908
0.380493
0.446677
0.468947
0.516602
0.530854
0.664535
0.750646
0.682011
0.673756
0.541924
0.560023
0.782524
0.866915
1.082687
0.839809
0.765714
0.905048
1.043609
1.047542
0.820399
0.615288
0.376752
0.459510
0.489690
0.532595
0.464368
0.477953
0.484724
0.463487
0.379740
0.397388
0.449837
0.465142
0.471892
0.452030
0.281592
0.222672
0.172910
0.244254
0.233614
0.310030
0.299798
0.318156
0.419507
0.584184
0.571932
0.506456
0.373550
0.426300
0.350377
0.306612
0.434382
0.613719
0.989504
0.980197
0.807093
0.473611
0.220286
0.179466
0.162743
0.155520
0.291136
0.373979
0.469527
0.500201
0.567912
0.639514
0.505597
0.453212
0.387178
0.411812
0.366714
0.404052
0.369250
0.416842
0.388403
0.371550
0.319123
0.262676
0.207905
0.403299
0.471698
0.525437
0.407169
0.366284
0.336018
0.269189
0.180133
0.129876
0.112809
0.112637
0.175511
0.209431
0.233635
0.196663
0.216826
0.417938
0.532896
0.508434
0.294295
0.148427
0.130628
0.161603
0.181336
0.163087
0.151458
0.274885
0.355988
0.313964
0.260590
0.247693
0.247091
0.245350
0.264524
0.344359
0.404331
0.397754
0.301926
0.259344
0.130177
0.119128
0.092603
0.094000
0.078781
0.120912
0.137808
0.179617
0.196211
0.178671
0.339221
0.434726
0.426923
0.319918
0.295413
0.291673
0.230174
0.151544
0.081382
0.111863
0.171298
0.201327
0.174866
0.136282
0.180197
0.195223
0.198855
0.277421
0.288105
0.282129
0.201112
0.141656
0.138582
0.202316
0.211645
0.194384
0.165645
0.131037
0.106317
0.105350
0.149587
0.148319
0.152726
0.170266
0.226112
0.214955
0.170245
0.143676
0.173985
0.222328
0.216009
0.354891
0.366370
0.400655
0.280732
0.413467
0.393497
0.395690
0.243330
0.149351
0.118526
0.131811
0.185421
0.198081
0.205906
0.191955
0.163904
0.204896
0.176715
0.190408
0.113840
0.120654
0.236623
0.263320
0.218438
0.157842
0.132004
0.093914
0.022334
0.032695
0.056340
0.094860
0.226241
0.316608
0.303775
0.236043
0.297326
0.328968
0.285246
0.184496
0.125835
0.080092
0.116570
0.274885
0.387823
0.356396
0.293909
0.232496
0.285504
0.302593
0.252250
0.267319
0.250015
0.206056
0.120311
0.132713
0.096042
0.049053
0.017884
0.006449
0.016337
0.024462
0.028804
0.023151
0.078050
0.130650
0.156896
0.094150
0.056555
0.048988
0.071774
0.138689
0.188129
0.208980
0.166612
0.115775
0.096107
0.162872
0.260977
0.342832
0.375850
0.274068
0.183357
0.104296
0.066830
0.156101
0.239955
0.240449
0.161732
0.107628
0.124674
0.174587
0.189053
0.304936
0.398549
0.316264
0.207002
0.190837
0.170309
0.169815
0.086885
0.033598
0.035726
0.077062
0.098364
0.060145
0.064723
0.121493
0.188000
0.171405
0.175210
0.122245
0.137528
0.099223
0.069603
0.019969
0.026504
0.017196
0.020915
0.022570
0.042669
0.069216
0.125921
0.198318
0.217879
0.203477
0.150684
0.182132
0.248617
0.364349
0.289072
0.225015
0.260805
0.234968
0.179982
0.117538
0.107478
0.088626
0.117774
0.212118
0.272821
0.284042
0.340231
0.390531
0.389155
0.243308
0.178520
0.182196
0.160292
0.150082
0.124438
0.094430
0.107542
0.118892
0.115410
0.157670
0.145181
0.158637
0.153156
0.205669
0.299239
0.311363
0.287954
0.229121
0.203993
0.174221
0.155714
0.125233
0.101137
0.099309
0.079684
0.033898
0.048773
0.056791
0.048945
0.025494
0.031598
0.173641
0.278174
0.320348
0.222307
0.166204
0.124868
0.139571
0.151823
0.170675
0.114550
0.110014
0.109885
0.090819
0.120697
0.111906
0.151845
0.128522
0.061520
0.052471
0.067711
0.087422
0.070527
0.078373
0.093398
0.108961
0.111433
0.095247
0.078717
0.089593
0.096988
0.146901
0.137808
0.131316
0.165279
0.149029
0.150512
0.097547
0.080178
0.102362
0.085273
0.084499
0.085208
0.076288
0.078179
0.108746
0.104361
0.079856
0.069409
0.038799
0.046946
0.057350
0.053954
0.032652
0.024118
0.042776
0.070462
0.076761
0.068936
0.053330
0.047032
0.007330
0.035081
0.038692
0.036671
0.027514
0.061090
0.078330
0.062531
0.024225
0.001075
0.003439
0.025795
0.051159
0.065948
0.078459
0.094322
0.092538
0.068313
0.045334
0.078674
0.150232
0.136497
0.131252
0.188258
0.237117
0.293780
0.332644
0.527286
0.649552
0.702775
0.671800
0.565806
0.434855
