0.468517
0.351323
0.359148
0.471268
0.426536
0.487497
0.368778
0.385931
0.443990
0.459983
0.426644
0.351173
0.492721
0.768616
0.849611
0.871214
0.649982
0.402203
0.372002
0.375828
0.569202
0.834586
1.058484
1.095133
0.934411
0.826074
0.747507
0.772915
0.941483
1.135631
1.265120
1.147797
0.966246
0.765069
0.555896
0.348980
0.247027
0.246790
0.278109
0.456995
0.536292
0.728290
0.642437
0.646758
0.487841
0.436574
0.368111
0.357922
0.346336
0.380127
0.379482
0.397625
0.343155
0.302249
0.311341
0.403321
0.391670
0.363619
0.273445
0.324432
0.375269
0.293973
0.197501
0.217922
0.248832
0.306634
0.411167
0.406352
0.342596
0.279657
0.300250
0.357664
0.317726
0.347239
0.299863
0.305387
0.311728
0.377419
0.486079
0.546546
0.527114
0.390338
0.318027
0.336513
0.353795
0.358116
0.275315
0.275186
0.305968
0.559722
0.795658
0.777193
0.701657
0.465937
0.452653
0.356933
0.396679
0.531520
0.633904
0.570793
0.510541
0.311642
0.346874
0.336900
0.365962
0.496397
0.520300
0.596738
0.589795
0.529801
0.517677
0.539173
0.566107
0.480597
0.318091
0.250101
0.293049
0.386490
0.355235
0.334600
0.342746
0.278561
0.248016
0.129790
0.174651
0.157842
0.141613
0.110638
0.345584
0.437004
0.478921
0.370046
0.318199
0.312889
0.320821
0.309299
0.313706
0.262547
0.311449
0.258763
0.223511
0.246554
0.357815
0.326431
0.267018
0.246812
0.381159
0.447967
0.495128
0.436983
0.408480
0.242061
0.210011
0.190515
0.182390
0.245845
0.250681
0.286944
0.233399
0.227143
0.340468
0.522772
0.516731
0.958228
0.873622
0.857500
0.706494
0.559164
0.507402
0.435607
0.367294
0.316371
0.369745
0.375140
0.463143
0.450676
0.532853
0.444162
0.327485
0.299970
0.275788
0.356160
0.403772
0.408050
0.416627
0.321982
0.358546
0.355042
0.391348
0.414069
0.382642
0.291480
0.270006
0.236687
0.220222
0.196727
0.235699
0.219083
0.181293
0.150555
0.125663
0.171491
0.299906
0.383803
0.448999
0.454566
0.330644
0.230690
0.179402
0.210678
0.242599
0.237418
0.332171
0.338791
0.302657
0.225897
0.165301
0.174286
0.164849
0.198533
0.188129
0.227767
0.213945
0.265685
0.203412
0.248660
0.254937
0.297799
0.285590
0.285181
0.299132
0.303388
0.342725
0.339135
0.371443
0.354655
0.271467
0.296832
0.370261
0.438960
0.389048
0.297434
0.220200
0.244963
0.255496
0.270521
0.256979
0.278991
0.288492
0.272993
0.218094
0.219749
0.281226
0.359234
0.289566
0.293500
0.272714
0.283612
0.201499
0.171749
0.171062
0.147889
0.163388
0.168160
0.191977
0.184776
0.175339
0.175576
0.224650
0.278367
0.355687
0.339909
0.277357
0.195137
0.186001
0.182626
0.246016
0.228197
0.187850
0.152683
0.123793
0.164785
0.253647
0.321272
0.315340
0.297068
0.294510
0.283483
0.267834
0.224521
0.225252
0.202681
0.287417
0.295908
0.339952
0.220394
0.178069
0.154338
0.134670
0.145890
0.126286
0.196405
0.215428
0.167601
0.164720
0.235054
0.362350
0.318865
0.221404
0.154682
0.138732
0.173834
0.216568
0.333976
0.434618
0.466647
0.395174
0.259043
0.371486
0.438101
0.619416
0.528188
0.481780
0.359062
0.315340
0.267555
0.262117
0.199049
0.138087
0.193997
0.206422
0.184367
0.135185
0.158100
0.234280
0.294897
0.286815
0.227380
0.220845
0.240170
0.309385
0.273767
0.272477
0.305710
0.310912
0.316995
0.386898
0.383008
0.409469
0.282774
0.246059
0.234215
0.479759
0.545686
0.546804
0.479652
0.360910
0.346680
0.275766
0.201349
0.330043
0.370476
0.312029
0.249069
0.250165
0.258677
0.231722
0.153994
0.133186
0.162786
0.204745
0.190472
0.132133
0.102770
0.105629
0.155391
0.234538
0.254120
0.217320
0.159755
0.159626
0.153500
0.166526
0.177381
0.189462
0.180197
0.255045
0.315275
0.336255
0.294532
0.198554
0.197437
0.182927
0.151544
0.129360
0.090496
0.109885
0.131961
0.208507
0.282494
0.308375
0.352548
0.282731
0.262568
0.210914
0.291888
0.284751
0.312459
0.314953
0.378257
0.357385
0.312158
0.198920
0.143547
0.118569
0.166096
0.147674
0.133767
0.121278
0.109627
0.171105
0.169406
0.224521
0.159647
0.186775
0.104167
0.080630
0.067238
0.052643
0.038047
0.039767
0.057479
0.173748
0.257323
0.332622
0.306956
0.234882
0.170954
0.125169
0.114464
0.099288
0.118032
0.165580
0.235183
0.265642
0.182261
0.187054
0.102684
0.088820
0.059908
0.097052
0.078588
0.087143
0.088239
0.166913
0.234796
0.298100
0.256592
0.190730
0.127684
0.161582
0.185141
0.265427
0.363404
0.364349
0.481952
0.599919
0.697573
0.818572
0.719198
0.555187
0.801160
0.751291
0.538657
0.224886
0.137507
0.155929
0.206508
0.283569
0.547298
0.573845
0.464798
0.285009
0.286815
0.320520
0.520085
0.608754
0.642115
0.442550
0.270736
0.283892
0.353236
0.581368
0.613827
0.571889
0.398635
0.345240
0.312631
0.256549
0.272134
0.343778
0.292726
0.242599
0.248897
0.261837
0.244146
0.246855
0.353774
0.448376
0.419099
0.489496
0.545127
0.550286
0.440551
0.330494
0.169234
0.171362
0.180971
0.205798
0.199113
0.228605
0.226198
0.248553
0.237332
0.265212
0.385179
0.294790
0.228949
0.218180
0.262504
0.445603
0.584120
0.712061
0.652153
0.584765
0.434231
0.429459
0.537582
0.663589
0.747851
0.764962
0.828933
0.842389
0.768810
0.583883
0.383330
0.326367
0.283010
0.255023
0.269726
0.291866
0.281011
0.238944
0.357385
0.363855
0.447967
0.445538
0.581820
0.496826
0.343628
0.145095
0.133423
0.181100
0.300035
0.301196
0.236386
0.182368
0.127941
0.187592
0.144450
0.204831
0.269576
0.247220
0.197351
0.106725
0.092753
0.115281
0.113496
0.130908
0.144300
0.266545
0.309321
0.331160
0.272392
0.189956
0.167106
0.157906
0.144364
0.089314
0.087508
0.112658
0.206336
0.332536
0.356912
0.309794
0.231829
0.189913
0.156960
0.197780
0.273617
0.425010
0.414842
0.364736
0.232883
0.234301
0.180627
0.162184
0.128586
0.292425
0.434425
0.508069
0.348830
0.237590
0.199264
0.217535
0.248531
0.256098
0.449988
0.417637
0.394099
0.189569
0.152661
0.147739
0.137163
0.105092
0.083575
0.103329
0.110659
0.154940
0.191504
0.273144
0.321724
0.284236
0.224113
0.193266
0.133165
0.150899
0.105758
0.109756
0.092173
0.089228
0.066722
0.070914
0.092517
0.132241
0.130349
0.157412
0.227681
0.238708
0.223812
0.228369
0.174006
0.147739
0.198855
0.170395
0.170137
0.262031
0.280646
0.307150
0.292963
0.235097
0.185012
0.070806
0.090862
0.128006
0.160550
0.168117
0.166032
0.144020
0.132842
0.138646
0.107263
0.106188
0.101029
0.099847
0.143225
0.135615
0.141075
0.099202
0.101158
0.110014
0.096343
0.084649
0.069259
0.074031
0.119666
0.144171
0.178843
0.146621
0.147932
0.234301
0.197093
0.195760
0.119150
0.077685
0.058919
0.056770
0.060746
0.061950
0.106446
0.122224
0.126738
0.097654
0.082263
0.117366
0.105264
0.070677
0.058554
0.045657
0.068571
0.126996
0.197673
0.223038
0.183335
0.150533
0.178692
0.175554
0.131531
0.097418
0.087444
0.130134
0.122073
0.230260
0.323228
0.326087
0.199887
0.077964
0.060510
0.059500
0.100578
0.158981
0.162141
0.163839
0.159927
0.148061
0.147631
0.170481
0.165645
0.167622
0.078631
0.066744
0.074611
0.135121
0.209646
0.237762
0.309278
0.238880
0.147115
0.270844
0.312266
0.308354
0.227724
0.161131
0.096665
0.016358
0.026246
0.146514
0.278647
0.294102
0.196362
0.041594
0.043765
0.094666
0.084048
0.121665
0.124674
0.124352
0.124524
0.118763
0.097310
0.076567
0.063283
0.037768
0.040691
0.020012
0.010533
0.010748
0.037617
0.030567
0.060145
0.056963
0.053825
0.051482
0.076309
0.076481
0.055609
0.053717
0.048902
0.072161
0.088411
0.136497
0.178907
0.245415
0.273015
0.273316
0.243158
0.215858
0.189956
0.133487
0.086391
0.073407
0.102147
0.084821
0.092259
0.103437
0.139463
0.181014
0.177596
0.114184
0.038047
0.071623
0.138195
0.139571
0.092280
0.099223
0.142386
0.294338
0.276798
0.220114
0.360760
0.527350
0.516000
0.243072
0.080286
0.156380
0.274068
0.222823
0.140409
0.108574
0.131101
0.131875
0.110315
0.087100
0.178972
0.244576
0.233786
0.163968
0.080673
0.100083
0.109305
0.099911
0.087379
0.076890
0.047634
0.088261
0.078846
0.061069
0.053180
0.070226
0.099417
0.093398
0.055244
0.056834
0.065196
0.063111
0.066486
0.071000
0.178757
0.186839
0.148556
0.135099
0.085273
0.083209
0.048000
0.056017
0.052772
0.084563
0.178993
0.215729
0.214160
0.141462
0.078695
0.042260
0.023946
0.038026
0.053696
0.102727
0.124868
0.143655
0.114335
0.093291
0.060918
0.080565
0.062767
0.044238
0.035468
0.046473
0.053997
0.081468
0.069904
0.055738
0.078953
0.075234
0.061628
0.058962
0.059887
0.121428
0.118118
0.125577
0.093656
0.062939
0.048666
0.075406
0.065089
0.076782
0.071322
0.068119
0.140301
0.152618
0.159948
0.115560
0.094215
0.057458
0.081404
0.149695
0.141247
0.149007
0.078588
0.060746
0.059973
0.081662
0.107564
0.123083
0.086627
0.110014
0.118741
0.077384
0.082328
0.041830
0.110401
0.187527
0.189591
0.101373
0.040584
0.115925
0.197609
0.197050
0.246769
0.206035
0.178456
0.070419
0.004815
0.047183
0.155649
0.193288
0.251584
0.222866
0.178972
0.080178
0.049418
0.031061
0.046215
0.048494
0.038262
0.020442
0.028374
0.079942
0.094817
0.096257
0.054212
0.080974
0.057479
0.059994
0.045657
0.080608
0.074847
0.070871
0.065303
0.081318
0.070097
0.055996
0.071709
0.055072
0.076481
0.087766
0.110401
0.130671
0.136217
0.069087
0.063412
0.077319
0.088132
0.087723
0.082156
0.049440
0.029406
0.019991
0.050880
0.122224
0.140194
0.106102
0.060338
0.067367
0.059865
0.045141
0.066185
0.041228
0.054814
0.021259
0.052707
0.082177
0.091485
0.117280
0.114141
0.132112
0.105586
0.051288
0.042196
0.030094
0.031083
0.043679
0.067818
0.067668
0.045141
0.048086
0.053567
0.046602
0.095462
0.151264
0.304549
0.357406
0.338641
0.203692
0.185786
0.186237
0.187377
0.154811
0.171384
0.259731
0.275250
0.220308
0.092968
0.019088
0.003869
0.012897
0.028654
0.058339
0.118591
0.116119
0.089658
0.083639
0.098385
0.117538
0.120719
0.131531
0.123169
0.150684
0.158874
0.158272
0.124115
0.085445
0.045248
0.023086
0.036306
0.052965
0.053244
0.046387
0.052987
0.073515
0.058446
0.088261
0.098278
0.090346
0.088777
0.080651
0.072440
0.065024
0.092366
0.109928
0.079405
0.019389
0.002408
0.002408
0.086283
0.120740
0.134627
0.086649
0.064551
0.068141
0.098364
0.080264
0.071150
0.087745
0.075901
0.084778
0.048902
0.038520
0.037080
0.068098
0.077040
0.098579
0.127641
0.157670
0.140774
0.032157
0.023602
0.035167
0.028933
0.015713
0.039939
0.045141
0.027213
0.020937
0.068786
0.075170
0.074568
0.036542
0.033834
0.014660
0.023882
0.020980
0.037617
0.025838
0.012575
0.021861
0.029019
0.029019
0.013026
0.007223
0.050386
0.066292
0.071494
0.060488
0.028073
0.050987
0.065561
0.060725
0.069366
0.052664
0.047290
0.100363
0.137808
0.149308
0.136862
0.109885
0.108252
0.126824
0.189999
0.240406
0.226434
0.172050
0.061413
0.021238
0.016294
0.025365
0.048967
0.035468
0.048902
0.042346
0.039767
0.029943
0.067346
0.118225
0.101996
0.081124
0.068893
0.074160
0.054190
0.122718
0.127834
0.125341
0.092044
0.136927
0.160056
0.145654
0.082048
0.035081
0.008168
0.024333
0.027944
0.009566
0.007523
0.015283
0.074890
0.129231
0.166741
0.153435
0.085423
0.078545
0.067840
0.054706
0.058339
0.060424
0.038284
0.067625
0.071688
0.078158
0.049633
0.041551
0.039767
0.039767
0.080565
0.093420
0.122869
0.090518
0.067088
0.085660
0.098536
0.077212
0.063089
0.037897
0.030051
0.078910
0.169019
0.167128
0.142515
0.043808
0.002408
0.030223
0.116334
0.157863
0.127275
0.079834
0.026354
0.038885
0.052664
0.059672
0.054814
0.055330
0.059973
0.062337
0.053932
0.018250
0.002408
0.002408
0.011350
0.022463
0.028783
0.046516
0.036478
0.051503
0.088089
0.100341
0.096236
0.066378
0.096816
0.148513
0.162721
0.180326
0.191461
0.220329
0.170954
0.115861
0.068592
0.092646
0.124051
0.163452
0.194320
0.196469
0.162571
0.091528
0.074031
0.096042
0.130048
0.149716
0.150791
0.102792
0.122073
0.084821
0.091829
0.076567
0.043851
0.036499
0.063541
0.129898
0.170030
0.174049
0.141677
0.082758
0.067517
0.056856
0.056490
0.091915
0.086820
0.081898
0.085230
0.160378
0.205347
0.194535
0.085531
0.076911
0.078222
0.110509
0.099159
0.079104
0.075535
0.116183
0.163302
0.150963
0.115109
0.101394
0.084778
0.078459
0.048236
0.016143
0.006771
0.030631
0.034242
0.029535
0.025795
0.025795
0.009974
0.039423
0.065819
0.081683
0.049569
0.028353
0.035425
0.068399
0.101115
0.083833
0.068635
0.122546
0.172867
0.156574
0.063175
0.020120
0.022699
0.011823
0.032028
0.031985
0.028546
0.008254
0.006836
0.063111
0.070935
0.103050
0.137679
0.138818
0.070269
0.043206
0.036951
0.026590
0.019668
0.026740
0.059521
0.134111
0.200940
0.210162
0.173426
0.132069
0.233807
0.178177
0.164505
0.149867
0.230174
0.582680
