0.287470
0.344675
0.299384
0.342501
0.296571
0.268523
0.099617
0.026215
0.009463
0.032055
0.113151
0.129839
0.109933
0.087106
0.046846
0.101003
0.173339
0.223915
0.185445
0.071654
0.067946
0.076301
0.088982
0.065943
0.052046
0.045333
0.074425
0.135295
0.161617
0.117605
0.071995
0.094459
0.098040
0.105926
0.126621
0.169929
0.155266
0.123403
0.160700
0.171357
0.112512
0.088066
0.062234
0.054327
0.047123
0.036637
0.029732
0.017796
0.022890
0.051450
0.058611
0.089216
0.082226
0.112703
0.172124
0.177133
0.137682
0.112810
0.076897
0.084826
0.075533
0.093138
0.148531
0.178646
0.172359
0.115922
0.123253
0.107183
0.107162
0.107141
0.147508
0.131821
0.079796
0.039557
0.005243
0.000639
0.029625
0.099639
0.111979
0.144098
0.126855
0.151365
0.084911
0.065026
0.119929
0.128028
0.120888
0.089792
0.042583
0.033035
0.029668
0.037895
0.035167
0.049489
0.059677
0.067179
0.069523
0.091390
0.093969
0.096463
0.092840
0.082204
0.059677
0.122443
0.183505
0.199149
0.128305
0.083206
0.049936
0.032247
0.075640
0.117222
0.105777
0.070482
0.032204
0.013427
0.000639
0.000639
0.000639
0.000959
0.008568
0.039514
0.067093
0.073807
0.090730
0.078283
0.048764
0.018500
0.054583
0.103027
0.128113
0.078240
0.060231
0.028794
0.079732
0.099383
0.103027
0.075512
0.045184
0.017285
0.007886
0.000639
0.013108
0.139856
0.220484
0.268182
0.238621
0.273787
0.284401
0.337556
0.268353
0.148680
0.076748
0.105883
0.120547
0.095141
0.082141
0.095930
0.081416
0.135807
0.154989
0.198595
0.162150
0.095994
0.111574
0.108142
0.111766
0.060636
0.113535
0.134848
0.186894
0.237534
0.235594
0.200641
0.137661
0.144481
0.109933
0.137895
0.170995
0.185338
0.128006
0.098040
0.132930
0.153688
0.116007
0.047656
0.051833
0.156267
0.217969
0.259785
0.239239
0.163983
0.153880
0.130606
0.116668
0.187043
0.188045
0.160082
0.050427
0.094054
0.190368
0.194055
0.329116
0.424385
0.436470
0.255053
0.092094
0.074915
0.055243
0.017477
0.025171
0.090367
0.115495
0.157035
0.215816
0.234294
0.250215
0.209678
0.222721
0.216754
0.159336
0.103411
0.160104
0.259742
0.320953
0.215539
0.203604
0.158292
0.139984
0.117819
0.096207
0.138087
0.115730
0.112277
0.058739
0.058654
0.049361
0.070461
0.217606
0.284103
0.311043
0.247615
0.189025
0.154839
0.141391
0.117115
0.110082
0.078091
0.129967
0.154200
0.201153
0.167840
0.108888
0.083014
0.198126
0.212065
0.330992
0.386129
0.420229
0.321891
0.234508
0.200002
0.253434
0.230479
0.183527
0.194929
0.192393
0.150065
0.144545
0.187768
0.226536
0.245484
0.208484
0.186106
0.191967
0.227645
0.246400
0.266541
0.232611
0.294099
0.344014
0.355672
0.348745
0.480204
0.596638
0.593334
0.507592
0.264388
0.369142
0.575452
0.862710
1.450993
1.396325
1.371623
1.030209
1.172324
1.173816
1.193765
1.023261
0.790224
0.540179
0.431994
0.395805
0.339538
0.564093
0.686088
0.858170
1.059877
1.356043
1.320067
0.922344
0.240667
0.256119
0.331674
0.370272
0.659085
1.064885
1.385881
1.337607
0.806486
0.792014
0.713071
0.641267
0.458891
0.193544
0.243502
0.304649
0.393588
0.571573
0.887539
0.890545
0.810152
0.610726
0.621808
0.635513
0.660470
0.729290
0.861495
0.814095
0.708084
0.772236
0.814968
1.079272
0.933149
0.943763
0.607422
0.412770
1.003227
1.342573
1.448350
0.970937
0.821554
0.653863
0.660896
0.740714
0.714627
0.410660
0.312535
0.342629
0.478222
0.548939
0.738817
0.797939
0.792227
0.566586
0.432698
0.463985
0.494974
0.535256
0.612452
0.643420
0.689733
0.805228
0.857296
1.036795
0.960174
0.672235
0.417437
0.352902
0.423256
0.616778
1.146514
1.233877
0.968145
0.435106
0.271123
0.197593
0.152260
0.169417
0.378690
0.423874
0.424172
0.308464
0.473960
0.570486
0.445080
0.393993
0.384210
0.500345
0.448682
0.423789
0.416628
0.434957
0.462195
0.383059
0.437578
0.451751
0.413665
0.398043
0.372382
0.298404
0.190816
0.124660
0.131779
0.196187
0.313856
0.506696
0.540904
0.535959
0.417864
0.407143
0.491308
0.656421
0.700858
0.544591
0.320548
0.203902
0.141774
0.153923
0.210232
0.192670
0.291733
0.370059
0.486513
0.553116
0.559638
0.523491
0.496189
0.411981
0.431568
0.390455
0.638859
0.887710
0.939458
0.710641
0.328242
0.411832
0.609681
0.711749
0.631996
0.689754
0.923836
1.023431
0.890161
0.676924
0.723365
0.793101
0.790480
0.803374
0.839393
0.781464
0.512941
0.356589
0.386320
0.722235
0.949155
1.027779
0.929952
0.887134
0.735151
0.728288
0.710577
0.778331
0.524301
0.390263
0.220228
0.203135
0.140709
0.209678
0.254563
0.318673
0.369632
0.386384
0.389539
0.352028
0.299299
0.299917
0.227197
0.268566
0.193309
0.165347
0.136063
0.203646
0.389944
0.484893
0.466436
0.290199
0.290625
0.181438
0.207802
0.195270
0.203774
0.267948
0.291605
0.361896
0.595039
0.659809
0.658595
0.350642
0.357974
0.298383
0.396124
0.348873
0.356823
0.280714
0.220206
0.176920
0.164707
0.188791
0.193693
0.146335
0.100384
0.093053
0.069566
0.030648
0.033163
0.049510
0.045759
0.022400
0.031629
0.017050
0.010976
0.019033
0.040495
0.039706
0.032502
0.025640
0.030648
0.053581
0.060273
0.176707
0.206630
0.223702
0.160018
0.111318
0.108313
0.118628
0.110679
0.108057
0.100107
0.073274
0.110402
0.101514
0.114025
0.072422
0.065069
0.078198
0.089515
0.044757
0.042669
0.016603
0.027494
0.072209
0.119033
0.099511
0.074020
0.075001
0.129605
0.147060
0.160807
0.080521
0.052473
0.052963
0.055648
0.143394
0.234657
0.227410
0.161510
0.015963
0.002984
0.008142
0.039173
0.070546
0.074532
0.044225
0.034229
0.043713
0.067136
0.054881
0.042626
0.058547
0.050000
0.045482
0.052750
0.060529
0.063939
0.061552
0.051471
0.045823
0.051023
0.056117
0.051151
0.055691
0.043244
0.069353
0.140496
0.164835
0.167521
0.089366
0.041262
0.101493
0.138045
0.152665
0.189025
0.176621
0.194077
0.124639
0.132056
0.109805
0.092818
0.048317
0.021526
0.033227
0.089046
0.126301
0.127495
0.065580
0.065325
0.026194
0.025874
0.012319
0.007119
0.019096
0.078091
0.086233
0.104050
0.127239
0.177111
0.168394
0.079071
0.082098
0.099191
0.101003
0.105883
0.097166
0.097422
0.114835
0.148168
0.204520
0.177261
0.141135
0.088748
0.080755
0.091881
0.090495
0.053645
0.036808
0.042008
0.074638
0.108782
0.101450
0.107396
0.139728
0.124319
0.058440
0.040495
0.074894
0.119992
0.192436
0.193778
0.263280
0.218459
0.202474
0.157077
0.025576
0.041816
0.105350
0.165560
0.240816
0.223531
0.181907
0.207355
0.229712
0.227410
0.177389
0.107844
0.123509
0.240752
0.258762
0.230714
0.261277
0.225215
0.241711
0.141476
0.127260
0.072486
0.075001
0.065495
0.066070
0.071186
0.065090
0.069331
0.118202
0.175811
0.207440
0.211788
0.137640
0.145099
0.117264
0.103432
0.095291
0.094097
0.107908
0.110934
0.088236
0.061680
0.067392
0.099191
0.109720
0.131246
0.219993
0.218437
0.195782
0.093181
0.143394
0.305565
0.380971
0.365135
0.234209
0.105500
0.110529
0.126386
0.210616
0.253497
0.159123
0.087938
0.120525
0.151600
0.169886
0.177239
0.160509
0.110636
0.058099
0.079370
0.079881
0.071335
0.068564
0.066454
0.097870
0.104072
0.255288
0.505823
0.540201
0.332825
0.126919
0.155798
0.181438
0.163940
0.127388
0.148914
0.129349
0.196485
0.180138
0.215027
0.178220
0.269013
0.254222
0.224917
0.140687
0.119012
0.195334
0.444995
0.755654
0.764691
0.636877
0.143927
0.110316
0.035486
0.025767
0.011680
0.048594
0.071228
0.073360
0.081693
0.101194
0.125022
0.140453
0.159827
0.171464
0.153049
0.074297
0.058121
0.104903
0.099447
0.136254
0.121996
0.136148
0.127345
0.073487
0.057908
0.127900
0.205522
0.236042
0.192329
0.108036
0.102835
0.070781
0.096612
0.175406
0.220462
0.290625
0.266733
0.243502
0.213109
0.224277
0.269226
0.228604
0.226963
0.201621
0.205032
0.277027
0.229392
0.134762
0.080521
0.063619
0.082098
0.099809
0.128944
0.141924
0.106906
0.076663
0.078794
0.079327
0.094268
0.122571
0.222785
0.235978
0.245569
0.186191
0.141647
0.126280
0.151067
0.256204
0.234145
0.209656
0.158782
0.122401
0.115431
0.105265
0.183207
0.220846
0.172060
0.082567
0.050853
0.041731
0.082908
0.070397
0.049638
0.037788
0.031074
0.082268
0.158292
0.201344
0.162640
0.101642
0.066603
0.058142
0.032375
0.036232
0.080350
0.085785
0.077921
0.082247
0.074319
0.092072
0.059250
0.039173
0.154136
0.161979
0.185168
0.153177
0.115517
0.093053
0.061467
0.019693
0.056373
0.073445
0.101706
0.111275
0.214090
0.289112
0.331120
0.206097
0.145568
0.120547
0.137554
0.125981
0.121975
0.119097
0.106203
0.093415
0.067776
0.091795
0.118735
0.107546
0.078816
0.075022
0.077580
0.060657
0.034868
0.029540
0.053325
0.093650
0.102921
0.078517
0.045290
0.001407
0.000639
0.001279
0.003751
0.004838
0.067030
0.098466
0.122550
0.128049
0.193245
0.182823
0.152154
0.088449
0.088257
0.040495
0.022293
0.023444
0.022080
0.001023
0.000639
0.000639
0.000810
0.001066
0.001066
0.026386
0.071399
0.082098
0.080904
0.065879
0.059037
0.049233
0.049063
0.084059
0.126173
0.158015
0.168586
0.167691
0.165837
0.138599
0.117499
0.104988
0.088023
0.094843
0.048381
0.016368
0.020567
0.056480
0.063918
0.074489
0.056117
0.065623
0.094673
0.089323
0.093095
0.059165
0.060764
0.075811
0.054348
0.044630
0.051109
0.050981
0.040836
0.021100
0.037213
0.043287
0.040410
0.050469
0.060742
0.046228
0.040537
0.044672
0.052025
0.037468
0.040751
0.035571
0.043244
0.056330
0.069012
0.050853
0.021526
0.004241
0.046846
0.056501
0.058611
0.024744
0.000639
0.015985
0.022059
0.047464
0.051578
0.067498
0.066113
0.072933
0.072059
0.030755
0.046590
0.079668
0.114536
0.123616
0.116455
0.088300
0.067818
0.053453
0.048615
0.057226
0.046676
0.041859
0.045098
0.030030
0.044416
0.053453
0.040495
0.015281
0.000639
0.001279
0.019608
0.041859
0.054093
0.100939
0.097955
0.093905
0.059613
0.037447
0.038321
0.033035
0.036872
0.049169
0.073402
0.100129
0.139856
0.121570
0.098424
0.051599
0.021974
0.123339
0.195014
0.227261
0.228156
0.106246
0.118692
0.179605
0.219674
0.211170
0.148957
0.047038
0.064238
0.088513
0.143181
0.148488
0.188578
0.154775
0.114238
0.071654
0.030456
0.027707
0.037298
0.041560
0.037149
0.048807
0.209081
0.273404
0.231716
0.183527
0.101621
0.081821
0.080649
0.064792
0.069246
0.147081
0.139835
0.145994
0.061105
0.052622
0.044182
0.053879
0.047954
0.035209
0.170590
0.400302
0.407079
0.402604
0.064941
0.000639
0.000639
0.000639
0.000639
0.000639
0.000639
0.000639
0.000639
0.000639
0.000639
0.000639
0.000639
0.000639
0.000639
0.000639
0.000639
0.000639
0.000639
0.000639
0.000639
0.000639
0.000639
0.000639
0.000639
0.000639
0.000639
0.000639
0.000639
0.000639
0.000639
0.000639
0.000639
0.000639
0.000639
0.000639
0.000639
0.000639
0.000639
0.000639
0.000639
0.000639
0.000639
0.000639
0.000639
0.000639
0.000639
0.000639
0.000639
0.000639
0.000639
0.000639
0.000639
0.000639
0.000639
0.000639
0.000639
0.000639
0.000639
0.000639
0.000639
0.000639
0.000639
0.000639
0.000639
0.000639
0.000639
0.000639
0.000639
0.000639
0.000639
0.000639
0.000639
0.000639
0.000639
0.000639
0.000639
0.000639
0.000639
0.000639
0.000639
0.000639
0.000639
0.000639
0.000639
0.000639
0.000639
0.000639
0.000639
0.000639
0.000639
0.000639
0.000639
0.000639
0.000639
0.000639
0.000639
0.000639
0.000639
0.000639
0.000639
0.000639
0.000639
0.000639
0.000639
0.000639
0.000639
0.000639
0.000639
0.000639
0.000639
0.000639
0.000639
0.000639
0.000639
0.000639
0.000639
0.000639
0.000639
0.000639
0.000639
0.000639
0.000639
0.000639
0.000639
0.000639
0.000639
0.000639
0.000639
0.000639
0.000639
0.000639
0.000639
0.000639
0.000639
0.000639
0.000639
0.000639
0.000639
0.000639
0.000639
0.000639
0.000639
0.000639
0.000639
0.000639
0.000639
0.000639
0.000639
0.000639
0.000639
0.000639
0.000639
0.000639
0.000639
0.000639
0.000639
0.000639
0.000639
0.000639
0.000639
0.000639
0.000639
0.000639
0.000639
0.000639
0.000639
0.000639
0.000639
0.000639
0.000639
0.000639
0.000639
0.000639
0.000639
0.000639
0.000639
0.000639
0.000639
0.000639
0.000639
0.000639
0.000639
0.000639
0.000639
0.000639
0.000639
0.000639
0.000639
0.000639
0.000639
0.000639
0.000639
0.000639
0.000639
0.000639
0.000639
0.000639
0.000639
0.000639
0.000639
0.000639
0.000639
0.000639
0.000639
0.000639
0.000639
0.000639
0.000639
0.000639
0.000639
0.000639
0.000639
0.000639
0.000639
0.000639
0.000639
0.000639
0.000639
0.000639
0.000639
0.000639
0.000639
0.000639
0.000639
0.000639
0.000639
0.000639
0.000639
0.000639
0.000639
0.000639
0.000639
0.000639
0.000639
0.000639
0.000639
0.000639
0.000639
0.000639
0.034804
0.099106
0.128731
0.072038
0.066539
0.039600
0.047635
0.050917
0.074127
0.086318
0.086275
0.068884
0.068415
0.043777
0.036232
0.010699
0.023444
0.025085
0.045866
0.044289
0.051301
0.049787
0.117094
0.136872
0.140666
0.075363
0.136745
0.144780
0.147188
0.120397
0.102367
0.086723
0.073871
0.125214
0.291882
0.338046
0.378520
0.248340
0.225535
0.162683
0.226835
0.256545
0.307185
0.239729
0.172700
0.098743
0.063598
0.132482
0.150214
0.155180
0.189835
0.234103
0.284337
0.255842
0.147657
0.122102
0.099425
0.076684
0.144545
0.214665
0.260978
0.244653
0.194162
0.182163
0.271571
0.270463
0.207930
0.095717
0.095866
0.174618
0.313472
0.416926
0.369014
0.238877
0.100278
0.103922
0.107141
0.186319
0.179584
0.143096
0.109613
0.167926
0.188152
0.255543
0.346657
0.371337
0.311853
0.269845
0.222316
0.220888
0.134528
0.122102
0.202602
0.222295
0.243416
0.170121
0.131779
0.203156
0.284934
0.370293
0.310851
0.280203
0.238664
0.166178
0.198062
0.200705
0.234273
0.232888
0.209145
0.157951
0.222721
0.435980
0.618420
0.590521
0.491458
0.403243
0.287833
0.188599
0.056778
0.084485
0.104178
0.142030
0.145248
0.225343
0.273681
0.316605
0.345399
0.299896
0.291285
0.380822
0.429991
0.498043
0.437600
0.339368
0.389922
0.407122
0.503116
0.340433
0.350152
0.279947
0.319568
0.358038
0.412919
0.526859
0.555695
0.533679
0.349150
0.282867
0.364283
0.342927
0.390753
0.514497
0.543227
0.431206
0.453520
0.511620
0.830293
0.827714
0.772385
0.672022
0.609298
0.712645
0.839223
0.868379
0.834726
0.581036
0.536663
0.432314
0.356312
0.269631
0.451389
0.639029
0.739435
0.644336
0.476901
0.529160
0.514391
0.652734
0.585640
0.630099
0.604310
0.616139
0.678160
0.720296
0.773238
1.148475
1.205871
1.015631
0.740565
0.685065
0.917356
0.923281
0.651732
0.444185
0.637900
0.643718
0.543930
0.534659
0.618420
0.657124
0.741993
0.744294
0.959897
0.877757
0.968870
0.688497
0.585171
0.457655
0.525516
0.551134
0.472148
0.482314
0.497724
0.632188
0.883106
1.187712
1.149562
1.135346
0.764179
0.558956
0.561769
0.559510
0.817633
0.957851
1.020320
0.874858
0.755015
0.625773
0.582528
0.275130
0.431056
0.515925
0.666587
0.751115
0.719635
0.660769
0.469441
0.551752
0.720552
1.050499
1.458473
1.441700
1.109898
0.703949
0.693612
0.643015
0.605760
0.521637
0.493738
0.339155
0.344824
0.525239
0.565627
0.574451
0.614754
0.718399
0.834022
0.861133
0.940950
0.863200
0.913136
1.067784
1.095129
0.982873
0.644762
0.639157
0.487323
0.515627
0.808340
1.068743
1.495004
1.744559
1.960865
1.797415
1.521709
1.184238
1.135304
1.209814
1.256554
1.212073
1.419513
1.153825
1.071684
0.773088
0.904675
0.835109
0.675560
0.598939
0.851606
1.048219
1.254934
1.287372
1.319363
1.258259
1.216272
1.121130
0.880762
0.474450
0.474876
0.638539
0.841034
1.273561
1.402335
1.361670
1.380020
1.157171
1.201971
0.977012
1.202610
1.297155
1.336158
1.108044
1.089204
1.378805
1.413950
1.739784
1.648138
1.873588
1.638761
1.429253
1.057873
1.118424
1.426866
1.519066
1.286754
1.479467
1.500481
1.613952
1.733433
1.421261
1.257875
1.081936
0.965034
0.938648
0.512366
0.419739
0.533849
1.064949
1.404722
1.399415
2.087123
2.360463
2.517412
1.829022
0.895511
0.702073
0.770105
1.031637
1.210986
1.013670
0.930762
1.035729
1.086028
0.888285
0.720914
0.706293
0.944488
1.033960
1.003333
0.862177
0.701626
1.063308
1.604489
1.551356
1.385050
0.680995
0.488154
0.462024
0.610363
0.602840
0.549813
0.618739
0.610747
0.863328
1.134387
1.294811
1.484539
1.629596
1.526356
1.561138
1.288928
1.146557
1.031317
0.718527
0.866653
0.949837
0.907829
0.925988
1.256809
1.632367
1.704320
1.298903
1.071194
0.789478
0.731059
0.613752
0.681080
0.671787
0.576092
0.702798
0.814244
0.871022
0.863200
1.050989
1.328038
1.569706
1.361755
1.001415
0.756379
0.610214
0.862454
0.811729
1.086603
1.205594
1.438056
1.166975
1.105252
1.099391
1.166122
1.176587
0.738987
0.712815
0.765906
0.717930
0.818357
0.841588
1.040674
1.145385
1.129933
1.166463
0.972515
0.644635
0.555631
0.623194
0.732167
0.788029
0.875775
0.897407
0.889458
0.848089
0.589583
0.564263
0.489817
0.671212
1.325629
1.562588
1.617128
0.902054
0.492332
0.393226
0.304841
0.462110
0.708233
0.828140
0.900455
0.910451
1.035452
1.062861
1.188437
1.197687
1.023410
0.717781
0.884705
1.039928
1.090781
0.596659
0.379181
0.405374
0.397851
0.522383
0.735748
0.796064
0.810045
0.787539
1.056126
1.543768
1.752274
1.447114
1.032958
0.842995
0.604502
0.823302
0.976713
0.862070
0.569208
0.450494
0.551539
0.543142
0.569591
0.506590
0.474194
0.438772
0.465903
0.624579
0.755292
0.936282
0.812795
0.780015
0.864330
1.023943
0.834235
0.524578
0.203071
0.316669
0.387237
0.607614
0.725645
1.024476
0.959791
0.986666
0.964735
1.004058
1.437715
1.689315
1.735117
1.551675
1.392744
1.227312
1.089374
0.814095
0.777948
0.728224
0.644549
0.500409
0.480503
0.626476
0.946747
1.258323
0.921619
0.717525
0.422190
0.568440
0.799090
1.112115
1.526121
1.735415
1.631173
1.398818
1.078121
1.019190
1.012434
0.915310
1.140717
1.080273
0.933341
0.620039
0.519165
0.718889
0.803992
0.947834
0.825071
0.718420
0.493887
0.313963
0.368758
0.676668
0.783766
0.979974
1.162670
1.451888
1.551995
0.997728
1.023431
0.979463
1.010665
0.800646
0.639860
0.802500
1.046940
1.262585
1.299904
1.044702
0.977630
0.949283
1.184622
1.593129
1.580704
1.583666
1.407493
1.164929
0.900455
0.726775
0.450728
0.570423
0.984706
1.673842
1.851763
1.618641
1.123240
0.799772
0.741865
0.679673
0.639733
0.524237
0.613326
0.704141
0.640628
0.496488
0.434296
0.516181
0.708744
1.084643
1.606301
1.857710
1.676804
1.145619
1.127652
0.906359
0.612260
0.398213
0.474471
0.508892
0.934343
1.300885
1.349947
0.866866
0.590372
0.867676
0.974134
1.034258
0.681527
0.637964
0.766758
0.784086
0.968422
0.785343
0.913350
1.026522
1.101501
1.118189
1.122154
1.200436
1.337799
1.274584
1.271281
0.921299
0.992229
0.874240
0.582059
0.432399
0.521829
0.875455
1.394492
1.534646
1.480000
1.396069
1.184025
1.134835
0.822471
0.707316
0.400025
0.366989
0.347616
0.344376
0.276111
0.306887
0.317309
0.288280
0.293736
0.319120
0.446018
0.609575
0.610896
0.654034
0.596851
0.645722
0.594144
0.642013
0.805356
0.882105
0.750987
0.591522
0.605291
1.124754
2.381904
2.426768
2.062102
0.876158
1.320237
1.521645
1.487758
1.009088
0.600112
0.774197
0.908490
0.922514
0.885451
0.788775
0.887753
0.827074
0.685513
0.682870
0.676583
0.748472
1.021087
1.791064
2.192261
1.926380
1.724887
1.380915
1.504787
1.471730
1.194128
1.049497
0.632848
0.146506
0.115538
0.283250
0.433380
0.682721
0.691246
0.588155
0.319270
0.280821
0.304478
0.330097
0.355097
0.263429
0.374897
0.524621
0.818720
0.906146
0.944999
0.735172
0.852799
1.062584
1.277078
1.490507
1.574672
1.968644
1.934053
1.492596
0.996982
0.771106
0.839628
1.309794
2.300957
2.590793
2.228130
1.743727
1.265015
1.127482
0.933149
0.703693
0.622746
0.624430
0.770019
0.761899
0.802586
0.856593
0.933895
2.063743
2.268519
2.124762
0.638454
0.361960
0.313877
0.257376
0.215795
0.223680
0.295356
0.738476
1.128611
1.111284
0.731826
0.485554
0.513346
0.631975
0.747108
0.760620
0.686834
0.498939
0.657742
0.880016
0.941930
0.926095
0.843038
0.912071
1.039288
1.081957
0.930549
0.933362
0.822321
0.681783
1.394662
2.260590
2.595013
2.533930
1.955430
1.849355
1.160496
0.896811
0.901350
1.081318
1.366614
2.331818
3.434002
3.389457
3.105184
1.797905
1.681110
1.296643
0.849965
1.002587
0.972493
0.959002
0.681165
0.458231
0.304116
0.374598
0.491415
0.860451
1.386435
1.314696
1.215249
1.398903
1.398328
1.309985
0.591863
0.762155
0.730995
0.716630
0.766247
0.768826
0.701476
0.664605
0.648514
1.115014
1.813592
2.015852
2.690347
3.006611
3.557489
2.993205
2.092196
1.186114
0.851883
0.542950
0.499429
0.351218
0.322019
0.235680
0.287300
0.439369
0.676434
0.731613
0.836345
0.887049
1.211988
1.424863
1.764721
1.479403
1.478977
1.138479
0.718463
0.412194
0.214708
0.249405
0.217990
0.218054
0.215390
0.306524
0.377710
0.381695
0.359636
0.359828
0.596744
0.685641
0.855442
0.744976
0.768847
0.678991
0.666566
1.059109
1.386180
1.707069
1.666063
1.383771
0.860642
0.832957
0.905016
0.949411
0.858916
0.728608
0.520358
0.512025
0.378115
0.429181
0.325003
0.209976
0.085018
0.330800
0.591949
0.689882
0.748557
1.408771
1.655193
1.467425
0.935025
0.883746
1.053994
0.962561
1.232470
1.244363
1.161625
1.134707
1.281788
1.410221
1.028035
0.655867
0.546232
0.759725
0.872961
1.158876
1.194575
1.234218
1.024881
0.763775
0.737240
0.685897
0.705206
0.707657
0.695019
0.763199
0.631143
0.632252
0.550623
0.715799
0.894530
0.811580
1.017634
0.988286
1.101075
1.157874
1.042293
1.032276
1.031786
1.121791
1.319725
1.206042
0.768336
0.778161
1.024987
0.891653
0.832850
0.364794
0.478265
0.559745
0.466308
0.497468
0.589029
0.628884
0.859683
0.700773
0.661962
0.520038
0.510490
0.609617
0.653245
0.924518
0.961176
0.958384
0.995447
0.977374
0.955741
1.094937
1.093146
1.555576
1.310561
1.437821
1.241230
1.313779
1.415570
0.988052
0.761963
0.523790
0.516415
0.586130
0.626327
0.587942
0.597128
0.517183
0.371337
0.357484
0.296912
0.299448
0.393354
0.551347
0.866589
1.048837
0.818443
0.537110
0.353051
0.831870
1.097302
1.191975
0.864926
1.028227
1.066953
1.067464
1.043828
0.975925
0.856358
0.761302
1.071215
1.280041
1.358046
1.392829
1.167572
1.194170
1.207193
1.002097
0.975562
0.845574
0.785834
0.893656
0.944062
0.943529
1.159515
1.560265
1.842897
1.685223
1.569578
1.520644
1.239738
1.208770
0.955464
0.922727
1.175564
1.515699
1.612183
1.498201
1.898737
1.901998
1.426738
0.580994
0.497170
0.686152
0.679908
0.638901
0.431142
0.453393
0.492864
0.556548
0.488943
0.579630
0.750134
0.735215
0.507762
0.138641
0.209252
0.374279
0.452433
0.433550
0.262662
0.321230
0.428264
0.602030
0.647363
0.695360
0.648982
0.831188
1.246664
1.389014
1.408217
0.947685
0.993700
0.927416
0.893038
0.820510
0.886708
0.923963
0.631186
0.372254
0.210061
0.139473
0.109847
0.127090
0.169673
0.361512
0.361341
0.316456
0.290028
0.353839
0.385596
0.355800
0.306439
0.263685
0.182887
0.122529
0.149639
0.149703
0.125086
0.143138
0.147572
0.213322
0.356780
0.669635
0.755100
0.603650
0.575879
0.682252
0.719912
0.607507
0.345634
0.390242
0.236149
0.159507
0.197252
0.245995
0.289943
0.274576
0.365583
0.509744
0.412663
0.389368
0.301281
0.230842
0.169524
0.099084
0.038662
0.088257
0.201451
0.363665
0.516607
0.453563
0.373724
0.337577
0.323127
0.220846
