0.750035
0.722747
0.673888
0.677207
0.687347
0.691219
0.675732
0.672782
0.579120
0.564554
0.542245
0.469786
0.338327
0.325974
0.267343
0.272321
0.311961
0.412261
0.595160
0.703204
0.802213
0.739157
0.751694
0.409680
0.376677
0.317677
0.415764
0.319152
0.251302
0.262365
0.220880
0.233971
0.213505
0.137543
0.073012
0.061765
0.055681
0.056050
0.110625
0.177921
0.300899
0.318414
0.350311
0.433833
0.417423
0.502051
0.394930
0.402858
0.448214
0.507951
0.368749
0.332243
0.335193
0.260890
0.266421
0.254990
0.350496
0.458723
0.504448
0.596082
0.599585
0.581332
0.704494
0.969256
1.028993
1.068634
1.137774
1.258170
1.236783
1.481448
1.177046
1.170039
1.145886
1.163771
1.166905
1.137590
1.329339
1.086887
1.086518
1.310717
1.370823
1.383360
1.119521
1.053515
1.053699
1.227564
1.196958
1.367320
1.362526
1.678175
1.269970
0.910256
0.889790
0.889237
0.998940
0.954321
0.933672
0.969993
1.154183
0.962065
0.985665
0.996728
0.958746
0.735654
0.764416
0.087762
0.228255
0.506292
0.657663
1.047246
1.188477
1.406407
1.107352
0.904909
0.908228
1.053146
1.003918
0.770869
0.735100
0.871537
0.725513
0.452086
0.487670
0.387739
0.303664
0.357133
0.537820
0.658954
0.758516
0.812353
0.800000
0.841484
0.850887
0.865269
0.887762
0.893478
0.521964
0.362480
0.234709
0.212399
0.197834
0.314543
0.462226
0.521042
0.561051
0.616179
0.586863
0.462411
0.443236
0.412445
0.507951
0.531920
0.626873
0.544457
0.844250
0.858447
0.996359
1.099055
1.393685
1.278083
1.011846
0.847753
0.801475
0.893662
1.010924
0.967043
0.890344
1.006684
0.912100
0.711869
0.644388
0.846278
0.843328
0.652132
0.786725
0.789860
0.939018
1.158977
1.121918
1.256695
1.108827
0.977921
0.961696
1.021987
1.000784
1.064209
1.127265
0.972759
1.056834
1.051302
1.251164
1.307583
1.515926
1.612538
1.609035
1.716894
1.597419
1.700116
1.702512
1.805578
1.814059
1.592994
1.771653
1.772575
1.708044
1.749344
1.178705
1.035446
0.835953
0.672413
0.439180
0.418898
0.417977
0.399355
0.339617
0.414289
0.421480
0.381470
0.427011
0.512561
0.612123
0.606960
0.567689
0.695091
0.743766
0.790966
0.863425
0.824891
0.966490
0.966121
0.975340
1.047246
1.150127
1.102743
1.083199
1.233833
0.901222
0.757594
0.642544
0.736575
0.625951
0.536529
0.551279
0.524729
0.461858
0.539111
0.600138
0.597557
0.456511
0.383867
0.287440
0.217930
0.198387
0.202996
0.272874
0.276377
0.298686
0.395483
0.510532
0.501683
0.615810
0.769210
0.847016
0.824706
0.811984
0.918368
0.636460
0.459092
0.452823
0.434017
0.484536
0.481217
0.431252
0.402858
0.476239
0.460014
0.655635
0.708919
0.778613
0.799447
0.832266
0.798341
0.907122
0.940678
1.101452
0.913759
0.905831
0.806453
1.008343
1.077668
1.095368
1.059046
0.927218
0.763863
0.670016
0.588154
0.580779
0.562526
0.680157
0.618945
0.606960
0.565476
0.545564
0.476054
0.486011
0.491358
0.450242
0.552017
0.636829
0.582992
0.591473
0.704310
0.756488
0.814013
0.928509
0.967043
0.825075
0.800000
0.783406
0.988615
0.916156
0.890159
0.890344
0.934225
1.028624
0.870800
0.953400
0.943259
0.861950
0.881309
0.835400
0.850150
0.828209
0.829684
0.993224
1.112515
1.318276
1.213552
1.269233
1.141093
1.161927
0.613045
0.338511
0.312330
0.265499
0.311039
0.268080
0.283383
0.293524
0.314174
0.358055
0.400277
0.441023
0.360452
0.359714
0.404149
0.391427
0.492464
0.732888
0.896244
0.878912
0.992671
1.079880
0.962987
0.214059
0.191565
0.207790
0.275086
0.366167
0.467205
0.513114
0.511454
0.636276
0.605485
0.773450
0.768103
0.874119
0.784881
0.711500
0.491358
0.237290
0.150265
0.164646
0.235630
0.334824
0.408205
0.499101
0.519014
0.389030
0.368564
0.265130
0.236737
0.178474
0.151740
0.125006
0.122978
0.170546
0.213321
0.312330
0.328739
0.253515
0.277115
0.326711
0.271952
0.353814
0.511823
0.674257
0.770685
0.956165
0.898640
0.814750
0.734916
0.860106
0.739710
0.673519
0.724960
0.749666
0.633879
0.579304
0.374464
0.255358
0.133856
0.178843
0.375570
0.499286
0.571929
0.817884
0.875962
0.935884
0.911178
0.704126
0.691772
0.598479
0.605301
0.567320
0.634616
0.625398
0.311593
0.334824
0.372436
0.446923
0.609910
0.666144
0.630745
0.606776
0.710394
0.695644
0.750588
0.804241
0.934778
1.003549
1.128740
1.330261
1.300392
1.233649
1.090205
0.959115
1.221664
1.739572
2.023139
2.321641
2.404425
2.486841
2.248445
2.355198
0.724775
0.357871
0.372805
0.293708
0.268818
0.242452
0.216271
0.212399
0.201152
0.074118
0.052547
0.128140
0.216087
0.460198
0.654713
0.714450
0.856787
0.776031
0.590367
0.578013
0.581332
0.513114
0.547592
0.586863
0.617654
0.652132
0.745057
0.882415
1.008159
0.956534
0.970731
1.362157
1.575663
1.672275
2.045817
1.968749
1.775893
1.382992
1.335423
1.393501
1.421895
1.470938
1.363632
1.505232
1.361973
1.313483
0.950265
0.887578
0.847200
0.781378
0.750035
0.712238
0.667988
0.532473
0.596451
0.665776
0.775110
0.689929
0.504633
0.485458
0.476608
0.592579
0.500945
0.549620
0.654713
0.569164
0.554229
0.609726
0.780456
0.847937
0.916525
0.756119
0.692326
0.560682
0.426642
0.469601
0.569164
0.572482
0.692141
0.830606
0.843697
0.912837
0.909519
0.937543
1.247292
1.262042
1.159899
1.306661
1.272367
1.446970
1.454345
1.548929
1.401798
1.303158
1.516479
1.842268
1.755428
1.720765
1.816271
1.104955
0.768288
0.546485
0.440655
0.320258
0.381655
0.443420
0.544826
0.867481
1.109565
1.252086
1.457663
1.458585
1.241761
1.288776
1.019406
0.870431
0.781931
0.894953
1.008712
0.997096
1.177414
1.250058
1.205255
1.151602
1.114543
1.138880
1.231989
1.068634
1.126711
1.043927
0.900853
0.838719
0.681447
0.633510
0.569348
0.644941
0.714450
0.752247
0.617470
0.771975
0.756857
0.719613
0.727910
0.720904
0.734363
0.902697
1.026965
1.125236
1.218161
1.298733
1.472782
1.802628
1.861627
1.559254
1.544135
1.569025
1.655313
1.881909
1.901821
1.912146
1.248583
1.053515
0.942706
0.906569
0.830238
0.728279
0.840931
0.967596
1.023462
1.155105
1.063287
1.095552
1.069555
0.942890
1.015349
1.177230
1.140171
1.250058
1.370086
1.386679
1.157502
1.382439
1.301867
1.198802
0.889422
0.917631
0.875594
0.953031
0.904725
0.782485
0.711316
0.783406
0.758332
0.801106
0.794285
0.784697
0.840931
0.862872
0.851625
0.650473
0.579304
0.693432
0.738972
0.770132
0.976815
0.887394
0.800000
0.794653
0.910256
0.940862
0.973496
1.111962
1.179627
1.257986
1.330076
1.344273
1.401614
1.212630
1.257064
1.200830
1.092418
1.002812
0.855312
0.847937
0.820097
0.976815
0.958931
0.778060
0.703388
0.362111
0.434202
0.539479
0.620788
0.726804
0.831528
0.892003
0.935700
1.037659
1.028624
0.858447
0.732519
0.683660
0.637013
0.531551
0.503342
0.370961
0.375939
0.387555
0.398986
0.589998
0.732519
0.940678
0.785619
0.925928
1.072690
1.014796
0.971468
0.799631
0.695829
0.799263
1.153814
1.043374
0.923162
0.956534
0.927956
0.785066
0.769763
0.588523
0.648444
0.508504
0.530076
0.500392
0.524176
0.528786
0.635170
0.608251
0.951556
1.096843
1.248583
1.213183
1.390735
1.159899
0.800369
0.434017
0.334455
0.353261
0.290943
0.311224
0.384974
0.391980
0.393455
0.351971
0.326711
0.376492
0.407467
0.438995
0.392902
0.398433
0.449505
0.446001
0.381102
0.323208
0.278958
0.225490
0.221065
0.135146
0.109334
0.068403
0.060844
0.056050
0.087393
0.111362
0.122609
0.082600
0.132750
0.170177
0.173312
0.180687
0.192487
0.125190
0.133671
0.137359
0.145287
0.092187
0.095137
0.032819
0.029131
0.091265
0.092187
0.134962
0.180318
0.191749
0.236552
0.218484
0.157087
0.121503
0.044065
0.039456
0.061028
0.062687
0.105646
0.154690
0.148053
0.118921
0.076884
0.085918
0.084259
0.109703
0.138649
0.145287
0.129062
0.111915
0.065822
0.062872
0.065269
0.072643
0.085918
0.119475
0.104540
0.079281
0.068218
0.090712
0.105462
0.090343
0.117262
0.108965
0.122978
0.148974
0.132565
0.179765
0.144918
0.132196
0.189352
0.205577
0.214796
0.184743
0.188984
0.175340
0.132012
0.153399
0.123715
0.124821
0.140493
0.170362
0.138834
0.180134
0.227149
0.254068
0.237290
0.305324
0.249090
0.210371
0.144734
0.120950
0.100115
0.128878
0.127956
0.136621
0.125006
0.140678
0.146393
0.168334
0.159668
0.145840
0.166490
0.175893
0.162065
0.108412
0.120396
0.125928
0.107490
0.106384
0.103065
0.075593
0.051256
0.057709
0.090159
0.101037
0.082047
0.066375
0.064162
0.049228
0.071353
0.105093
0.115234
0.121503
0.103618
0.118921
0.123346
0.063056
0.064162
0.077806
0.083522
0.075040
0.063609
0.068218
0.085734
0.104356
0.089790
0.082415
0.065269
0.064531
0.094400
0.078728
0.083522
0.085918
0.108965
0.144549
0.176631
0.218484
0.216087
0.289836
0.278221
0.253699
0.211293
0.227149
0.196359
0.214612
0.245955
0.228071
0.218299
0.206868
0.224384
0.241715
0.279696
0.273980
0.327818
0.403780
0.381470
0.397695
0.350680
0.232127
0.183637
0.146024
0.115787
0.142706
0.125006
0.082047
0.083706
0.078359
0.110440
0.104356
0.079650
0.068218
0.051625
0.038534
0.070247
0.087762
0.086656
0.077622
0.080203
0.113206
0.195437
0.261812
0.328371
0.342014
0.412261
0.341277
0.383499
0.322655
0.294999
0.273980
0.285596
0.258308
0.266237
0.341092
0.456695
0.581517
0.609541
0.617838
0.379995
0.282646
0.241715
0.216455
0.201337
0.186956
0.164831
0.155981
0.139018
0.102881
0.148237
0.159484
0.191196
0.216087
0.203918
0.210555
0.216455
0.241162
0.222540
0.213690
0.232865
0.183637
0.178474
0.188246
0.189352
0.153768
0.098825
0.121503
0.141415
0.136621
0.159115
0.165753
0.166490
0.186034
0.180134
0.216271
0.236368
0.191565
0.192671
0.212030
0.260890
0.216271
0.248721
0.343305
0.344042
0.401014
0.461858
0.472367
0.357502
0.215718
0.135515
0.102512
0.072643
0.097718
0.106753
0.108412
0.099193
0.104540
0.191381
0.134593
0.127403
0.159853
0.186034
0.238396
0.241162
0.247983
0.187693
0.201521
0.285043
0.261074
0.209080
0.208343
0.209080
0.189352
0.195252
0.171837
0.138281
0.089422
0.083337
0.092925
0.083522
0.089422
0.100484
0.094031
0.112837
0.103250
0.096612
0.107121
0.103618
0.140124
0.137359
0.117078
0.115234
0.125006
0.090159
0.082968
0.162434
0.314727
0.385527
0.587601
0.693801
0.667435
0.650657
0.376492
0.370961
0.431252
0.443605
0.462964
0.358055
0.380180
0.247430
0.191934
0.201706
0.234524
0.291680
0.339802
0.455220
0.481954
0.505001
0.364692
0.266052
0.225674
0.197096
0.185296
0.257018
0.289468
0.224937
0.236921
0.250933
0.207237
0.252408
0.243927
0.311593
0.372067
0.340539
0.278774
0.225121
0.251487
0.238580
0.232680
0.255912
0.253330
0.262918
0.214612
0.173865
0.172206
0.207052
0.217193
0.210371
0.241162
0.293893
0.268265
0.272136
0.349758
0.375386
0.363771
0.339617
0.361374
0.447476
0.607698
0.261074
0.251671
0.179212
0.209265
0.220143
0.355289
0.399170
0.526389
0.656557
0.625398
0.722379
0.779719
0.649551
0.774925
0.645126
0.613966
0.625029
0.548882
0.524176
0.429777
0.560314
0.566582
0.535054
0.349942
0.355474
0.373911
0.452455
0.392533
0.459092
0.431252
0.370408
0.443420
0.471814
0.462042
0.382761
0.407467
0.363217
0.270661
0.182162
0.211109
0.204102
0.263471
0.344780
0.349021
0.404333
0.475686
0.391980
0.429961
0.426642
0.329661
0.332980
0.389583
0.521226
0.792072
0.778613
0.948790
1.060705
0.468126
0.254252
0.295368
0.235999
0.178290
0.155612
0.217377
0.254805
0.254990
0.296474
0.300161
0.300346
0.229915
0.259599
0.348652
0.402489
0.431805
0.546670
0.537636
0.604563
0.561051
0.547960
0.536714
0.533764
0.483983
0.399908
0.369486
0.389030
0.368011
0.346071
0.237843
0.240608
0.202996
0.151003
0.153399
0.178659
0.245587
0.337774
0.449505
0.539664
0.716294
0.831528
0.912837
0.931828
0.952293
0.599032
0.652685
0.618207
0.567320
0.365614
0.418345
0.313989
0.357133
0.295921
0.283568
0.261258
0.254437
0.207790
0.218668
0.159299
0.123900
0.062503
0.020466
0.011062
0.009219
0.022494
0.035400
0.025628
0.003503
0.009219
0.003687
0.004425
0.026734
0.071537
0.077622
0.113575
0.103987
0.111362
0.144181
0.196174
0.221802
0.185112
0.159668
0.149528
0.193224
0.285780
0.377783
0.445264
0.510348
0.484167
0.451164
0.448583
0.436045
0.303296
0.269187
0.281355
0.302374
0.294630
0.322471
0.329108
0.258308
0.227518
0.178290
0.163909
0.139940
0.068034
0.089975
0.110625
0.129246
0.233049
0.317493
0.364692
0.455036
0.504448
0.455405
0.541692
0.591104
0.538004
0.586126
0.598848
0.498733
0.493754
0.441023
0.671491
0.776769
0.930353
1.024568
0.885550
0.954137
1.046693
1.013506
0.837981
0.695276
0.807375
0.687901
0.921687
1.245449
1.048352
0.901959
0.924453
1.090021
0.971100
0.827841
0.783038
1.039687
1.049090
1.009634
1.193639
1.151971
1.342798
1.500991
1.582485
1.387785
1.631713
1.295045
1.252086
1.168933
1.218161
1.222955
1.185342
1.437935
1.198433
1.397557
1.535469
1.691266
1.151971
0.952662
0.958931
0.994699
0.871906
0.816225
0.668910
0.601798
0.637566
0.786725
1.014612
0.920581
1.028256
1.047062
1.056465
0.991934
0.953953
0.849966
0.954321
0.637198
0.558839
0.470523
0.429039
0.333533
0.415395
0.681632
0.665776
0.778797
0.878728
0.681816
0.623185
0.776585
0.877253
1.006131
0.889237
0.809219
0.894031
0.983268
1.218345
1.251533
1.287670
1.322148
1.267205
1.021434
1.040424
1.162849
0.925190
0.714635
0.792625
0.832819
0.784697
0.769947
0.595529
0.414473
0.515511
0.548329
0.527864
0.685135
0.846462
0.815119
0.830422
0.729385
0.513114
0.467942
0.432358
0.557732
0.765707
0.881862
0.844066
0.962065
0.751141
0.705232
0.569348
0.388661
0.438811
0.424430
0.368564
0.507582
0.625766
0.679051
0.719244
0.573404
0.566951
0.505554
0.485826
0.453930
0.526757
0.424061
0.367827
0.338327
0.371145
0.335561
0.304771
0.330030
0.303296
0.392902
0.466651
0.584282
0.691404
0.839641
0.687163
0.784513
0.711132
0.624291
0.685872
0.597373
0.563632
0.575248
0.723300
0.702282
0.684213
0.652869
0.646232
0.669279
0.613045
0.487854
0.440101
0.402305
0.302190
0.291680
0.263102
0.348099
0.365799
0.543720
0.765153
0.886103
1.095921
1.006868
1.034709
0.855128
0.770132
0.516064
0.547776
0.466836
0.425720
0.372805
0.348652
0.336668
0.299240
0.299977
0.457248
0.579673
0.687347
0.806085
0.981056
1.054805
0.929431
0.823969
0.613782
0.681079
0.597004
0.552017
0.569164
0.676654
0.642729
0.661904
0.616179
0.530261
0.503526
0.522332
0.513114
0.731044
0.825259
0.851994
0.891634
0.867666
0.742475
0.824338
0.767366
0.637566
0.654529
0.626504
0.642544
0.509795
0.392717
0.564554
0.539479
0.718138
0.848122
0.966859
1.049090
1.024752
0.883337
0.908965
0.825075
0.817700
0.711500
0.736760
0.782300
0.890897
0.858078
0.777691
0.606776
0.514220
0.428302
0.279696
0.218115
0.224199
0.211293
0.212952
0.269371
0.389030
0.390136
0.480664
0.538557
0.568426
0.728647
0.789675
0.813459
0.872275
0.885181
0.929800
1.148652
1.177599
1.314036
1.348514
1.357179
1.291911
1.528094
0.889606
0.613782
0.568242
0.484351
0.379811
0.428117
0.426089
0.358055
0.338880
0.350680
0.378520
0.480479
0.545195
0.634616
0.563448
0.587417
0.679051
0.669832
0.778244
0.709472
0.537451
0.573220
0.582623
0.532842
