0.070418
0.107354
0.170377
0.217414
0.210573
0.249789
0.330480
0.373341
0.383742
0.303242
0.212534
0.154584
0.031181
0.034101
0.076130
0.136126
0.142734
0.089877
0.032524
0.003453
0.001066
0.001705
0.008525
0.019075
0.027494
0.072038
0.100598
0.102303
0.072166
0.046974
0.063939
0.063939
0.026236
0.060167
0.130926
0.137682
0.154882
0.168203
0.204499
0.162981
0.118160
0.080116
0.097145
0.081032
0.109720
0.063087
0.089685
0.133825
0.167393
0.185679
0.137235
0.113577
0.093117
0.089259
0.074148
0.070653
0.069267
0.060998
0.063982
0.085487
0.114366
0.135807
0.140304
0.109187
0.084442
0.103304
0.098893
0.108824
0.162235
0.145675
0.141412
0.068521
0.070013
0.172870
0.172636
0.158782
0.038257
0.021143
0.057140
0.075811
0.070333
0.050704
0.026599
0.055414
0.074468
0.109506
0.157802
0.238855
0.178412
0.134251
0.077004
0.129434
0.216285
0.198744
0.162491
0.069459
0.042264
0.130947
0.198872
0.163812
0.116902
0.090900
0.089792
0.088748
0.087298
0.120824
0.102494
0.049084
0.016155
0.047187
0.058611
0.072763
0.082972
0.106565
0.162917
0.170760
0.129583
0.090218
0.053794
0.058483
0.171613
0.194226
0.197252
0.150726
0.131139
0.160104
0.101621
0.074851
0.079668
0.080990
0.077409
0.089067
0.055819
0.079817
0.093692
0.130010
0.163130
0.179562
0.181459
0.186233
0.165538
0.117669
0.109720
0.213727
0.199384
0.266648
0.252688
0.220611
0.202197
0.178113
0.272978
0.298617
0.311107
0.265198
0.146144
0.131288
0.165837
0.212811
0.151195
0.086083
0.077068
0.119758
0.099724
0.066433
0.044310
0.098083
0.108697
0.159933
0.123360
0.143309
0.113641
0.075917
0.074489
0.130415
0.209358
0.269248
0.255671
0.242926
0.260424
0.241754
0.221698
0.201685
0.202708
0.187342
0.155457
0.161361
0.156267
0.127814
0.064408
0.038065
0.049873
0.060742
0.137917
0.150577
0.147444
0.065133
0.057801
0.059591
0.047059
0.029817
0.035124
0.050533
0.083846
0.095546
0.112831
0.087682
0.052601
0.030456
0.047954
0.062106
0.042413
0.043244
0.062916
0.079817
0.096079
0.055648
0.046335
0.078837
0.129242
0.153177
0.104754
0.088769
0.097422
0.114238
0.172487
0.161276
0.133015
0.073999
0.058504
0.063215
0.079306
0.168821
0.133292
0.090858
0.070909
0.047826
0.068777
0.115154
0.154243
0.188407
0.179520
0.155095
0.132930
0.129754
0.121847
0.118991
0.087511
0.138428
0.139345
0.149063
0.107183
0.106523
0.115368
0.133974
0.167819
0.223872
0.172828
0.160615
0.122166
0.113407
0.096101
0.051663
0.129413
0.218587
0.196634
0.161361
0.125299
0.086552
0.072422
0.040005
0.036275
0.078006
0.077153
0.069438
0.047358
0.057972
0.088811
0.159102
0.198020
0.195313
0.115346
0.067562
0.079242
0.110636
0.103283
0.075129
0.075001
0.139473
0.156395
0.234422
0.217500
0.202240
0.113599
0.051514
0.054817
0.066582
0.093628
0.115581
0.123530
0.073892
0.094950
0.112533
0.124212
0.210019
0.145376
0.124404
0.162363
0.120291
0.187043
0.270932
0.209294
0.142691
0.071846
0.105755
0.097486
0.080563
0.031671
0.052174
0.045482
0.046036
0.057076
0.055414
0.094076
0.096420
0.121101
0.122827
0.138109
0.107993
0.098381
0.079114
0.111212
0.098211
0.071292
0.026300
0.030840
0.070163
0.098445
0.116348
0.117392
0.116263
0.096847
0.071441
0.030669
0.042690
0.049020
0.048167
0.053496
0.067797
0.068308
0.069843
0.120888
0.143075
0.125257
0.090112
0.073914
0.053538
0.054284
0.048786
0.126983
0.174767
0.207461
0.175215
0.161425
0.141988
0.115900
0.086275
0.102644
0.138471
0.144268
0.145014
0.064152
0.075619
0.121250
0.140240
0.106203
0.078752
0.099788
0.159358
0.161084
0.124809
0.108377
0.138130
0.205884
0.187065
0.130137
0.063065
0.057908
0.099553
0.131288
0.146932
0.106928
0.100321
0.083547
0.070994
0.051727
0.052899
0.096697
0.128390
0.144247
0.167286
0.170909
0.213557
0.242202
0.220931
0.192627
0.217862
0.197977
0.197359
0.255799
0.299193
0.278306
0.206864
0.131565
0.138727
0.107865
0.112448
0.172955
0.165837
0.179264
0.267372
0.368460
0.394121
0.264516
0.146527
0.049745
0.037745
0.052963
0.074702
0.155798
0.153752
0.121591
0.164729
0.198382
0.238088
0.233591
0.228199
0.199725
0.199554
0.156757
0.074340
0.024446
0.023636
0.046015
0.052750
0.064557
0.077622
0.112043
0.172316
0.192499
0.167329
0.153262
0.254989
0.322125
0.320570
0.266008
0.212022
0.220739
0.209443
0.166966
0.186468
0.219119
0.240326
0.201899
0.126067
0.089877
0.147337
0.166242
0.226025
0.176941
0.129434
0.131352
0.204072
0.342415
0.403499
0.335595
0.234934
0.144566
0.169460
0.139963
0.071079
0.047592
0.096292
0.123253
0.094396
0.062128
0.119396
0.216860
0.251835
0.263387
0.176898
0.169972
0.141689
0.106565
0.084250
0.094054
0.071505
0.083760
0.097060
0.129626
0.176600
0.169268
0.137853
0.115772
0.168544
0.177346
0.159422
0.075107
0.090879
0.099852
0.085060
0.096250
0.193672
0.242820
0.243629
0.161340
0.128923
0.136702
0.141710
0.175577
0.142499
0.130990
0.185978
0.191093
0.196293
0.153731
0.090858
0.060891
0.020993
0.023274
0.054583
0.110103
0.128475
0.133910
0.117307
0.165837
0.180585
0.195228
0.137490
0.083483
0.071036
0.077963
0.127921
0.131523
0.212534
0.366883
0.366563
0.355118
0.327709
0.285041
0.250727
0.180863
0.184209
0.268140
0.251409
0.187534
0.143970
0.192436
0.181822
0.166306
0.179840
0.124809
0.130862
0.220803
0.388260
0.420102
0.400302
0.159592
0.184038
0.202133
0.176323
0.129051
0.130479
0.144289
0.160935
0.192009
0.230160
0.192563
0.180607
0.113812
0.135977
0.113194
0.101834
0.070461
0.098019
0.072123
0.136745
0.178007
0.237129
0.240305
0.185807
0.103070
0.076599
0.082716
0.100278
0.091369
0.081331
0.090921
0.095823
0.082567
0.051109
0.079199
0.151024
0.192031
0.201323
0.185360
0.211489
0.135956
0.140112
0.086275
0.092158
0.144353
0.175897
0.164089
0.150747
0.078624
0.075107
0.079988
0.095845
0.154008
0.161233
0.151600
0.153561
0.122273
0.110146
0.133271
0.192393
0.208420
0.242947
0.207269
0.159528
0.229222
0.215390
0.175044
0.135082
0.122593
0.137554
0.118628
0.140879
0.195206
0.229584
0.266477
0.264964
0.252283
0.262534
0.309210
0.312556
0.243629
0.182418
0.186788
0.117946
0.122699
0.239196
0.311426
0.357804
0.232035
0.205117
0.186596
0.175300
0.192862
0.271081
0.243161
0.183889
0.179861
0.189835
0.121676
0.090836
0.070120
0.142243
0.189516
0.253753
0.439134
0.515009
0.587388
0.650325
0.678501
0.706165
0.464582
0.389432
0.477242
0.455652
0.375706
0.331375
0.202154
0.322722
0.441201
0.468951
0.377113
0.258783
0.209976
0.235467
0.234571
0.331588
0.314602
0.297424
0.314772
0.280949
0.249789
0.159763
0.181907
0.202751
0.154541
0.131672
0.135892
0.209550
0.456611
0.555546
0.576369
0.327646
0.297147
0.247231
0.285616
0.347062
0.445528
0.552967
0.636067
0.629481
0.632998
0.763625
0.889266
0.851520
0.779099
0.664072
0.488751
0.272743
0.196719
0.237150
0.382953
0.389368
0.390391
0.376325
0.424449
0.311021
0.389880
0.293566
0.404436
0.643825
0.822172
0.831230
0.872109
0.840864
0.841290
0.685854
0.572575
0.685492
0.624707
0.795659
0.934322
1.391060
1.295684
1.125500
0.586322
0.445528
0.462003
0.509552
0.533594
0.556505
0.419505
0.389858
0.830165
1.434454
1.699695
1.549843
0.771724
0.356056
0.320761
0.528542
0.916504
0.923985
1.122068
0.775007
0.757636
0.437706
0.478904
0.498150
0.478286
0.437301
0.476006
0.392501
0.409829
0.501560
0.632827
0.643846
0.509744
0.413772
0.646169
0.793506
0.871107
0.885962
0.854717
0.968657
0.874389
1.272133
1.431449
1.251097
0.879568
0.222146
0.194141
0.250237
0.380843
0.475217
0.544570
0.544485
0.446700
0.417139
0.416969
0.515136
0.566714
0.689307
1.007319
1.127908
1.081957
0.816652
0.708020
0.813327
0.902821
0.913691
1.064694
1.088500
1.034450
0.878034
0.692738
0.645849
0.490584
0.460298
0.415157
0.339133
0.253775
0.417160
0.561194
0.720189
0.665692
0.570060
0.359892
0.194609
0.192990
0.248084
0.307739
0.577690
0.876776
1.073602
1.087541
0.944424
0.809278
0.550367
0.498001
0.416564
0.390455
0.262534
0.211084
0.172891
0.230948
0.250023
0.236490
0.281290
0.379522
0.421402
0.298425
0.154349
0.267266
0.357761
0.482954
0.720317
0.757189
0.948367
1.175415
1.460349
1.542319
1.193275
1.104016
1.038265
0.993977
1.329444
1.911589
1.825953
1.606514
1.019382
1.096471
0.839308
0.876180
0.905762
0.927928
0.962540
1.062392
1.154017
1.149029
0.947706
0.955528
0.844274
1.224456
1.658560
1.648288
0.963606
0.568995
1.090013
1.336328
1.326162
1.430212
1.348328
1.167529
0.696084
0.750475
0.917548
1.081893
1.630065
1.825974
1.720944
1.387053
1.498308
1.495857
1.444854
1.444087
1.576867
1.541765
1.652444
1.753681
2.266856
2.836980
2.963345
2.498465
0.512451
0.357058
0.490541
0.579779
0.585619
0.786963
0.967229
1.051714
0.970554
0.844508
0.716289
0.705824
0.827842
1.187990
1.168041
0.997472
0.575772
0.662580
0.544826
0.312236
0.154392
0.236213
0.311746
0.340519
1.303357
3.133999
3.328992
3.203927
0.917911
1.187904
1.296388
1.560478
1.533794
1.537460
1.707133
1.394598
1.090397
1.019787
0.960984
1.370429
1.404360
1.068615
1.016419
1.535264
1.761630
2.031454
2.175935
2.574190
2.498444
1.668514
1.053035
0.990332
1.099839
1.815808
1.868686
1.989360
1.183045
1.188117
1.181958
1.235411
1.757346
2.365664
2.618863
2.496568
2.330497
1.961035
1.914488
1.739422
2.005281
2.235228
2.610380
2.328835
2.063381
1.809180
1.966598
1.808626
1.440038
1.259793
1.471815
1.990916
2.069668
1.846009
1.232108
0.588539
0.617674
0.796128
0.839862
0.676029
0.335489
0.305906
0.275855
0.237683
0.178348
0.145994
0.314154
0.478840
0.707146
0.871725
1.169042
1.395557
1.431832
1.453230
1.440421
1.671114
1.720027
1.478550
1.308728
0.922024
0.735535
0.599557
0.715863
0.822812
0.841610
1.077886
1.111945
1.021343
1.033683
0.825092
0.874645
0.862283
0.833298
1.306447
1.289994
1.441594
1.175862
0.890502
0.675432
0.513922
0.752159
0.920298
1.067699
1.504574
1.790765
1.726698
1.165419
0.728224
0.433678
0.341776
0.303242
0.369696
0.534830
0.546062
0.533764
0.347296
0.258506
0.176238
0.193842
0.305587
0.427540
0.476475
0.436619
0.403733
0.353370
0.355971
0.473640
0.470720
0.894892
1.262372
1.437928
1.982455
2.380561
2.623147
2.371290
1.587183
1.441785
2.819845
9.030361
9.076888
6.892151
1.437565
1.278144
1.074093
0.561151
0.290987
0.332867
0.623322
0.943508
1.098688
1.101373
0.793080
0.785663
0.623684
0.544122
0.634021
0.652883
0.652584
0.493141
0.453925
0.630824
0.643633
0.805889
1.030422
1.238800
1.219298
1.190270
0.917570
0.935643
0.999966
1.015183
0.925775
0.704993
0.732977
0.623236
0.601497
0.317117
0.228945
0.247167
0.383933
0.554949
0.797684
0.866674
0.798579
0.839862
0.712879
0.804610
1.098155
1.093658
0.800753
0.346508
0.335531
0.439965
0.419420
0.431909
0.333059
0.436470
0.524472
0.898175
0.923409
0.829568
0.664477
0.595529
0.735215
1.110154
1.069553
0.906679
0.560000
0.623705
0.765011
0.709575
0.685385
0.701817
0.705398
1.156169
1.419257
1.378272
1.329530
1.238949
1.429381
1.636864
1.832219
1.878639
1.329998
1.371090
1.291571
1.317466
1.066867
1.174562
1.122068
1.679191
1.777935
1.546837
1.228804
1.118104
1.168723
1.122047
0.914266
0.769998
0.489412
0.514263
0.653202
0.918784
1.110154
1.221643
1.387522
1.224328
1.368873
1.080593
1.323839
1.546390
1.636416
1.360220
1.048879
1.453316
1.623991
1.616020
1.628381
1.907518
2.483333
2.157925
1.945967
1.591701
1.648991
1.382599
0.957531
0.412088
0.584169
0.786558
0.946918
0.986560
1.046087
0.925882
0.823387
0.867015
1.298050
1.512928
1.726528
2.070819
2.311635
2.093432
1.517511
1.036496
0.859491
0.990460
1.310497
1.659690
1.804192
1.522604
1.181361
1.120342
1.230914
1.148539
1.157086
1.593342
1.939211
1.805024
1.148326
0.660641
0.498939
0.519889
0.830655
0.863903
0.872386
0.656399
0.543930
0.377859
0.289453
0.179562
0.205159
0.276835
0.351452
0.296614
0.325258
0.275834
0.358230
0.318715
0.301132
0.217713
0.228135
0.253263
0.435703
0.569336
0.672938
0.709959
0.759938
0.791865
0.721319
0.506014
0.473150
0.541288
0.509851
0.472382
0.346998
0.336746
0.356972
0.352475
0.301452
0.324832
0.346806
0.414283
0.431334
0.352774
0.175513
0.083760
0.203071
0.317437
0.393695
0.434957
0.457485
0.513922
0.528031
0.507272
0.528223
0.425195
0.367480
0.257845
0.260978
0.284295
0.329074
0.436150
0.733936
0.890800
0.878140
0.745360
0.767845
0.920021
1.063457
0.912220
0.906977
0.602008
0.476304
0.455268
0.442587
0.683318
0.756485
0.779610
0.387557
0.335830
0.321784
0.471296
0.691758
0.855357
0.771895
0.493376
0.672640
0.691395
0.666480
0.409829
0.212257
0.247700
0.316222
0.347126
0.342693
0.272956
0.341456
0.429565
0.595977
0.634831
0.510703
0.320697
0.146868
0.135956
0.352433
0.368417
0.513431
1.004548
1.211029
1.128142
0.775092
0.318246
0.283378
0.275940
0.318630
0.436299
0.556143
0.529501
0.414922
0.409999
0.661515
1.024412
1.009685
1.127354
0.703991
0.646659
0.463772
0.463218
0.441884
0.338878
0.285957
0.293225
0.279414
0.190581
0.125129
0.100789
0.330523
0.851947
1.032767
0.970937
0.638113
0.771703
0.806060
0.705569
0.302922
0.272338
0.210381
0.377348
0.443567
0.578351
0.482293
0.467651
0.506398
0.690649
0.770531
0.809086
0.521999
0.750518
0.908362
1.249051
0.911751
0.817633
0.342735
0.289943
0.219311
0.357995
0.530098
0.729588
0.600303
0.473320
0.487707
0.499962
0.489838
0.382015
0.344525
0.400238
0.443759
0.425089
0.512664
0.481163
0.470102
0.364240
0.496232
0.647235
0.701668
0.731997
0.611855
0.646254
0.715351
0.827906
0.815757
0.656271
0.766950
0.940843
1.115014
0.805697
0.554395
0.335872
0.248723
0.199448
0.221890
0.383358
0.521147
0.554267
0.465157
0.451517
0.250023
0.206651
0.212406
0.394483
0.596446
0.576134
0.277496
0.147231
0.130415
0.149127
0.151600
0.087938
0.053069
0.038129
0.073551
0.126877
0.113982
0.072869
0.022166
0.018052
0.051791
0.098530
0.111254
0.097443
0.092072
0.091241
0.064706
0.078901
0.103688
0.099468
0.071676
0.034953
0.036296
0.032119
0.047251
0.040367
0.074319
0.054860
0.070845
0.146080
0.157226
0.159507
0.102963
0.098893
0.148829
0.074489
0.056906
0.025789
0.032268
0.024723
0.014919
0.035550
0.104796
0.163322
0.159976
0.100448
0.056096
0.024979
0.000639
0.015324
0.081458
0.114025
0.107482
0.082673
0.067136
0.098040
0.109400
0.179413
0.147380
0.118032
0.078666
0.064642
0.051642
0.064728
0.072102
0.113108
0.068500
0.049787
0.029092
0.035891
0.029305
0.020247
0.015281
0.045077
0.064920
0.119886
0.138556
0.173531
0.147209
0.132652
0.120419
0.095355
0.082652
0.047677
0.033248
0.049127
0.055094
0.060742
0.027963
0.043180
0.143202
0.170249
0.157717
0.080073
0.009165
0.056948
0.059677
0.039493
0.006714
0.024510
0.036254
0.041454
0.037298
0.031224
0.003346
0.059186
0.147039
0.157610
0.116455
0.057609
0.042626
0.047400
0.047358
0.060636
0.097081
0.120312
0.132205
0.081778
0.043543
0.016177
0.048636
0.054625
0.076834
0.101535
0.116241
0.113449
0.103667
0.100342
0.074489
0.077707
0.096719
0.158569
0.181992
0.215368
0.217905
0.115900
0.050469
0.015985
0.015004
0.014152
0.039280
0.085764
0.091646
0.061467
0.004987
0.065111
0.121825
0.194737
0.167158
0.126003
0.041688
0.008333
0.023828
0.057055
0.107546
0.124852
0.093117
0.066028
0.051620
0.030478
0.015175
0.027387
0.047912
0.062874
0.041710
0.035103
0.047358
0.047784
0.028964
0.054796
0.067349
0.093202
0.083227
0.070610
0.081224
0.083291
0.107503
0.125427
0.092946
0.079988
0.105926
0.079647
0.077686
0.055116
0.045312
0.065261
0.041326
0.039003
0.040260
0.069523
0.065367
0.058291
0.114792
0.152005
0.155308
0.073743
0.034378
0.045312
0.039429
0.050427
0.041049
0.018478
0.014919
0.014983
0.033675
0.055414
0.055286
0.040921
0.059804
0.092307
0.114281
0.076834
0.043159
0.037234
0.073978
0.096463
0.096804
0.101706
0.114430
0.116263
0.105564
0.103368
0.138982
0.141455
0.103454
0.077793
0.048061
0.054156
0.046889
0.057268
0.047656
0.131033
0.170185
0.168181
0.093841
0.040260
0.043479
0.058355
0.052217
0.048892
0.076450
0.112618
0.125747
0.080776
0.085210
0.080414
0.114174
0.078006
0.067136
0.059037
0.038257
0.030265
0.026876
0.088343
0.109720
0.125534
0.074894
0.062767
0.089174
0.097848
0.108441
0.091987
0.094033
0.091241
0.080265
0.059357
0.057886
0.086659
0.085018
0.099980
0.114707
0.147913
0.154349
0.121399
0.071868
0.071356
0.092861
0.123317
0.148445
0.147444
0.161489
0.160850
0.147017
0.203497
0.174788
0.132205
0.112938
0.068095
0.073530
0.055286
0.058462
0.057076
0.062959
0.099127
0.108526
0.098296
0.043713
0.001066
0.033398
0.081373
0.100704
0.088279
0.081203
0.076365
0.049702
0.037724
0.049233
0.038939
0.087725
0.076088
0.086638
0.197039
0.306290
0.317138
0.133441
0.063854
0.093628
0.100939
0.110039
0.062085
0.031501
0.035614
0.077366
0.117755
0.152601
0.142776
0.075214
0.044459
0.181268
0.215880
0.260637
0.246059
0.163599
0.155607
0.097507
0.070418
0.055925
0.049446
0.064024
0.168949
0.212662
0.177623
0.103560
0.134294
0.131267
0.124255
0.106032
0.123722
0.108249
0.115687
0.088385
0.095014
0.062639
0.063300
0.053283
0.037319
0.110700
0.161510
0.217436
0.202751
0.179818
0.143991
0.130713
0.134080
0.131970
0.152580
0.146463
0.132354
0.077494
0.152559
0.201579
0.207525
0.125726
0.079988
0.059975
0.070546
0.111446
0.249427
0.322957
0.345655
0.196229
0.066966
0.064472
0.058462
0.132695
0.202197
0.184571
0.143522
0.153582
0.140176
0.136723
0.097656
0.053666
0.076727
0.087384
0.086744
0.091412
0.086446
0.086808
0.050150
0.067243
0.057801
0.096932
0.139473
0.159315
0.163769
0.089771
0.100022
0.092136
0.116966
0.171485
0.193054
0.250173
0.187406
0.146868
0.111339
0.115623
0.122998
0.053666
0.055030
0.032012
0.022656
0.023657
0.066070
0.066646
0.054732
0.078048
0.103326
0.134805
0.166007
0.122848
0.098786
0.067797
0.087256
0.140922
0.155713
0.158058
0.146932
0.107141
0.137000
0.158931
0.147465
0.078368
0.058376
0.068180
0.114920
0.193523
0.182717
0.156651
0.126344
0.083313
0.056458
0.093564
0.123637
0.136595
0.139302
0.111425
0.067648
0.058760
0.038065
0.064557
0.060337
0.058611
0.053730
0.040346
0.063215
0.100640
0.148701
0.151387
0.115815
0.142137
0.166775
0.162661
0.185146
0.155244
0.171101
0.235168
0.317564
0.306354
0.200982
0.118991
0.089685
0.099575
0.113599
0.121889
0.129029
0.070909
0.046164
0.090517
0.112490
0.087021
0.103752
0.113258
0.107354
0.084464
0.112959
0.146186
0.125513
0.101898
0.049851
0.045184
0.023338
0.053006
0.095227
0.126472
0.136958
0.160487
0.172700
0.121698
0.112235
0.114536
0.066262
0.079881
0.096548
0.189025
0.228369
0.229520
0.090836
0.031032
0.010401
0.045482
0.053645
0.044757
0.054050
0.124873
0.160509
0.187427
0.150321
0.158399
0.130649
0.240177
0.303860
0.322253
0.276835
0.325791
0.253071
0.303178
0.241136
0.274342
0.292031
0.208037
0.164899
0.255202
0.263259
0.208783
0.168799
0.171144
0.190880
0.223489
0.283890
0.270335
0.264410
0.219375
0.220057
0.174341
0.132034
0.082993
0.076855
0.146101
0.216647
0.311533
0.380459
0.346934
0.357399
0.351111
0.329500
0.307569
0.224384
0.167244
0.168885
0.179008
0.203327
0.183740
0.145760
0.167137
0.172295
0.211958
0.230074
0.246294
0.267351
0.229179
0.245228
0.166860
0.144268
0.169524
0.206907
0.225663
0.245633
0.205735
0.161468
0.176962
0.285169
0.399662
0.389752
0.320612
0.318630
0.234891
0.181076
0.038747
0.108057
0.289559
0.421018
0.543014
0.442779
0.493504
0.377028
0.490136
0.663006
0.572490
0.511876
0.098957
0.119161
0.193864
0.232398
0.251153
0.132375
0.069395
0.074745
0.083931
0.111361
0.159699
0.306354
0.524898
0.549387
0.615798
0.469953
0.421871
0.300407
0.202005
0.204648
0.226963
0.261682
0.187938
0.183953
0.168394
0.146186
0.143714
0.088748
0.198957
0.297509
0.334189
0.346188
0.446381
0.634895
0.682423
0.444015
0.306780
0.253497
0.192499
0.123701
0.128923
0.154925
0.168693
0.192372
0.194759
0.196208
0.190432
0.257675
0.233037
0.198488
0.225023
0.218672
0.205245
0.270292
0.319824
0.419441
0.854994
0.967463
0.951457
0.377071
0.271038
0.197167
0.075789
0.041646
0.082716
0.243821
0.390924
0.452860
0.415605
0.293587
0.272722
0.229861
0.245761
0.287087
0.388622
0.430715
0.613645
0.617119
0.583317
0.520763
0.424641
0.245249
0.285446
0.293481
0.352283
0.350557
0.298319
0.339133
0.359168
0.460405
0.386661
0.338046
0.383294
0.397638
0.507783
0.479544
0.534936
0.496509
0.642908
0.769508
0.802053
0.677712
0.629801
0.268587
0.339687
0.305565
0.328967
0.348959
0.181374
0.210339
0.220547
0.221698
0.200257
0.193927
0.218310
0.386960
0.548705
0.570231
0.607358
0.442011
0.456803
0.467225
0.618952
0.857786
1.005976
1.017997
0.882872
0.793187
0.747406
0.755185
0.776967
1.013308
1.005976
1.051863
1.269299
1.308153
1.398669
1.625845
1.591531
1.515145
1.543235
2.240556
2.381798
1.636288
0.609127
0.519229
0.532016
0.422830
0.300940
0.275642
0.227176
0.249917
0.256630
0.464198
0.646872
0.628607
0.614327
0.480886
0.643079
0.639626
0.681357
0.641544
0.691161
0.665969
0.589455
0.647725
0.713625
0.967911
0.904824
0.854057
0.567503
0.310297
0.330246
0.317138
0.495592
0.564817
0.765586
0.890204
1.004846
0.948516
1.107874
1.016590
0.895511
0.662047
1.017549
1.130189
1.140824
0.862816
0.685193
0.915758
1.098517
1.304806
1.122495
1.047494
1.029015
1.441082
1.767491
1.853021
1.954002
2.023269
2.018346
1.409581
0.858191
0.350472
0.226195
0.235594
0.261895
0.339858
0.683147
0.684064
0.804397
0.791013
0.739158
0.851755
0.859342
0.833340
0.721937
0.770701
0.792505
0.931103
0.805164
0.635406
0.607145
0.698407
1.005742
1.196515
1.041228
0.657486
0.564561
0.677499
0.853886
1.062605
1.346836
1.503060
1.374841
1.293553
1.033875
0.806827
0.367586
0.574003
0.822790
0.872087
0.690543
0.717269
0.871725
0.909684
0.743314
0.642439
0.666118
0.637601
0.501027
0.463175
0.540691
0.595444
0.701306
1.002694
1.134451
1.050776
0.867697
0.617695
0.538773
0.524685
0.542076
0.689094
0.723237
0.717781
0.884364
0.815224
0.893848
0.598044
0.556441
0.545167
0.754333
0.862816
0.913371
0.719273
0.651263
0.641118
0.718655
0.809491
0.766268
0.764755
0.749282
0.947323
1.150010
1.133961
0.903524
0.582528
0.527370
0.544229
0.548364
0.371614
0.247402
0.326154
0.347040
0.288600
0.450643
0.581250
0.662516
0.496019
0.333038
0.534915
0.659405
0.753033
0.796959
1.062328
1.171216
1.055934
1.037370
0.879781
0.874794
0.636429
0.478478
0.416372
0.812390
1.036475
0.992677
0.735513
0.766609
0.974582
0.939586
0.727201
0.626923
0.678117
0.752628
0.804973
0.726605
0.562238
0.709597
0.857318
1.008853
1.009194
1.039587
1.117827
1.167295
1.188032
1.386073
1.305680
1.273476
1.072601
1.223689
0.951031
0.792142
0.477434
0.375365
0.399769
0.413942
0.418375
0.670232
0.864244
0.835109
0.727372
0.446402
0.427753
0.447233
0.322104
0.377667
0.420315
0.598449
0.687772
0.695935
0.584319
0.519015
0.453414
0.533679
0.602030
0.653671
0.768890
0.984642
0.928823
1.321494
1.319342
1.385199
1.327931
1.284943
1.501909
1.094788
1.012690
0.548044
0.327368
0.310233
0.364027
0.354116
0.452988
0.730590
0.804461
0.664093
0.392927
0.530610
0.532997
0.590158
0.507570
0.372275
0.622128
0.646041
0.583168
0.246699
0.066092
0.064174
0.119865
0.158228
0.249469
0.433806
0.593462
0.548300
0.463985
0.434637
0.447766
0.536513
0.592524
0.643249
0.589796
0.612047
0.629033
0.681527
0.831443
0.798131
0.539540
0.252027
0.198190
0.208804
0.250151
0.330565
0.363473
0.731421
1.463482
1.651421
1.601377
1.007681
0.968252
0.762304
0.652222
0.802074
1.018977
1.121152
1.041484
1.156595
1.026778
0.893123
0.722683
0.847109
0.961517
0.955763
0.947557
1.015226
1.257491
1.286349
1.013329
0.676263
0.383337
0.327177
0.471274
0.669251
0.872428
0.957510
0.937646
0.868464
0.716289
0.568355
0.500708
0.312876
0.229669
0.294163
0.309295
0.296187
0.257675
0.358827
0.552946
0.945063
0.959130
0.980848
0.628543
0.552946
0.508146
0.476709
0.670168
0.607230
0.652158
0.635854
0.781273
0.740714
0.641011
0.675453
0.726072
0.656463
0.596638
0.642269
0.880762
0.975434
0.865864
0.605632
0.560917
0.670828
0.704759
0.525537
0.463175
0.474173
0.702265
0.911410
1.071663
1.354231
1.184835
1.058811
0.536386
0.340135
0.429266
0.474642
0.383337
0.592204
0.797470
0.927033
0.907915
1.136327
1.313715
1.390783
0.908916
0.665671
0.485447
0.543866
0.513538
0.541586
0.531761
0.524663
0.761899
0.902203
1.055998
0.851627
0.699622
0.623066
0.622149
0.873110
1.342296
1.385711
1.287820
0.976180
0.876371
0.829291
0.605738
0.280139
0.368631
0.317479
0.456824
0.505162
0.533231
0.576262
0.617226
0.598748
0.547383
0.488133
0.562707
0.672981
0.793272
0.941184
0.846341
0.696937
0.551049
0.614626
0.823771
0.866610
0.980273
1.155189
1.147282
1.040184
0.945596
1.060005
1.018764
0.693569
0.617418
0.831017
1.462054
1.651101
1.364781
0.681442
0.206246
0.304798
0.358486
0.419697
0.445912
0.429415
0.457463
0.378925
0.399620
0.626710
0.943849
1.225330
1.088202
0.886090
0.474386
0.412216
0.418929
0.450984
0.352624
0.296528
0.221315
0.222807
0.138258
0.143352
0.153987
0.290284
0.420400
0.430097
0.440946
0.429245
0.468461
0.457570
0.362258
0.325749
0.420315
0.536450
0.505865
0.399257
0.361682
0.381141
0.291648
0.110679
0.121996
0.111510
0.135082
0.167947
0.161809
0.162619
0.248297
0.369803
0.535853
0.541224
0.519804
0.337705
0.414965
0.439049
0.555972
0.791460
0.800731
0.592759
0.409594
0.384701
0.439390
0.423959
0.331695
0.367927
0.429138
0.404948
0.688369
0.841184
0.808639
0.727159
0.375493
0.632955
0.818997
0.842697
0.666331
0.645892
0.822961
0.758041
0.532357
0.293374
0.505673
0.655717
0.647043
0.559659
0.536854
0.748301
0.642716
0.730015
0.630419
0.514113
0.402263
0.172209
0.320271
0.490712
0.656229
0.901926
1.093189
1.124903
0.951052
0.477157
0.601582
0.609404
0.756677
0.650901
0.600090
0.597426
0.556889
0.615116
0.572767
0.523214
0.486620
0.402177
0.431653
0.500153
0.660513
0.523704
0.388814
0.132247
0.255671
0.524621
0.674430
0.665671
0.638560
0.759107
0.712751
0.701199
0.742632
0.784342
0.815011
0.818997
0.813370
0.811644
0.709575
0.568334
0.482080
0.510320
0.525367
0.518973
0.594826
0.599472
0.675389
0.598385
0.556931
0.465690
0.330501
0.333997
0.294184
0.253284
0.300834
0.323916
0.455716
0.442672
0.324726
0.255096
0.333144
0.432484
0.615542
0.589498
0.675752
0.794082
0.972728
0.965439
0.775667
0.648407
0.643739
0.716950
0.643590
0.386811
0.289921
0.240539
0.344653
0.440306
0.522255
0.505503
0.481739
0.553884
0.568504
0.617034
0.760301
0.653629
0.587580
0.298063
0.315454
0.367437
0.408422
0.469484
0.519250
0.555930
0.554182
0.421934
0.612239
0.653245
0.854611
0.740138
0.553777
0.353243
0.269781
0.277048
0.369654
0.507741
0.474706
0.506121
0.576582
0.720168
0.694550
0.420613
0.305352
0.190773
0.203113
0.259508
0.309316
0.305928
0.244226
0.491607
0.710705
0.952821
0.924560
0.912390
0.763689
