0.272800
0.119042
0.130585
0.227057
0.330924
0.653250
0.910143
1.115275
1.137265
0.929166
1.014246
0.848902
0.930241
0.673584
0.681108
0.823258
0.841916
0.809909
0.694908
0.488852
0.560023
0.864250
1.061686
1.006185
1.107300
1.045651
0.995050
0.701937
0.575264
0.478706
0.344402
0.245651
0.270134
0.759051
0.925835
0.926157
1.162028
1.230426
1.291087
1.272601
0.966998
0.848257
0.632915
0.706558
0.980519
1.288830
1.217357
0.818249
0.450697
0.352591
0.485111
0.480060
0.523975
0.646392
0.805524
0.946298
1.360453
1.550624
1.682865
2.077501
2.710889
2.925414
2.439916
2.214750
2.516440
2.785070
2.824557
2.592921
2.069376
1.602321
1.173829
1.300308
1.204761
1.100034
0.924588
0.932326
1.137716
1.118714
1.326318
1.162801
1.219765
1.276405
1.024585
0.785985
0.575221
0.695467
0.637945
0.874611
0.979659
1.152011
1.201300
1.355939
1.003476
0.969277
0.777773
0.858231
1.161017
1.184103
1.030582
0.672531
0.781492
0.846129
0.954424
0.645060
0.785426
0.810317
0.598264
0.549748
0.533906
0.632162
0.614730
0.555101
0.800107
1.058505
1.382120
1.433602
1.294956
1.058999
0.764725
0.550393
0.509014
0.542827
0.766101
0.690845
0.573523
0.332450
0.249176
0.328710
0.390703
0.512690
0.635430
0.698240
0.527995
0.408587
0.464906
0.471354
0.407470
0.354676
0.390187
0.627304
0.856963
1.202009
1.448585
1.291538
0.861584
0.803030
0.842582
1.376704
1.787010
2.190783
1.781293
1.290614
1.047456
0.821388
0.744692
0.764811
0.531520
1.004229
1.069317
1.188424
1.194787
1.246956
1.246204
1.497594
1.596882
1.572485
1.474831
1.694343
1.632952
1.800488
1.764591
2.153488
2.262707
2.145922
2.014691
1.642904
2.093322
2.077265
2.034188
1.649847
1.639401
1.574398
1.380917
0.822548
1.034817
1.547679
1.571238
1.468425
1.463159
1.433344
1.273374
1.303124
1.343385
1.554493
1.817642
2.035219
2.033672
1.572227
0.966805
1.480398
2.506703
2.339510
1.302845
0.473353
0.392509
0.366950
0.445517
0.578359
0.456823
0.477287
0.779213
1.195969
1.531944
1.852249
1.517112
1.512340
1.591294
1.382400
1.022543
0.660279
0.600607
0.495365
0.328839
0.321423
0.361963
0.497106
0.906252
0.964333
0.877147
0.813219
1.091845
1.298804
1.146895
0.878781
0.761974
0.618943
0.455125
0.608023
0.750302
0.693855
0.364693
0.278862
0.348271
0.736072
0.817067
0.687492
0.881532
1.015987
1.173829
0.946750
0.734546
0.680076
0.644759
0.619566
0.558626
0.376774
0.608689
0.813886
1.208673
1.534846
1.255318
0.923491
0.502480
0.548179
0.583539
0.483628
0.385179
0.378816
0.365209
0.376580
0.506972
0.450998
0.508112
0.581755
1.092661
1.332423
1.272042
0.935658
0.594588
0.649574
0.736695
0.648800
0.456845
0.951221
2.126661
2.140182
1.776005
1.124539
1.407485
1.552086
1.776779
1.851003
2.184936
2.170598
2.044054
1.724372
1.690667
1.755347
1.926194
1.894961
1.733981
1.573345
1.386505
1.337453
1.061923
1.246763
1.748404
2.173651
2.663964
2.542385
2.015551
1.583362
1.382550
1.828518
1.920949
2.098825
1.783808
1.859429
1.890855
1.865383
2.636020
2.037992
1.814998
0.950834
0.867259
0.683494
0.563549
0.363554
0.458758
0.439025
0.396206
0.804406
1.239583
1.577859
1.095133
0.604777
0.456092
0.535755
0.602456
0.666899
0.585711
0.796023
0.787747
0.722121
0.703506
0.843593
0.834006
1.084816
1.891242
1.867081
1.695977
0.957347
0.739834
0.692715
0.721433
1.101840
1.353703
1.380960
1.026778
0.728763
0.467034
0.504006
0.703635
0.727452
0.629540
0.441132
0.269146
0.275788
0.578639
0.813391
0.881618
0.625929
0.363232
0.451105
0.873020
1.990165
2.092226
1.809968
1.428443
1.340999
1.377262
1.368664
1.366966
1.370083
1.030647
0.832501
0.775022
0.744025
0.588140
0.721562
0.999629
1.365332
1.528978
1.422339
0.884821
0.588290
0.453427
0.584743
0.582142
0.410006
0.366907
0.374775
0.349002
0.282537
0.224027
0.635516
1.356949
1.411720
1.056398
0.595899
0.767950
0.849826
0.818959
0.587602
0.582637
0.517935
0.424795
0.661138
0.748647
0.785447
0.811908
0.736287
0.651594
0.521869
0.473805
0.569137
0.428428
0.363210
0.350205
0.594330
0.837681
0.984281
0.928758
0.965558
0.775989
0.805911
0.662127
0.667071
0.638052
0.929424
1.174968
1.255619
1.046038
0.916785
0.780310
0.986452
0.959690
0.658903
0.590934
0.499191
0.440573
0.277035
0.373184
0.567009
1.130537
1.159298
1.073014
0.648069
0.615804
0.799656
0.859886
0.992858
1.063535
1.422682
1.680629
1.628287
1.366472
1.121637
0.948921
0.915001
0.744090
0.585453
0.579197
0.631195
0.612773
0.675777
0.522449
0.642308
1.058226
1.153150
1.289561
1.152849
1.043695
0.810296
0.313298
0.278862
0.278991
0.551253
0.842045
1.450992
1.415460
1.472058
1.411978
2.050524
1.788515
1.589638
0.943676
0.902576
0.781943
0.674939
0.520773
0.698433
0.691834
0.689018
0.722014
0.692930
0.633947
0.565763
0.631582
0.680527
0.816981
1.274084
1.312518
1.171163
0.941290
1.193927
1.186962
1.066179
0.719929
0.724851
0.625757
0.676400
0.663331
0.634462
0.714082
1.074476
1.307746
1.197517
0.845463
0.941075
0.981809
1.228556
1.256973
1.221764
1.191648
1.284746
1.645613
1.428594
0.941419
0.681817
0.634656
0.523438
0.381868
0.324217
0.212548
0.323787
1.048166
1.400349
1.353467
0.776075
0.470065
0.233678
0.323615
0.674724
1.779380
1.852099
1.623816
1.030023
1.188961
1.328511
1.250804
0.772313
1.837052
1.948485
1.981631
1.166563
1.017449
1.189628
1.426014
1.320299
1.259488
0.783706
0.571008
0.662858
0.580616
0.820678
0.762877
0.794303
0.761308
0.706344
0.961539
1.009151
1.123572
1.259789
1.261960
1.227030
1.333046
1.646645
1.591122
1.061450
0.640331
0.576424
0.524685
0.403299
0.273144
0.489110
0.666211
0.812532
1.084837
1.190187
1.118241
1.128043
0.916462
0.835080
0.807953
0.910874
1.194185
1.265615
1.545873
1.535857
1.437256
1.004917
0.655571
0.717822
0.739468
0.892903
1.014418
0.994405
1.060547
0.740564
0.747507
0.684418
0.592224
0.739855
0.717930
0.641577
0.420668
0.317339
0.334449
0.418733
0.960528
1.963037
2.047214
1.614122
0.910895
0.760899
1.040578
1.046811
1.152118
1.326060
1.243818
0.992944
0.557917
0.626638
0.841121
0.852986
0.930821
0.848644
0.760641
0.583196
0.533756
0.581712
0.844044
1.007668
0.958465
0.980584
0.931165
0.880844
0.799527
0.676680
0.811134
0.930155
1.176021
1.234983
1.203621
0.881145
0.926780
0.880500
0.829749
0.784415
0.799699
0.955111
0.972028
1.017943
0.784136
0.599511
0.551382
0.788371
0.934433
0.922567
0.731515
0.743402
0.804514
0.912873
0.975188
0.914420
1.085654
0.875578
0.654109
0.279700
0.275831
0.198941
0.152038
0.095655
0.258806
0.814853
1.219786
1.227804
1.357809
1.219829
1.260563
0.886842
0.654604
0.496332
0.497708
0.817755
0.850536
0.753548
0.498804
0.351990
0.284665
0.394529
0.722616
0.955090
1.106720
1.095456
1.019297
0.850020
0.724163
0.686052
0.634935
0.513013
0.672445
0.817669
0.856318
0.962484
0.773496
0.688782
0.394766
0.306591
0.277980
0.300185
0.336577
0.334729
0.215858
0.173662
0.236279
0.344144
0.496590
0.510691
0.723454
0.648134
0.602757
0.493796
0.401773
0.368520
0.246876
0.101158
0.068635
0.036994
0.105608
0.251089
0.324690
0.523352
0.605207
0.737877
0.573630
0.522256
0.532789
0.489883
0.360093
0.244813
0.321831
0.289094
0.247650
0.249606
0.308590
0.350098
0.398914
0.405513
0.361082
0.382556
0.585968
0.646457
0.627928
0.510046
0.464282
0.509681
0.687857
0.719671
0.655872
0.441067
0.448419
0.438165
0.392917
0.296338
0.231958
0.273144
0.348808
0.349088
0.382406
0.362952
0.421205
0.701464
0.635473
0.633646
0.296896
0.194642
0.195631
0.241352
0.197695
0.132692
0.178284
0.260418
0.271489
0.309471
0.251863
0.266588
0.293135
0.378451
0.428987
0.266760
0.295564
0.296381
0.369917
0.534336
0.586140
0.538205
0.404761
0.377290
0.309600
0.221490
0.245135
0.251820
0.267512
0.261085
0.327248
0.326668
0.244189
0.128995
0.023473
0.028632
0.086262
0.195803
0.405707
0.591020
0.655765
0.578424
0.596480
0.721111
0.666211
0.466776
0.505683
0.630421
0.713158
0.521052
0.540763
0.529306
0.457447
0.391434
0.591020
0.626810
0.682763
0.556541
0.554864
0.681409
0.648413
0.595362
0.441540
0.398334
0.250917
0.179230
0.276089
0.359835
0.343993
0.296123
0.289502
0.324153
0.301303
0.209711
0.366306
0.443066
0.428385
0.264223
0.214826
0.229723
0.184367
0.195480
0.206959
0.170976
0.204939
0.197931
0.278991
0.306419
0.293049
0.439756
0.518924
0.556670
0.425139
0.312954
0.323185
0.302399
0.413080
0.448956
0.499234
0.485004
0.360201
0.358696
0.390230
0.414391
0.403106
0.271575
0.200704
0.162592
0.167923
0.315426
0.353967
0.404224
0.446462
0.442765
0.374517
0.273294
0.383889
0.368498
0.437348
0.411661
0.244060
0.188236
0.165881
0.171384
0.171878
0.262117
0.296574
0.309020
0.214031
0.213128
0.212011
0.181981
0.129403
0.126738
0.120053
0.173168
0.226262
0.221662
0.145482
0.064444
0.042884
0.042067
0.062874
0.118935
0.115259
0.157949
0.165731
0.165602
0.159927
0.154703
0.214654
0.180154
0.182089
0.253003
0.242728
0.260827
0.377655
0.693855
0.843571
0.925770
1.002251
0.892559
0.840239
0.530983
0.406911
0.215471
0.078072
0.103716
0.226885
0.229680
0.197050
0.164720
0.083596
0.141914
0.223962
0.274133
0.278195
0.237698
0.276648
0.405126
0.509208
0.504952
0.420152
0.338877
0.382363
0.405062
0.462520
0.414327
0.199565
0.146342
0.189161
0.294360
0.289223
0.328989
0.340704
0.330558
0.298745
0.257603
0.227960
0.154875
0.237526
0.281871
0.365704
0.342789
0.302550
0.265663
0.254335
0.263019
0.203606
0.129704
0.101158
0.113282
0.144300
0.248961
0.255711
0.324798
0.347432
0.382234
0.397130
0.376580
0.270500
0.147395
0.160099
0.192536
0.170546
0.121514
0.101029
0.140731
0.297305
0.422280
0.351302
0.245178
0.110229
0.094580
0.095806
0.076933
0.083833
0.072741
0.057200
0.090840
0.127920
0.101287
0.078351
0.063885
0.048193
0.034156
0.062681
0.128027
0.130263
0.160507
0.192794
0.185550
0.157756
0.106059
0.119236
0.102921
0.092044
0.156896
0.157261
0.180778
0.117796
0.091163
0.098815
0.135379
0.187226
0.170825
0.140817
0.220695
0.249606
0.249262
0.273810
0.345885
0.302958
0.166204
0.025150
0.014252
0.013521
0.018271
0.013886
0.005202
0.006427
0.013972
0.028245
0.051288
0.163882
0.310482
0.329656
0.265191
0.130521
0.097590
0.093699
0.147309
0.154703
0.257280
0.250703
0.278518
0.268974
0.179165
0.180391
0.160099
0.197695
0.195609
0.213300
0.168267
0.158573
0.151587
0.175898
0.171255
0.187764
0.257452
0.224220
0.212075
0.106252
0.074461
0.093721
0.094688
0.124201
0.337351
0.431953
0.424687
0.332858
0.127297
0.096257
0.152016
0.207668
0.208485
0.168310
0.123943
0.117387
0.090410
0.121837
0.159132
0.142537
0.188946
0.251562
0.235806
0.185378
0.069237
0.057157
0.065131
0.047935
0.039767
0.076245
0.095655
0.129597
0.117409
0.075363
0.042755
0.035575
0.077599
0.119623
0.148491
0.141183
0.107478
0.099137
0.086090
0.085036
0.094430
0.074031
0.140559
0.160271
0.187678
0.118440
0.062337
0.019024
0.066593
0.124911
0.137357
0.172222
0.156488
0.105500
0.025773
0.025644
0.034565
0.047527
0.038692
0.036220
0.027944
0.023645
0.005202
0.023817
0.077986
0.108574
0.121471
0.097590
0.133573
0.107929
0.100255
0.064702
0.113625
0.216503
0.261386
0.282795
0.305129
0.256291
0.155563
0.110638
0.065024
0.031083
0.038198
0.021796
0.030094
0.024225
0.027385
0.021066
0.041594
0.069216
0.076352
0.066421
0.053631
0.073364
0.145030
0.167773
0.123105
0.079963
0.056039
0.031169
0.043271
0.046000
0.080608
0.116678
0.161496
0.153930
0.152446
0.161002
0.145718
0.088777
0.050622
0.026117
0.043765
0.037617
0.022807
0.041701
0.042712
0.071537
0.071946
0.102405
0.138646
0.116033
0.105457
0.114786
0.115517
0.107929
0.138818
0.208464
0.263729
0.274627
0.227251
0.355601
0.521912
