0.473873
0.577265
0.509453
0.595626
0.631837
0.568340
0.422748
0.272980
0.171085
0.214467
0.317780
0.384094
0.419399
0.318686
0.440597
0.681326
0.733062
0.670195
0.400978
0.403106
0.508961
1.103582
1.199803
1.120643
0.462348
0.396940
0.446606
0.547437
0.770415
0.701225
0.591587
0.302866
0.403697
0.491505
0.625611
0.639757
0.674234
0.714759
0.886278
1.265486
1.211525
1.168635
0.725753
0.633374
0.592750
0.585382
0.559947
0.408957
0.338624
0.393866
0.366068
0.307634
0.216693
0.165155
0.163264
0.178985
0.238660
0.266734
0.310845
0.304167
0.333088
0.313584
0.305900
0.392704
0.551830
0.679258
0.776227
0.726541
0.564301
0.414769
0.340535
0.346899
0.315416
0.259583
0.173233
0.163815
0.200637
0.218841
0.200204
0.169667
0.188521
0.283303
0.575216
0.681425
0.610737
0.287105
0.202430
0.189131
0.214034
0.178237
0.212576
0.271955
0.329286
0.211039
0.103924
0.111903
0.234562
0.295183
0.381809
0.422177
0.404702
0.508389
0.705066
0.746439
0.644564
0.384823
0.473164
0.446528
0.451886
0.512448
0.973278
1.013548
0.980233
0.523067
0.377672
0.383070
0.399895
0.425329
0.397787
0.266892
0.506577
0.655478
0.774099
0.783339
0.678076
0.535557
0.918411
1.291492
1.242515
0.862459
0.422256
0.417547
0.383346
0.518535
0.726147
0.757668
0.595331
0.590346
0.955370
1.022847
0.840847
0.656365
0.822347
1.152224
1.081438
0.887204
0.412149
0.591193
0.644111
0.596789
0.295281
0.256391
0.279028
0.311338
0.356946
0.331492
0.280978
0.307004
0.281432
0.346800
0.420522
0.513334
0.629138
0.627916
0.624094
0.538118
0.386380
0.288800
0.184580
0.204301
0.341579
0.485162
0.484886
0.389473
0.309683
0.408425
0.515364
0.552343
0.606048
0.686764
0.845595
0.916263
1.053856
1.257744
1.312356
1.096844
0.825716
0.913623
0.822367
0.635147
0.330290
0.182709
0.243290
0.277314
0.379740
0.373239
0.428363
0.414277
0.422788
0.471883
0.740804
0.828317
0.910510
0.833754
0.952395
1.094322
0.946800
0.907693
0.780699
0.932595
1.243086
1.244918
1.296536
1.044025
0.719980
0.684538
0.985316
1.213593
1.265289
1.013488
1.029860
1.162252
1.154175
1.009726
0.931354
0.808931
0.812694
0.836060
0.745572
0.573482
0.439770
0.394910
0.698821
0.924991
1.260009
1.180830
1.117964
1.366022
1.289167
1.244071
1.008110
0.942978
1.130100
1.385565
1.356979
1.123736
0.622105
0.498302
0.385020
0.318273
0.345165
0.338348
0.624942
1.059136
1.458184
1.480840
1.057068
0.793426
0.796815
0.711095
0.621671
0.292602
0.341303
0.491604
0.597616
0.588041
0.453384
0.326409
0.280210
0.289765
0.332556
0.350051
0.395600
0.363093
0.378677
0.516880
0.894868
0.992349
0.953183
0.675101
0.736115
0.676362
0.565306
0.437327
0.440341
0.349145
0.379839
0.748606
1.212372
1.411965
1.145506
0.778394
0.856076
1.186347
1.317163
1.258079
1.062052
1.042331
1.142630
0.847683
0.830326
0.714759
0.688182
0.647125
0.865710
0.967269
0.923434
0.919002
0.789210
0.802508
0.966481
0.940712
1.120683
0.871797
1.058013
1.153820
1.308455
1.280597
1.328432
1.363933
1.550976
1.222597
1.163690
1.226025
1.257133
1.268067
1.057087
0.747857
0.402042
0.198903
0.145119
0.078903
0.123999
0.323553
0.499583
0.751009
0.929542
0.914391
0.757038
0.777645
0.906550
0.815019
0.624902
0.542374
0.504232
0.687178
0.783063
0.820929
0.801582
0.760840
0.790097
0.757885
0.577974
0.505907
0.381139
0.417252
0.455787
0.521313
0.664364
0.866202
0.905447
0.700141
0.617967
0.716591
0.846816
0.886475
0.661940
0.433328
0.322548
0.261395
0.444420
0.634635
0.862006
1.294191
1.673144
1.674523
1.459543
1.072159
1.415570
1.498768
1.349118
0.831095
0.536109
0.532799
0.662728
0.757373
0.628626
0.532504
0.530494
0.669821
0.901330
1.200394
1.233255
1.066839
0.825303
0.769883
0.725969
0.535478
0.440302
0.494480
0.618204
0.798411
0.864311
0.766633
0.681070
0.479310
0.372924
0.329443
0.461540
0.543694
0.664699
0.869473
1.114319
1.196355
1.063825
0.959231
1.060220
0.887283
0.702604
0.655163
0.884603
1.183589
1.437557
1.401976
1.519120
0.861553
0.897547
0.798371
0.878476
0.843743
0.773173
0.661310
0.733535
0.802311
0.747700
0.570428
0.515186
0.479823
0.698053
0.915022
1.129095
1.451623
1.931643
2.013600
1.811840
0.911377
0.942426
0.812635
0.928734
0.951252
0.810093
0.759579
0.650533
0.720650
0.676204
0.695472
0.929148
1.231443
1.086009
1.382334
1.352723
1.491893
1.294250
1.019162
0.943510
0.702229
0.476158
0.281333
0.198805
0.319731
0.524938
0.701362
0.870458
1.058368
0.864646
0.580180
0.309722
0.421704
0.547476
0.498952
0.350977
0.305447
0.605063
0.808399
0.847348
0.676480
0.505769
0.406377
0.445739
0.498598
0.650652
1.074405
1.596112
1.636519
1.320059
0.654671
0.426334
0.381947
0.364728
0.600965
0.984272
1.188238
1.233157
1.132208
1.309656
1.426544
1.268777
1.472053
1.609390
1.978453
1.462045
1.344252
0.600197
0.518654
0.671417
1.108763
1.286389
1.284459
0.799790
0.566902
0.389197
0.354681
0.453127
0.454605
0.484807
0.503602
0.611643
0.666235
0.638378
0.538887
0.567355
0.622814
1.161504
2.107732
2.186419
1.632342
0.637531
0.500430
0.489516
0.531026
0.790018
1.357984
1.622531
1.459346
1.367460
1.245174
1.291433
1.261822
0.983011
1.004820
0.974618
0.881077
0.753945
0.532799
0.438095
0.291794
0.278457
0.312343
0.383444
0.352139
0.383247
0.462525
0.595094
0.574211
0.402121
0.210369
0.293233
0.471903
0.749295
0.771459
0.580043
0.520939
0.575551
0.629276
0.642751
1.067529
1.320315
1.404872
1.109689
0.761254
0.597183
0.628212
0.617889
0.573344
0.440519
0.433682
0.393433
0.556224
0.681878
0.783516
0.619228
0.573127
0.641215
0.909624
1.064357
1.281109
1.329279
1.295393
1.460095
1.650664
1.674818
1.482318
1.211111
1.294506
1.227246
1.027378
0.984370
1.383181
1.932707
2.237228
1.704508
1.156913
0.678411
0.873452
0.922134
0.854697
0.642318
0.569305
0.619878
0.583214
0.566941
0.422059
0.248058
0.375505
0.784994
1.090717
1.344271
1.258079
1.194799
0.877629
0.894887
1.059668
1.263457
1.281503
1.186662
1.061953
0.908264
0.954089
1.349177
1.539924
1.553616
1.262649
0.974145
1.207998
1.613350
1.944173
2.134565
1.707660
1.235068
1.050211
0.981395
0.804360
0.655616
0.454388
0.429565
0.618420
0.653193
0.896562
0.772326
0.855761
1.146550
1.329456
1.138433
0.658040
0.396861
0.366225
0.374677
0.424147
0.589952
0.704436
0.699235
0.775459
0.656542
0.718168
0.549072
0.423477
0.285628
0.412858
0.490047
0.558056
0.510458
0.577540
0.899340
0.883224
0.716493
0.482108
0.583668
0.821599
0.936023
1.056575
1.140108
1.204629
1.483973
1.493528
1.296654
0.937481
0.575413
0.667772
0.764288
0.714385
0.610422
0.386262
0.508271
1.077340
1.403808
1.720879
1.957668
2.186438
1.799271
1.109295
0.580358
0.679553
1.181579
1.242751
1.187351
0.710760
0.804439
1.094776
1.238713
1.090697
0.965083
0.919356
0.997806
1.118003
1.151377
1.492168
1.567565
1.417166
1.141842
0.942958
0.735406
0.530435
0.447651
0.519343
0.755442
1.203802
1.537442
1.299786
0.910786
0.445818
0.260804
0.321563
0.383050
0.480532
0.664206
1.314129
1.828862
1.553912
1.013134
0.670294
0.675120
0.719389
0.714917
0.793525
0.865198
0.789052
1.347108
1.741960
1.859556
1.427824
1.269525
1.085871
0.809226
0.678214
0.772838
0.999560
1.199507
1.342144
1.422170
1.147772
0.969909
0.997629
1.193971
1.173955
0.756644
0.651243
0.485418
0.362009
0.345362
0.326232
0.358207
0.353439
0.448675
0.593794
0.547279
0.481694
0.403323
0.451591
0.460338
0.510655
0.458230
0.564794
0.732510
0.638161
0.761195
0.758929
0.847585
1.281425
1.259832
1.234102
1.063392
0.743956
0.680026
0.524938
0.618775
0.746715
0.897015
1.179491
1.553538
1.712526
1.593827
1.251420
1.105749
0.892740
0.740095
0.858164
0.935866
0.955153
0.961517
0.873216
0.642929
0.681385
0.994201
0.894178
0.804281
1.070878
1.248208
1.427923
0.980686
1.000151
1.632323
1.946163
2.268848
1.530842
1.457632
1.429125
1.289719
1.237570
0.739208
0.795239
0.755423
0.879402
1.147338
1.441063
1.271988
1.312493
0.805404
0.928182
0.900975
1.178978
1.244643
1.303707
1.261999
1.529995
1.417383
1.192099
0.898453
0.690783
0.492333
0.578466
0.671850
1.109157
1.511239
1.637071
1.226852
0.991994
0.958818
0.806508
0.884544
1.018433
1.422387
1.435527
1.315724
1.064061
1.450658
2.070123
2.663109
2.256220
1.702124
0.799731
0.577225
1.050921
1.200118
1.152205
1.088452
0.952553
0.845890
0.697600
0.519717
0.483073
0.504035
0.370382
0.339530
0.305014
0.465342
0.515935
0.754201
0.764682
0.701284
0.699038
0.599665
0.605418
0.341185
0.133436
0.098526
0.151601
0.183714
0.132234
0.122640
0.124039
0.157747
0.158989
0.162850
0.198411
0.423753
0.540877
0.453147
0.308757
0.276664
0.292563
0.198391
0.167756
0.156940
0.115981
0.228219
0.303280
0.319632
0.235331
0.244157
0.237715
0.277905
0.431535
0.702348
0.678805
0.622321
0.397728
0.379721
0.523126
0.511679
0.534119
0.489082
0.542709
0.438686
0.268133
0.167401
0.156940
0.162515
0.248885
0.310136
0.256253
0.189979
0.241832
0.390852
0.410671
0.380391
0.204597
0.136825
0.147030
0.173292
0.271699
0.311712
0.342702
0.273374
0.213896
0.220515
0.162161
0.212438
0.301468
0.426531
0.439415
0.310038
0.180955
0.192737
0.254027
0.247092
0.228691
0.187161
0.235331
0.306866
0.366068
0.312559
0.246482
0.185388
0.222151
0.248274
0.324065
0.562114
0.676854
0.657192
0.432441
0.395344
0.484354
0.533804
0.602581
0.550786
0.476178
0.216693
0.251959
0.335196
0.504134
0.888859
0.872211
0.761491
0.343096
0.105185
0.199494
0.311141
0.436145
0.429506
0.459846
0.400210
0.327631
0.180424
0.210172
0.303339
0.401530
0.488649
0.461008
0.341323
0.256017
0.130895
0.149453
0.217087
0.322095
0.462683
0.470996
0.460043
0.358463
0.340102
0.382341
0.534237
0.720315
0.878752
0.843940
0.722206
0.391758
0.247782
0.201149
0.155580
0.061192
0.074904
0.143385
0.183260
0.311850
0.516250
0.638811
0.645116
0.532681
0.675515
0.698092
0.695531
0.450724
0.505513
0.655203
0.764820
0.699747
0.513965
0.329621
0.371486
0.311161
0.309900
0.208833
0.260292
0.310195
0.311555
0.406179
0.329365
0.332536
0.244748
0.297350
0.394063
0.387286
0.349479
0.427516
0.524032
0.473774
0.491210
0.426472
0.454881
0.416227
0.495958
0.515285
0.455767
0.405391
0.355941
0.360552
0.258342
0.209660
0.331492
0.384331
0.587312
0.568301
0.490028
0.227765
0.184462
0.214487
0.285431
0.266163
0.245240
0.277294
0.371919
0.397373
0.373495
0.279087
0.364374
0.427476
0.418690
0.424797
0.475232
0.464200
0.439337
0.496155
0.981257
1.595974
1.663332
1.204334
0.563631
0.363704
0.445011
0.408288
0.370461
0.632901
0.859268
0.872625
0.646908
0.287894
0.172208
0.131230
0.177468
0.199928
0.199159
0.369279
0.550412
0.590051
0.495623
0.516270
0.693364
0.840788
0.828179
0.730008
0.745276
0.546570
0.461678
0.428856
0.761550
0.830543
0.751009
0.580023
0.434805
0.617987
0.630340
0.581737
0.514398
0.518673
0.530238
0.618105
0.709381
0.754713
0.724827
0.681543
0.676342
0.651656
0.613712
0.706071
0.773311
1.497566
2.223930
2.165792
1.469433
0.458230
0.571473
0.832710
1.033564
0.920381
0.411676
0.274457
0.297823
0.332517
0.320105
0.323218
0.366895
0.418670
0.466583
0.496017
0.806961
1.557793
1.616995
1.396421
0.711469
0.657232
0.548363
0.375879
0.246363
0.248531
0.719251
1.260482
1.518627
2.100108
1.690737
2.129305
2.367827
2.267706
2.187798
1.369312
1.311134
1.215485
0.994891
0.869256
0.938841
0.942840
0.878851
0.603329
0.202410
0.321484
0.696595
0.862124
0.996053
1.026097
1.114201
0.984744
0.709893
0.566665
0.485339
0.604925
0.604157
0.591115
0.635383
0.639777
0.659576
0.612412
0.681917
1.009942
1.293364
1.986550
1.812372
1.341218
0.537192
0.198233
0.229460
0.288248
0.414355
0.837419
1.334618
1.321241
0.919258
0.437504
0.591410
0.727920
0.955350
0.736391
0.784009
0.688379
0.620942
0.612806
0.683454
0.621986
0.616687
0.677366
0.683533
0.833932
0.763697
0.586958
0.610126
0.630024
0.718857
0.928793
1.194799
1.299707
1.315488
0.932300
0.756880
0.708356
0.806587
1.002003
1.301323
1.129331
1.241077
1.203172
1.087723
0.905841
0.437426
0.381652
0.455393
0.407657
0.448379
0.476414
0.649607
0.656641
0.720059
0.746202
0.774316
0.767361
0.764564
0.583116
0.515876
0.493732
0.464889
0.407756
0.324321
0.316874
0.466248
0.562449
0.757156
1.271988
1.509052
1.588133
1.545637
1.634253
1.603382
0.944692
0.796125
0.820003
0.775912
0.915298
1.104469
1.322364
1.248780
0.938663
0.517846
0.346524
0.280151
0.345382
0.336969
0.291873
0.259701
0.311023
0.616411
0.923730
1.082521
1.226852
1.128307
1.113945
0.749512
0.409076
0.298532
0.308127
0.266143
0.205326
0.212655
0.313229
0.423241
0.533587
0.532346
0.601694
0.900404
1.302919
1.427253
1.257054
0.850599
0.806784
0.725122
0.559218
0.497770
0.372096
0.310727
0.438962
0.539576
0.799139
0.915613
0.754772
0.817994
1.042725
1.105395
1.041444
0.822466
0.945441
1.142787
1.074050
1.043080
0.850560
0.786216
0.691275
0.544009
0.482128
0.298591
0.281688
0.309131
0.345500
0.362896
0.462111
0.465145
0.630714
0.643776
0.779557
0.667989
0.448714
0.203888
0.166140
0.156782
0.255229
0.294809
0.340496
0.407815
0.601044
0.691354
0.670432
0.872566
1.093199
1.119008
0.748724
0.367920
0.234070
0.275167
0.402732
0.503188
0.503562
0.278693
0.248471
0.235626
0.470346
0.642338
0.629433
0.515068
0.341323
0.440716
0.543497
0.612372
0.633078
0.599488
0.908284
1.265605
1.261861
1.394904
1.014040
0.808576
0.595626
0.651952
0.743700
0.457127
0.597596
0.470937
0.521628
0.535912
0.528682
0.530593
0.410061
0.525805
0.612865
0.540443
0.650198
0.689522
0.959842
0.756959
0.877629
1.475600
2.024061
1.959599
1.794345
1.032185
1.033525
0.974933
0.501218
0.559337
0.641806
0.679947
0.621711
0.398673
0.357971
0.358897
0.377554
0.331335
0.253219
0.220161
0.282988
0.321366
0.486541
0.584771
0.647834
0.748370
0.979504
1.359934
1.446718
1.025309
0.849850
0.641688
0.706603
0.579924
0.415518
0.509887
0.748330
0.959290
0.816161
0.894592
1.205220
1.338735
1.711994
1.555803
1.643572
1.498000
1.120525
0.951174
0.747818
0.583904
0.420266
0.364689
0.337639
0.420758
0.432697
0.434116
0.454231
0.426984
0.512192
0.618263
0.750024
0.825815
0.978085
1.086600
1.211367
1.229157
0.913584
0.947824
0.862420
0.805286
0.757176
0.590780
0.561720
0.280860
0.169548
