0.677563
0.774708
0.838946
0.885898
0.653565
0.543909
0.463538
0.785088
0.981786
0.929888
0.648045
0.534936
0.508721
0.387557
0.381802
0.553436
0.865715
1.322518
1.305297
1.057873
0.669784
0.547959
0.577946
0.721383
0.667866
0.649238
0.651114
0.693207
0.726562
0.816865
1.026479
1.021407
0.883788
0.744998
1.180146
1.280723
1.063202
0.782509
0.675048
0.659000
0.605014
0.508039
0.373383
0.343929
0.331397
0.308677
0.475430
0.659980
0.761537
0.728821
0.611791
0.545124
0.331546
0.361746
0.328860
0.324065
0.333080
0.432271
0.551347
0.621787
0.701072
0.882083
1.002054
0.971065
1.113032
1.693237
2.242282
2.344713
1.496794
1.242657
1.128547
1.293212
1.232896
1.037647
1.091761
1.279167
1.435839
1.605363
1.538014
1.475076
1.359219
1.076735
0.889735
0.921214
0.962924
1.315676
1.354487
1.303677
0.966462
1.171728
1.715999
1.724865
1.448883
1.058108
1.208812
1.044403
1.548372
1.777466
2.044007
1.532792
0.860365
0.577903
0.286639
0.226089
0.287961
0.622959
1.357002
1.747521
1.809840
1.367403
1.025435
1.109451
1.133535
1.211242
1.129720
1.092805
1.162861
1.141847
0.933981
0.891589
1.013564
0.986602
0.795254
0.576710
0.879355
1.164950
1.286541
1.398094
1.224712
1.319576
1.049433
1.058832
0.808830
0.896427
0.891973
0.895681
0.685726
0.736963
0.743762
0.728565
0.659873
0.834449
0.998282
1.137691
0.812858
0.927672
0.988457
1.124711
0.898345
0.896960
1.449053
1.915745
1.970583
1.241784
1.551889
2.034096
2.150487
1.619451
0.996065
0.920489
1.234004
1.302568
1.293510
1.160219
1.160730
0.918955
0.788285
0.718527
0.692973
0.618441
0.423107
0.387855
0.466671
0.511961
0.663390
1.110538
1.457472
1.601782
1.763293
1.661864
1.861418
1.600717
1.485093
1.402889
1.145086
1.199840
1.546134
2.055857
2.431563
2.416708
2.118837
1.658667
1.328080
1.161796
1.232129
1.601015
1.688931
1.608112
1.175841
1.206447
1.321537
1.561927
1.533815
1.144340
0.841034
0.991014
1.202525
1.216997
1.072260
0.882723
0.879078
0.610235
0.576774
0.495550
0.399577
0.372787
0.498427
0.516010
0.564476
0.714094
0.869168
0.966526
0.757189
0.814009
0.910515
0.980017
1.115589
1.140334
1.205978
1.178058
1.112648
1.112499
1.113245
1.051053
0.702734
0.507592
0.454884
0.384402
0.435703
0.597746
0.723514
0.696127
0.620871
0.826179
0.785578
0.735961
0.276217
0.341414
0.427092
0.475196
0.474343
0.413580
0.395208
0.408571
0.447553
0.544463
0.628778
0.484019
0.583253
0.688731
0.875711
1.044403
1.072771
1.080486
0.889244
0.727308
0.769998
0.750752
0.668761
0.477370
0.369504
0.407974
0.555546
0.704034
0.749601
0.822044
0.887944
1.040525
1.059855
1.100990
1.002843
0.933597
1.021513
1.178335
1.329039
1.363524
1.299691
1.425822
1.260390
1.127929
0.979590
0.705121
0.776584
0.723173
0.848707
1.228570
1.247922
1.123496
0.709085
0.407186
0.479053
0.819700
0.881124
0.898089
1.074029
1.142380
1.050265
1.050755
1.072963
1.224286
1.322091
1.435136
1.155658
1.029932
0.929761
1.023048
0.782168
0.599238
0.749218
1.030081
1.236818
1.013883
0.846064
0.794615
0.821597
0.729972
0.739030
0.840374
0.832765
0.968870
1.060495
1.267466
1.166250
0.960835
1.470856
1.856196
2.622507
3.136557
2.822487
1.916342
0.523512
0.450728
0.252858
0.285190
0.351665
0.437323
0.388686
0.349300
0.364965
0.447766
0.486385
0.495081
0.517758
0.497297
0.328221
0.205522
0.271869
0.527946
0.647938
0.907318
0.868017
0.715948
0.444846
0.377390
0.289580
0.362045
0.606314
0.722022
0.606569
0.421530
0.436640
0.498470
0.579715
0.807338
0.962242
1.075073
0.815075
0.598407
0.349321
0.692696
0.912263
1.033363
0.951820
1.132405
1.296302
1.230509
0.937007
0.757423
0.692738
0.742866
0.618590
0.581974
0.591181
0.697917
0.878140
1.103334
1.162137
1.274371
1.068572
1.092550
0.734299
0.438878
0.388217
0.847236
1.125500
1.120726
0.860216
0.968827
1.141250
1.510072
1.430532
1.232598
0.858191
0.422894
0.245462
0.320442
0.435617
0.427092
0.371828
0.166796
0.217414
0.223382
0.480972
0.706570
1.027460
0.963947
0.793485
0.560768
0.551901
0.828545
0.822961
0.803140
0.640052
0.660214
0.581825
0.633722
0.751242
0.752820
0.708957
0.701008
0.834704
0.806678
0.847833
0.895489
0.911858
1.060516
1.524395
1.989339
2.196779
2.225125
2.043218
1.739060
1.286797
1.164055
1.527549
1.851763
1.784137
1.202482
0.729098
0.546467
0.550751
0.651433
0.627115
0.919637
1.008150
1.129549
0.877416
0.598833
0.532443
0.628820
0.560278
0.565584
0.277496
0.214388
0.190219
0.203156
0.535704
1.201502
2.018431
2.165939
1.784755
1.318340
1.094532
0.912369
0.680142
0.772108
0.818592
0.797748
0.956764
1.000989
0.894978
0.868954
1.138714
1.295194
1.272176
1.264823
1.555831
1.858924
1.729853
1.279124
0.936666
0.979740
1.001159
1.077567
1.402399
1.882262
2.334248
2.707077
2.472868
1.887825
1.217785
1.099498
1.279209
1.289610
1.239972
1.109856
1.096109
1.481705
1.646774
1.471261
1.179379
1.147452
1.043189
0.918784
1.042144
1.072089
1.264461
1.242892
0.887753
1.043615
0.884257
1.167742
1.451483
1.639464
1.345280
1.021300
0.561642
0.508423
0.570891
0.756081
1.133620
1.449437
1.683497
1.432898
1.393234
1.134451
0.981381
0.868102
0.844380
1.083129
1.055742
1.344981
1.934032
2.525192
2.559804
1.961525
1.348498
1.226204
1.722201
1.938465
1.797394
1.718642
1.757964
1.512481
0.907787
0.375728
0.244162
0.313707
0.387279
0.487195
0.829206
1.210006
1.402079
1.172090
1.039970
1.056104
1.236796
1.152290
1.254657
1.140397
0.952928
0.856294
1.117870
1.478721
1.700036
1.245023
1.148028
1.229252
1.254721
1.303570
1.100457
1.152823
1.236967
1.295791
1.569664
1.380340
1.194298
1.207640
1.162712
1.045597
1.008811
1.052012
1.443064
1.946500
1.939232
1.597499
0.796703
0.680867
1.025073
1.304188
1.535456
1.418277
1.489612
1.334453
1.192337
1.206468
1.014565
1.149285
1.355105
1.767577
2.161229
1.838528
1.596156
0.964735
0.732167
0.536684
0.365988
0.577776
0.646872
0.824048
0.704908
0.751264
0.748024
0.870212
0.897748
1.109238
1.272837
1.475076
1.290505
0.989096
0.745786
0.550708
0.646254
0.516905
0.634596
0.875071
1.033150
1.147495
1.232278
1.819453
1.713271
1.679959
0.937817
0.950392
0.764861
0.498384
0.484915
0.568781
0.815970
0.961730
0.987370
0.926137
1.219874
1.408644
1.338737
0.787155
0.426282
0.543568
0.989650
1.216144
1.171152
0.879185
0.723365
0.998197
1.688740
1.770070
1.379487
0.740692
0.733339
0.657273
0.934982
1.041505
1.246046
1.041015
0.889223
0.719912
1.219853
1.834564
2.172461
1.529041
1.222389
1.001927
0.910856
0.930016
0.736686
0.613240
0.731507
0.963755
1.129613
1.497263
1.810160
1.706685
1.565529
1.020128
0.956104
0.992187
0.956125
0.950456
0.694784
0.626689
0.669912
0.884321
1.347773
1.340399
1.233962
0.772854
0.957446
0.979228
0.852543
0.755590
0.569357
0.646190
0.915438
0.907339
1.046535
1.224094
1.260156
0.891333
0.517758
0.471040
0.369249
0.351815
0.449940
0.510256
0.523491
0.393929
0.466862
0.352305
0.402795
0.556590
0.896832
1.549267
1.904172
2.169456
1.439057
0.912902
0.412365
0.345740
0.363643
0.463943
0.475537
0.440093
0.400003
0.275961
0.267074
0.416521
0.580099
0.734341
0.675006
0.431248
0.214708
0.149426
0.126365
0.114451
0.107418
0.137981
0.182227
0.186383
0.160914
0.106160
0.097678
0.027345
0.078198
0.135444
0.135167
0.118906
0.099340
0.108142
0.217606
0.270313
0.313856
0.273148
0.182525
0.172891
0.142691
0.098786
0.098019
0.117307
0.169695
0.167457
0.167734
0.190560
0.250919
0.255629
0.171719
0.145270
0.162469
0.163812
0.104604
0.061808
0.068713
0.068202
0.018734
0.003197
0.041411
0.112703
0.176557
0.169460
0.125939
0.057630
0.050405
0.090708
0.114345
0.152239
0.155202
0.083632
0.080457
0.075192
0.080990
0.078432
0.071100
0.123040
0.152751
0.145035
0.128454
0.099830
0.079540
0.059677
0.056501
0.112533
0.177261
0.205884
0.254819
0.250364
0.216285
0.178092
0.124085
0.105393
0.161233
0.359018
0.458636
0.501368
0.392373
0.305288
0.235893
0.135999
0.103795
0.338920
0.504075
0.538197
0.472510
0.376623
0.421295
0.423959
0.352965
0.341051
0.273383
0.230202
0.194034
0.077686
0.084528
0.101194
0.120291
0.108462
0.110061
0.089728
0.151514
0.185424
0.279606
0.347573
0.283783
0.245207
0.168075
0.242585
0.225449
0.185125
0.111702
0.095355
0.106246
0.070972
0.075832
0.108761
0.109933
0.137235
0.147870
0.173147
0.280437
0.336895
0.338281
0.317692
0.307995
0.301729
0.148595
0.172039
0.110380
0.079647
0.075470
0.083675
0.153880
0.227155
0.240092
0.182802
0.108228
0.066838
0.122955
0.188898
0.193544
0.267926
0.331077
0.369057
0.251110
0.256844
0.253966
0.345399
0.428350
0.569549
0.563389
0.472660
0.389411
0.318289
0.454160
0.422894
0.416329
0.276089
0.273276
0.252347
0.283826
0.199128
0.166220
0.264516
0.385191
0.441628
0.485383
0.515499
0.502455
0.472404
0.330715
0.266648
0.220547
0.249981
0.224831
0.256737
0.247999
0.327539
0.316115
0.332697
0.391372
0.415775
0.291264
0.309231
0.358464
0.359977
0.293587
0.296315
0.320250
0.363537
0.365647
0.413388
0.452945
0.618952
0.705824
0.765053
0.678139
0.532166
0.492182
0.343098
0.302986
0.332398
0.539945
0.624110
0.733851
0.594549
0.525090
0.492673
0.422425
0.528969
0.391606
0.355331
0.296699
0.198744
0.227602
0.140602
0.130457
0.146527
0.138535
0.204009
0.208101
0.285275
0.273510
0.246294
0.212832
0.203795
0.225918
0.182610
0.343247
0.503734
0.555546
0.458678
0.295910
0.223489
0.168267
0.068351
0.096058
0.183633
0.191263
0.214090
0.157589
0.222828
0.356376
0.336831
0.259593
0.198488
0.244631
0.351985
0.362151
0.344483
0.366393
0.456760
0.859385
0.856124
0.954228
0.483551
0.272082
0.138087
0.076493
0.093500
0.147017
0.174810
0.255565
0.488346
0.524003
0.559254
0.392459
0.374342
0.382271
0.355672
0.384360
0.370677
0.383742
0.486769
0.543376
0.479203
0.333741
0.323170
0.536727
0.674430
0.735705
0.594549
0.492076
0.388942
0.234167
0.154839
0.202474
0.295164
0.374982
0.358656
0.343673
0.227496
0.165752
0.143245
0.072400
0.087341
0.196144
0.278476
0.315753
0.249427
0.301878
0.259209
0.260445
0.218075
0.407591
0.457527
0.559617
0.755484
0.977012
0.945298
0.648300
0.739947
1.203591
1.368873
1.315399
0.819274
0.569186
0.195888
0.086808
0.147721
0.162171
0.422233
0.820531
0.952331
0.856060
0.341904
0.352688
0.588560
0.624366
0.649814
0.643825
0.628969
0.516927
0.131075
0.097294
0.170014
0.286639
0.443887
0.600964
0.742675
0.860578
0.863669
0.706826
0.592013
0.541735
0.468418
0.503691
0.509638
0.601007
0.548172
0.464326
0.551539
0.749324
0.788306
0.621126
0.549834
0.685811
0.881764
1.035708
0.799964
0.659554
0.557827
0.477157
0.555930
0.511023
0.500708
0.318353
0.335808
0.537835
0.686238
0.584042
0.689840
0.840118
0.791183
0.744998
1.027268
1.269022
1.479147
1.056488
0.958405
0.928375
0.830996
0.877309
0.815544
0.798131
0.710279
0.687985
0.956551
1.145832
1.259196
1.250714
1.362820
1.260923
1.186625
1.079527
0.925583
0.755740
0.697661
0.780740
0.702542
0.512558
0.238749
0.305224
0.468759
0.534723
0.464497
0.366457
0.286746
0.304905
0.542140
0.695360
0.739627
0.546680
0.617695
0.939458
0.994765
1.094809
0.724942
1.082277
1.414910
2.442689
4.844180
5.438771
5.303860
2.207350
2.495417
2.615218
1.819644
0.702436
0.364816
0.524940
0.595210
0.624408
0.582315
0.539156
0.584724
0.573598
0.558082
0.474386
0.666885
1.194277
1.309197
1.171770
0.661792
0.607742
0.535426
0.537174
0.438367
0.456653
0.495379
0.652030
0.660001
0.690628
0.632294
0.522170
0.357846
0.204030
0.240688
0.259913
0.450856
0.720573
0.891418
1.379146
1.508389
1.896414
1.950144
1.843046
1.007148
0.746788
0.556462
0.632230
0.527583
0.424897
0.469654
0.523214
0.530247
0.439774
0.439965
0.596382
0.730292
0.851329
0.744273
0.673386
0.542289
0.439518
0.276473
0.484467
0.592098
0.576646
0.501432
0.508338
0.543419
0.490008
0.441820
0.525622
0.565712
0.520273
0.612835
0.573172
0.640883
0.624408
0.671041
0.652968
0.581761
0.562814
0.499812
0.465456
0.499770
0.503095
0.430758
0.410852
0.522596
0.471807
0.346955
0.219098
0.147486
0.177879
0.179136
0.191647
0.190347
0.237555
0.237321
0.201174
0.162320
0.197913
0.289623
0.353157
0.490179
0.620039
0.625027
0.545294
0.462856
0.792419
0.939863
1.104421
0.840416
0.741566
0.721532
0.751924
0.635385
0.644123
0.638987
0.685065
0.720850
0.888413
0.946108
1.156851
1.243872
1.411521
1.825420
1.529723
1.494152
1.299691
1.132831
0.863541
0.320079
0.243097
0.405353
0.680227
0.822662
0.861815
0.775625
1.146493
1.389547
1.344513
0.753715
0.595316
0.758681
0.979782
0.945788
0.745147
0.599408
0.848132
1.372539
1.909884
2.250722
2.529902
2.137379
1.844645
1.150542
0.949198
1.138202
1.078654
1.064949
1.067613
1.270066
1.765765
1.868046
1.840957
1.600695
1.436883
1.139779
1.028120
1.120598
1.190824
0.742184
0.375493
0.309849
0.467395
0.929249
1.180786
1.243617
1.105849
0.843805
0.629971
0.666566
0.735108
0.767185
0.646020
0.472319
0.361853
0.377774
0.837283
1.388460
1.594749
1.240334
0.781507
0.614541
0.519229
0.825710
1.417361
1.713761
1.556087
1.121365
0.796106
1.063884
1.077524
1.077439
0.966909
0.893720
1.233408
1.343596
1.346580
1.149072
1.025882
1.239290
1.378358
1.276545
0.876712
0.739009
0.757040
0.904164
0.905975
0.748855
0.758297
0.813604
1.138565
1.145683
0.797172
0.625964
0.457463
0.586535
0.628671
0.785152
1.091122
1.285752
1.356064
1.218126
0.973261
0.783766
0.565478
0.562238
0.680270
0.775305
0.563794
0.424002
0.575410
0.835834
0.902032
0.845361
0.621062
0.540691
0.457613
0.243352
0.222700
0.333826
0.424449
0.478926
0.433039
0.491287
0.495763
0.448086
0.392054
0.324150
0.204222
0.273660
0.362407
0.438026
0.417267
0.318289
0.258527
0.266946
0.245867
0.369504
0.454245
0.474386
0.420570
0.344632
0.468845
0.707465
0.818784
0.802863
0.613773
0.565052
0.374193
0.301196
0.197679
0.137427
0.140773
0.225449
0.230671
0.293374
0.568419
0.695381
0.743463
0.591480
0.634319
0.854888
0.804291
0.514795
0.319632
0.294909
0.299939
0.388494
0.425686
0.408656
0.445017
0.342757
0.366393
0.390967
0.414368
0.478990
0.598236
0.676711
0.685001
0.605546
0.355907
0.331269
0.374875
0.359381
0.436427
0.476943
0.480119
0.408614
0.313707
0.249384
0.275109
0.261213
0.341329
0.265966
0.554544
0.821874
0.850114
0.721425
0.520848
0.491074
0.413537
0.297189
0.262129
0.398831
0.442864
0.518738
0.393034
0.421359
0.343204
0.133057
0.203433
0.278391
0.606058
0.892953
0.924198
0.747193
0.366180
0.299406
0.286895
0.352433
0.457506
0.521147
0.445997
0.404245
0.399961
0.250769
0.315241
0.285147
0.297168
0.149404
0.078858
0.066774
0.083334
0.091646
0.127452
0.169481
0.312343
0.369547
0.410234
0.368353
0.287385
0.388324
0.580141
0.636749
0.609596
0.461300
0.440051
0.434509
0.636983
1.377441
1.580683
1.487097
0.369291
0.270271
0.352283
0.342501
0.311533
0.328114
0.359466
0.398149
0.287662
0.279371
0.255842
0.377582
0.425409
0.464134
0.371614
0.292735
0.377625
0.356738
0.322019
0.188812
0.214239
0.307185
0.333379
0.271422
