0.135572
0.363662
0.489561
0.977209
0.967966
1.072800
1.020759
1.102313
1.553483
2.007340
1.956309
1.576333
1.370599
1.421113
1.367245
1.085417
1.088534
0.932563
0.960227
1.430958
1.504860
1.581492
1.379562
1.820543
1.951709
1.927376
1.926323
1.648171
1.795480
1.685487
1.795243
2.218147
1.879441
1.737571
1.935222
1.887653
1.990208
1.652771
1.731616
1.944831
2.119589
1.957513
1.458838
0.930864
1.250654
1.838965
1.962801
1.913254
1.665733
1.490608
1.361506
1.283649
1.146809
1.050057
1.265744
1.328145
1.469973
1.346954
1.457484
1.506214
1.684606
1.579106
1.824585
1.652448
1.636069
1.404540
1.334293
1.327221
1.372254
1.225504
1.279200
1.072026
1.155579
0.936754
0.714555
0.468431
0.408996
0.403235
0.425160
0.737813
0.896945
1.028562
0.954789
0.810511
1.220388
1.309444
1.258564
0.824934
0.552328
0.396550
0.404589
0.658065
1.060977
1.263615
1.184426
1.090877
0.985506
0.887981
0.753741
0.801569
0.715350
0.711094
0.569890
0.463250
0.483091
0.678034
0.942945
1.105236
1.119961
0.797506
0.439111
0.507080
0.483198
0.472322
0.548846
0.432555
0.429051
0.305172
0.309299
0.244748
0.201628
0.211086
0.249886
0.299605
0.398312
0.500137
0.828782
1.070736
1.243066
1.218840
1.203277
1.006357
0.856619
0.918634
0.774742
0.672574
0.629712
0.697810
0.843485
0.740435
0.698240
0.640954
0.537045
0.497084
0.443131
0.479501
0.711911
0.662858
0.957025
1.010699
1.056119
0.823623
0.709697
0.846838
0.829040
0.649767
0.534207
0.512432
0.498482
0.411575
0.486745
0.627670
0.575006
0.558540
0.412285
0.385093
0.333267
0.359943
0.394164
0.425891
0.449773
0.484531
0.521869
0.551296
0.574941
0.510046
0.468517
0.442077
0.497557
0.581175
0.969406
1.037891
1.171915
1.301878
1.226987
1.065362
0.748002
0.536765
0.543192
0.750495
0.805739
0.823580
0.669500
0.612236
0.588312
0.458736
0.373378
0.220329
0.210269
0.295005
0.292318
0.347626
0.323830
0.358782
0.454609
0.778569
0.892409
0.900040
0.782438
0.607034
0.541881
0.455748
0.332407
0.364865
0.365467
0.532230
0.587000
0.553661
0.479114
0.430900
0.539366
0.608818
0.589193
0.483800
0.363834
0.434468
0.513120
0.571008
0.477502
0.415831
0.359749
0.336513
0.367445
0.345132
0.336233
0.341027
0.363124
0.389564
0.430470
0.661504
0.803073
0.752602
0.488056
0.427353
0.360932
0.351710
0.419679
0.569073
0.721261
0.694757
0.606196
0.338211
0.309880
0.318070
0.378837
0.444248
0.606282
0.736588
0.851524
0.887379
0.728849
0.616578
0.651745
0.661117
0.637601
0.508241
0.386425
0.368778
0.537131
0.541236
0.540505
0.355085
0.416906
0.452374
0.485885
0.506027
0.433974
0.354719
0.417572
0.344294
0.301518
0.135443
0.161023
0.271188
0.554929
0.582486
0.533971
0.374560
0.445388
0.374388
0.351904
0.298724
0.410823
0.574640
0.503899
0.396227
0.221039
0.303195
0.405406
0.298444
0.285224
0.204616
0.247930
0.204100
0.199995
0.185335
0.601058
0.878351
0.846881
0.586269
0.436703
0.459940
0.411984
0.538356
0.583475
0.637300
0.537174
0.434554
0.367144
0.209453
0.379203
0.545492
0.604777
0.417379
0.283376
0.288169
0.556111
0.597533
0.537797
0.497084
0.470193
0.449923
0.367574
0.375226
0.515485
0.584915
0.446376
0.665094
0.622941
0.648564
0.388962
0.473117
0.361942
0.271252
0.189999
0.171900
0.167020
0.171577
0.183314
0.204272
0.222823
0.231271
0.267577
0.255818
0.184045
0.200188
0.228842
0.218739
0.223554
0.176715
0.185378
0.132692
0.171577
0.217707
0.210398
0.171427
0.166913
0.126673
0.193911
0.245307
0.284429
0.357019
0.264954
0.224220
0.123277
0.055931
0.066228
0.130263
0.154940
0.196039
0.135314
0.167816
0.175038
0.220028
0.262633
0.266738
0.275057
0.255603
0.246726
0.289115
0.300873
0.345412
0.328753
0.351882
0.513357
0.542805
0.448956
0.387737
0.278647
0.296445
0.406373
0.497192
0.491539
0.374796
0.255947
0.174436
0.204165
0.294124
0.336341
0.383244
0.325056
0.240729
0.168633
0.162184
0.243888
0.323271
0.333138
0.191955
0.111755
0.077685
0.061907
0.075664
0.150877
0.291071
0.341134
0.310976
0.228089
0.129597
0.241524
0.302765
0.419894
0.391756
0.272714
0.206551
0.094559
0.097869
0.108144
0.157046
0.157089
0.141269
0.113539
0.164892
0.169578
0.182927
0.128199
0.106919
0.102319
0.082070
0.129833
0.122589
0.101115
0.046839
0.033684
0.027987
0.076825
0.103222
0.142064
0.151565
0.104683
0.062294
0.060295
0.114614
0.132971
0.115839
0.061047
0.053674
0.057952
0.055802
0.086949
0.100728
0.218416
0.217707
0.261278
0.297907
0.336921
0.400677
0.284751
0.153822
0.065110
0.115560
0.223145
0.216030
0.189870
0.115603
0.128543
0.235527
0.296638
0.261192
0.157992
0.137915
0.161969
0.160636
0.113110
0.103093
0.096343
0.126695
0.135121
0.146084
0.234774
0.245565
0.202638
0.035769
0.042045
0.127039
0.171341
0.163538
0.070441
0.098149
0.150512
0.186022
0.163538
0.155499
0.117258
0.118333
0.086498
0.083876
0.074052
0.112228
0.100642
0.088347
0.087487
0.089873
0.216310
0.210484
0.183658
0.143719
0.360867
0.380923
0.339479
0.049139
0.095397
0.158960
0.172136
0.222178
0.151350
0.187441
0.185829
0.230626
0.240793
0.190966
0.266674
0.322627
0.361641
0.263191
0.234172
0.165967
0.177618
0.117645
0.133401
0.159970
0.167945
0.157154
0.145826
0.086412
0.048429
0.074267
0.122009
0.212440
0.260440
0.255432
0.191461
0.193223
0.192729
0.177940
0.118763
0.036478
0.045657
0.101008
0.161152
0.196577
0.198662
0.155284
0.115603
0.054642
0.081425
0.183335
0.217320
0.264933
0.211258
0.194492
0.162420
0.141290
0.143676
0.168074
0.178048
0.128393
0.096021
0.072612
0.082715
0.151737
0.163366
0.164484
0.087293
0.087293
0.110186
0.106790
0.106919
0.062015
0.073945
0.046215
0.028159
0.000344
0.031298
0.072977
0.091635
0.096193
0.092882
0.107951
0.126824
0.100427
0.109928
0.086971
0.089916
0.069667
0.044281
0.095483
0.108918
0.164591
0.216396
0.235290
0.188924
0.135164
0.087465
0.063498
0.072333
0.050772
0.069560
0.072612
0.075492
0.122396
0.189397
0.200166
0.229357
0.284945
0.268780
0.259408
0.199156
0.240342
0.228197
0.163194
0.136561
0.079319
0.080587
0.113582
0.138474
0.149201
0.106424
0.077190
0.076374
0.098665
0.116183
0.163194
0.138947
0.110681
0.139141
0.153865
0.175511
0.216933
0.232582
0.223833
0.140108
0.130908
0.154574
0.137163
0.153801
0.075578
0.054900
0.066056
0.089249
0.077620
0.133057
0.151866
0.198619
0.188150
0.149587
0.103437
0.095806
0.101717
0.093914
0.073407
0.143504
0.161990
0.154596
0.074654
0.053094
0.052987
0.042991
0.052643
0.053846
0.075191
0.216525
0.245028
0.257022
0.092280
0.037574
0.020507
0.026869
0.056662
0.109778
0.168160
0.220179
0.173791
0.111454
0.089507
0.089335
0.114507
0.124115
0.109326
0.077298
0.098278
0.107327
0.094580
0.056490
0.087508
0.111153
0.100126
0.073773
0.073558
0.060359
0.055996
0.050450
0.113088
0.147459
0.114227
0.054900
0.081855
0.084370
0.112056
0.073773
0.080479
0.051761
0.053717
0.054685
0.056684
0.032996
0.024591
0.024268
0.051052
0.062337
0.047849
0.078588
0.075707
0.080716
0.063476
0.096794
0.106682
0.089615
0.098450
0.081189
0.074009
0.039874
0.061370
0.067023
0.078416
0.099395
0.086369
0.119623
0.117839
0.099546
0.166870
0.181530
0.196706
0.138582
0.127619
0.160228
0.157777
0.251756
0.356525
0.376022
0.276540
0.225273
0.203885
0.251799
0.292339
0.337072
0.265835
0.176564
0.101545
0.248854
0.436360
0.535540
0.432512
0.330709
0.468689
0.479394
0.412693
0.397646
0.465808
0.490464
0.491109
0.377440
0.336534
0.246489
0.265491
0.217191
0.267319
0.287008
0.398828
0.401580
0.445001
0.417508
0.336018
0.311857
0.608603
0.739490
0.697745
0.369917
0.252960
0.488787
0.570599
0.566193
0.452008
0.479716
0.461853
0.459682
0.469678
0.517613
0.497084
0.688760
0.707977
0.721992
0.568514
0.467657
0.506951
0.564817
0.455125
0.328280
0.251756
0.125147
0.129941
0.127855
0.178026
0.202982
0.207367
0.121213
0.078889
0.057737
0.086326
0.076804
0.100599
0.139764
0.143547
0.171513
0.143569
0.208765
0.167902
0.136798
0.131037
0.191482
0.219985
0.290770
0.279206
0.192880
0.189010
0.165430
0.323766
0.362372
0.303496
0.132047
0.084306
0.113260
0.146084
0.160744
0.356933
0.346530
0.313985
0.128436
0.152188
0.175662
0.406051
0.384942
0.377956
0.243523
0.119042
0.101975
0.056533
0.041766
0.067603
0.080845
0.099610
0.104404
0.094903
0.165000
0.154553
0.309364
0.402783
0.524298
0.604992
0.537174
0.425913
0.414499
0.389886
0.277765
0.183164
0.154102
0.240965
0.279464
0.349689
0.353731
0.301346
0.276648
0.443818
0.576983
0.593642
0.544246
0.420324
0.343069
0.269490
0.371873
0.458414
0.359685
0.222027
0.110702
0.097848
0.042819
0.040455
0.068463
0.115517
0.133229
0.113088
0.091335
0.085230
0.072612
0.084177
0.092517
0.128737
0.169772
0.207239
0.165774
0.127898
0.097246
0.101889
0.134175
0.196641
0.316113
0.340360
0.292554
0.220953
0.183529
0.152382
0.145224
0.153328
0.243394
0.275487
0.283655
0.251885
0.179230
0.166311
0.275809
0.273316
0.273789
0.321982
0.314028
0.318435
0.260870
0.172222
0.150899
0.107499
0.102921
0.161496
0.187140
0.105479
0.059263
0.052148
0.049332
0.049999
0.065798
0.043292
0.018185
0.002515
0.013972
0.023194
0.046645
0.062982
0.087981
0.137786
0.163323
0.243222
0.274455
0.278797
0.207518
0.181831
0.238687
0.297025
0.316307
0.192299
0.161840
0.187807
0.204186
0.185571
0.088433
0.103093
0.106360
0.142644
0.137185
0.105909
0.065475
0.112873
0.130865
0.103093
0.071537
0.055050
0.062488
0.046581
0.005374
0.070484
0.091356
0.108574
0.116957
0.108810
0.123449
0.099417
0.069968
0.073106
0.095935
0.106811
0.117774
0.268845
0.348636
0.365940
0.283677
0.282559
0.246575
0.176865
0.122288
0.115861
0.075879
0.165774
0.328968
0.370046
0.363898
0.195480
0.159067
0.110938
0.129145
0.164097
0.188559
0.449214
0.434145
0.407749
0.191246
0.074654
0.067840
0.133272
0.202402
0.209517
0.140172
0.108509
0.105457
0.088089
0.099417
0.058360
0.088454
0.077384
0.123621
0.227702
0.294252
0.255389
0.181057
0.172975
0.214418
0.227638
0.241395
0.188860
0.141333
0.074826
0.080630
0.115109
0.154145
0.148319
0.091464
0.058747
0.087422
0.180713
0.221984
0.268501
0.236558
0.220050
0.178306
0.166075
0.201005
0.227079
0.198898
0.120568
0.049031
0.048795
0.046645
0.028245
0.112250
0.137528
0.155843
0.098428
0.062380
0.085466
0.068270
0.061456
0.036542
0.048408
0.047290
0.071344
0.098622
0.118956
0.117194
0.067711
0.065819
0.061413
0.103909
0.128436
0.131037
0.161582
0.256076
0.330558
0.266330
0.275981
0.226821
0.203240
0.127898
0.100062
0.052901
0.062724
0.136454
0.196039
0.216460
0.137679
0.078459
0.118591
0.187076
0.183421
0.163538
0.215041
0.312029
0.312330
0.212698
0.139184
0.153736
0.107994
0.076030
0.046774
0.039186
0.060359
0.050257
0.088067
0.084671
0.070871
0.048043
0.072375
0.112422
0.121622
0.125083
0.092001
0.082887
0.075557
0.088927
0.106553
0.108187
0.171857
0.218631
0.246683
0.209560
0.211581
0.205583
0.152769
0.097568
0.068936
0.106145
0.197329
0.211968
0.153005
0.046946
0.080006
0.085402
0.105500
0.064917
0.070548
0.076460
0.131983
0.159475
0.150512
0.095182
0.087702
0.103480
0.185141
0.247865
0.197286
0.147997
0.103179
0.084585
0.119085
0.326109
0.355386
0.291780
0.122009
0.066142
0.081361
0.058124
0.032716
0.003934
0.026225
0.056039
0.100212
0.123019
0.168654
0.165473
0.115775
0.084628
0.036650
0.103007
0.153586
0.168332
0.151135
0.091077
0.068162
0.091485
0.092603
0.090281
0.044001
0.026869
0.045270
0.048838
0.087530
0.175017
0.162291
0.078308
0.009673
0.021023
0.061069
0.133874
0.135938
0.115603
0.059650
0.041916
0.051761
0.061219
0.075492
0.102770
0.183959
0.151522
0.159948
0.095161
0.162463
0.208765
0.187054
0.110938
0.085789
0.119300
0.107413
0.071215
0.038907
0.045291
0.047548
0.044646
0.046129
0.050042
0.050923
0.034393
0.027342
0.019045
0.023559
0.031341
0.037488
0.036327
0.012403
0.014273
0.020421
0.031749
0.022764
0.028912
0.025601
0.029685
0.036628
0.037811
0.064422
0.075987
0.082973
0.054642
0.031212
0.050321
0.073859
0.078545
0.040627
0.027643
0.030051
0.022785
0.056705
0.063412
0.052535
0.034995
0.050923
0.097461
0.093549
0.067475
0.043851
0.034823
0.043765
0.061864
0.118268
0.125362
0.100234
0.029062
0.021646
0.030825
0.035446
0.047226
0.080587
0.146944
0.142322
0.146750
0.094236
0.146041
0.097052
0.067603
0.086778
0.132885
0.193180
0.195523
0.151973
0.094602
0.082543
0.065970
0.029255
0.002837
0.019346
0.081748
0.095655
0.073773
0.026848
0.023301
0.050643
0.070376
0.064702
0.018830
0.041185
0.131553
0.179832
0.152059
0.076675
0.020550
0.031405
0.078416
0.148620
0.146686
0.143676
0.093828
0.061133
0.022635
0.013198
0.025795
0.044216
0.049827
0.049741
0.044775
0.015563
0.006449
0.032351
0.054384
0.067754
0.046301
0.047957
0.040154
0.039853
0.027944
0.026096
0.011522
0.010748
0.010748
0.002794
0.000000
0.000000
0.029621
0.043808
0.043722
0.038649
0.021839
0.027170
0.025666
0.048795
0.067625
0.082500
0.067711
0.054384
0.012209
0.036607
0.033619
0.040842
0.022076
0.010103
0.015047
0.015047
0.035317
0.045828
0.091593
0.078158
0.072784
0.039401
0.024677
0.031856
0.018830
0.036972
0.058618
0.089873
0.102878
0.070699
0.083489
0.088218
0.090604
0.078502
0.048236
0.047075
0.046817
0.043722
0.043894
0.043786
0.060402
0.051589
0.046602
0.017927
0.017196
0.007910
0.032050
0.074160
0.074160
0.022506
0.025451
0.116011
0.128973
0.114184
0.068055
0.019303
0.020786
0.057544
0.103737
0.108552
0.059779
0.042432
0.062939
0.082908
0.115109
0.096837
0.077878
0.139248
0.160228
0.138066
0.061284
0.012038
0.032587
0.053868
0.076116
0.076116
0.091678
0.067088
0.040584
0.033963
0.084349
0.132241
0.180670
0.115775
0.093850
0.057157
0.043980
0.039767
0.039767
0.018959
0.019346
0.026182
0.027708
0.053954
0.056576
0.078760
0.059887
0.058253
0.034436
0.026568
0.012682
0.072934
0.115603
0.123406
0.088820
0.079727
0.072827
0.063519
0.053158
0.052664
0.042970
0.031577
0.051589
0.072161
0.082156
0.088519
0.136368
0.125534
0.127340
0.098020
0.101588
0.064723
0.072848
0.141957
0.147739
0.130370
0.121342
0.103437
0.115109
0.136067
0.103179
0.098428
0.120268
0.136325
0.132477
0.084456
0.092087
0.133638
0.145869
0.135228
0.115130
0.130521
0.149738
0.215514
0.462649
