0.596887
0.646317
0.400368
0.308146
0.350740
0.395620
0.353400
0.276999
0.280210
0.246423
0.271325
0.237005
0.261258
0.292543
0.279678
0.317603
0.319928
0.276624
0.312323
0.244571
0.164761
0.079573
0.044682
0.051460
0.060187
0.063477
0.056148
0.051735
0.029276
0.037550
0.053863
0.064049
0.057311
0.053213
0.073072
0.113065
0.144646
0.184915
0.215886
0.276841
0.280624
0.260804
0.223530
0.245063
0.324892
0.342151
0.273906
0.232415
0.239094
0.299084
0.276309
0.181271
0.140647
0.197662
0.227549
0.308580
0.332596
0.385533
0.361379
0.360926
0.324774
0.277255
0.229952
0.144429
0.137436
0.131427
0.178867
0.228967
0.219609
0.262775
0.266065
0.342328
0.409292
0.471883
0.495800
0.417094
0.308205
0.215708
0.138302
0.164328
0.206331
0.269867
0.317977
0.350287
0.330586
0.402968
0.497179
0.535715
0.375367
0.391285
0.412090
0.533567
0.485378
0.442233
0.399698
0.282121
0.301172
0.257160
0.286219
0.240098
0.302354
0.267601
0.346820
0.344771
0.293390
0.236592
0.218486
0.273650
0.297547
0.300936
0.340634
0.411243
0.433584
0.447000
0.457659
0.433190
0.320440
0.293902
0.498913
0.600729
0.581323
0.523599
0.460574
0.484866
0.469007
0.429525
0.359626
0.285983
0.049903
0.149650
0.183142
0.203316
0.222820
0.318036
0.492155
0.589046
0.732648
0.731939
0.725142
0.545211
0.315140
0.312126
0.432796
0.523737
0.448202
0.320460
0.243645
0.212536
0.270025
0.323848
0.342604
0.358069
0.397235
0.473183
0.496805
0.384351
0.375190
0.368215
0.264646
0.253948
0.280821
0.281885
0.247112
0.105204
0.138519
0.238700
0.228140
0.162003
0.091295
0.131230
0.174592
0.223648
0.250776
0.252451
0.189289
0.196716
0.160289
0.160052
0.189407
0.237242
0.296109
0.360315
0.563178
0.595055
0.628645
0.347352
0.347332
0.331985
0.318529
0.430333
0.538847
0.636309
0.557012
0.520643
0.411400
0.412385
0.436362
0.385434
0.317800
0.290139
0.341441
0.319928
0.333935
0.276684
0.186826
0.224298
0.488333
0.688222
0.799455
0.681385
0.437445
0.351292
0.304620
0.242266
0.169588
0.176779
0.191968
0.194155
0.209148
0.388764
0.572004
0.578683
0.391029
0.387010
0.426629
0.453226
0.523697
0.387660
0.333640
0.269000
0.320814
0.375840
0.349322
0.350366
0.395994
0.474641
0.556224
0.533784
0.503641
0.449719
0.517826
0.409450
0.339964
0.514772
0.573896
0.617810
0.417646
0.287165
0.278220
0.309782
0.340378
0.515048
0.477163
0.526101
0.335295
0.292110
0.392152
0.415991
0.595094
0.575925
0.621730
0.556913
0.433860
0.394497
0.446153
0.489102
0.527204
0.375229
0.401550
0.370008
0.396999
0.357045
0.306511
0.325444
0.455846
0.542492
0.674746
0.694960
0.795771
0.844354
0.739130
0.556106
0.428718
0.537074
0.665368
0.634438
0.542315
0.470563
0.463057
0.592750
0.882495
0.919100
0.792106
0.611151
0.528504
0.588179
0.496194
0.639816
0.624114
0.678292
0.431949
0.380745
0.352376
0.375111
0.381888
0.398378
0.330074
0.316756
0.303379
0.275442
0.301960
0.350918
0.354878
0.439120
0.470011
0.562193
0.517826
0.445956
0.377061
0.235055
0.168425
0.292602
0.323297
0.351785
0.291873
0.369062
0.471331
0.499071
0.479488
0.579274
0.704987
0.898729
0.757215
0.623622
0.388626
0.398398
0.395639
0.331177
0.415203
0.351154
0.335905
0.255879
0.182335
0.298611
0.443375
0.494933
0.657094
0.733003
0.945559
0.851387
0.652937
0.477143
0.253732
0.249811
0.258243
0.316894
0.387345
0.416267
0.319021
0.316992
0.289805
0.352080
0.419537
0.461757
0.719625
0.908008
0.873630
0.701422
0.545743
0.529607
0.555180
0.554726
0.474838
0.425093
0.410652
0.365674
0.453443
0.555357
1.023122
1.225769
1.128504
0.722581
0.367742
0.328320
0.299379
0.246639
0.305763
0.371919
0.430018
0.339570
0.372786
0.363822
0.344653
0.358798
0.545841
0.669880
0.721142
0.657606
0.470267
0.371840
0.258381
0.272467
0.208517
0.152074
0.148547
0.258125
0.243310
0.260804
0.420719
0.523224
0.654533
0.560322
0.588750
0.538946
0.358030
0.245674
0.258342
0.378046
0.408780
0.407224
0.495012
0.554273
0.742006
0.660877
0.703865
0.965930
1.139359
1.304337
1.179195
1.203881
0.984331
0.591095
0.326764
0.323434
0.442706
0.895124
0.969673
0.854283
0.628448
0.692004
0.696890
0.626892
0.346229
0.300443
0.279678
0.350386
0.465973
0.561602
0.758831
0.672737
0.948218
1.137074
1.102223
0.973062
0.661507
0.574428
0.547023
0.524761
0.528780
0.586721
0.463549
0.473873
0.577265
0.509453
0.595626
0.631837
0.568340
0.422748
0.272980
0.171085
0.214467
0.317780
0.384094
0.419399
0.318686
0.440597
0.681326
0.733062
0.670195
0.400978
0.403106
0.508961
1.103582
1.199803
1.120643
0.462348
0.396940
0.446606
0.547437
0.770415
0.701225
0.591587
0.302866
0.403697
0.491505
0.625611
0.639757
0.674234
0.714759
0.886278
1.265486
1.211525
1.168635
0.725753
0.633374
0.592750
0.585382
0.559947
0.408957
0.338624
0.393866
0.366068
0.307634
0.216693
0.165155
0.163264
0.178985
0.238660
0.266734
0.310845
0.304167
0.333088
0.313584
0.305900
0.392704
0.551830
0.679258
0.776227
0.726541
0.564301
0.414769
0.340535
0.346899
0.315416
0.259583
0.173233
0.163815
0.200637
0.218841
0.200204
0.169667
0.188521
0.283303
0.575216
0.681425
0.610737
0.287105
0.202430
0.189131
0.214034
0.178237
0.212576
0.271955
0.329286
0.211039
0.103924
0.111903
0.234562
0.295183
0.381809
0.422177
0.404702
0.508389
0.705066
0.746439
0.644564
0.384823
0.473164
0.446528
0.451886
0.512448
0.973278
1.013548
0.980233
0.523067
0.377672
0.383070
0.399895
0.425329
0.397787
0.266892
0.506577
0.655478
0.774099
0.783339
0.678076
0.535557
0.918411
1.291492
1.242515
0.862459
0.422256
0.417547
0.383346
0.518535
0.726147
0.757668
0.595331
0.590346
0.955370
1.022847
0.840847
0.656365
0.822347
1.152224
1.081438
0.887204
0.412149
0.591193
0.644111
0.596789
0.295281
0.256391
0.279028
0.311338
0.356946
0.331492
0.280978
0.307004
0.281432
0.346800
0.420522
0.513334
0.629138
0.627916
0.624094
0.538118
0.386380
0.288800
0.184580
0.204301
0.341579
0.485162
0.484886
0.389473
0.309683
0.408425
0.515364
0.552343
0.606048
0.686764
0.845595
0.916263
1.053856
1.257744
1.312356
1.096844
0.825716
0.913623
0.822367
0.635147
0.330290
0.182709
0.243290
0.277314
0.379740
0.373239
0.428363
0.414277
0.422788
0.471883
0.740804
0.828317
0.910510
0.833754
0.952395
1.094322
0.946800
0.907693
0.780699
0.932595
1.243086
1.244918
1.296536
1.044025
0.719980
0.684538
0.985316
1.213593
1.265289
1.013488
1.029860
1.162252
1.154175
1.009726
0.931354
0.808931
0.812694
0.836060
0.745572
0.573482
0.439770
0.394910
0.698821
0.924991
1.260009
1.180830
1.117964
1.366022
1.289167
1.244071
1.008110
0.942978
1.130100
1.385565
1.356979
1.123736
0.622105
0.498302
0.385020
0.318273
0.345165
0.338348
0.624942
1.059136
1.458184
1.480840
1.057068
0.793426
0.796815
0.711095
0.621671
0.292602
0.341303
0.491604
0.597616
0.588041
0.453384
0.326409
0.280210
0.289765
0.332556
0.350051
0.395600
0.363093
0.378677
0.516880
0.894868
0.992349
0.953183
0.675101
0.736115
0.676362
0.565306
0.437327
0.440341
0.349145
0.379839
0.748606
1.212372
1.411965
1.145506
0.778394
0.856076
1.186347
1.317163
1.258079
1.062052
1.042331
1.142630
0.847683
0.830326
0.714759
0.688182
0.647125
0.865710
0.967269
0.923434
0.919002
0.789210
0.802508
0.966481
0.940712
1.120683
0.871797
1.058013
1.153820
1.308455
1.280597
1.328432
1.363933
1.550976
1.222597
1.163690
1.226025
1.257133
1.268067
1.057087
0.747857
0.402042
0.198903
0.145119
0.078903
0.123999
0.323553
0.499583
0.751009
0.929542
0.914391
0.757038
0.777645
0.906550
0.815019
0.624902
0.542374
0.504232
0.687178
0.783063
0.820929
0.801582
0.760840
0.790097
0.757885
0.577974
0.505907
0.381139
0.417252
0.455787
0.521313
0.664364
0.866202
0.905447
0.700141
0.617967
0.716591
0.846816
0.886475
0.661940
0.433328
0.322548
0.261395
0.444420
0.634635
0.862006
1.294191
1.673144
1.674523
1.459543
1.072159
1.415570
1.498768
1.349118
0.831095
0.536109
0.532799
0.662728
0.757373
0.628626
0.532504
0.530494
0.669821
0.901330
1.200394
1.233255
1.066839
0.825303
0.769883
0.725969
0.535478
0.440302
0.494480
0.618204
0.798411
0.864311
0.766633
0.681070
0.479310
0.372924
0.329443
0.461540
0.543694
0.664699
0.869473
1.114319
1.196355
1.063825
0.959231
1.060220
0.887283
0.702604
0.655163
0.884603
1.183589
1.437557
1.401976
1.519120
0.861553
0.897547
0.798371
0.878476
0.843743
0.773173
0.661310
0.733535
0.802311
0.747700
0.570428
0.515186
0.479823
0.698053
0.915022
1.129095
1.451623
1.931643
2.013600
1.811840
0.911377
0.942426
0.812635
0.928734
0.951252
0.810093
0.759579
0.650533
0.720650
0.676204
0.695472
0.929148
1.231443
1.086009
1.382334
1.352723
1.491893
1.294250
1.019162
0.943510
0.702229
0.476158
0.281333
0.198805
0.319731
0.524938
0.701362
0.870458
1.058368
0.864646
0.580180
0.309722
0.421704
0.547476
0.498952
0.350977
0.305447
0.605063
0.808399
0.847348
0.676480
0.505769
0.406377
0.445739
0.498598
0.650652
1.074405
1.596112
1.636519
1.320059
0.654671
0.426334
0.381947
0.364728
0.600965
0.984272
1.188238
1.233157
1.132208
1.309656
1.426544
1.268777
1.472053
1.609390
1.978453
1.462045
1.344252
0.600197
0.518654
0.671417
1.108763
1.286389
1.284459
0.799790
0.566902
0.389197
0.354681
0.453127
0.454605
0.484807
0.503602
0.611643
0.666235
0.638378
0.538887
0.567355
0.622814
1.161504
2.107732
2.186419
1.632342
0.637531
0.500430
0.489516
0.531026
0.790018
1.357984
1.622531
1.459346
1.367460
1.245174
1.291433
1.261822
0.983011
1.004820
0.974618
0.881077
0.753945
0.532799
0.438095
0.291794
0.278457
0.312343
0.383444
0.352139
0.383247
0.462525
0.595094
0.574211
0.402121
0.210369
0.293233
0.471903
0.749295
0.771459
0.580043
0.520939
0.575551
0.629276
0.642751
1.067529
1.320315
1.404872
1.109689
0.761254
0.597183
0.628212
0.617889
0.573344
0.440519
0.433682
0.393433
0.556224
0.681878
0.783516
0.619228
0.573127
0.641215
0.909624
1.064357
1.281109
1.329279
1.295393
1.460095
1.650664
1.674818
1.482318
1.211111
1.294506
1.227246
1.027378
0.984370
1.383181
1.932707
2.237228
1.704508
1.156913
0.678411
0.873452
0.922134
0.854697
0.642318
0.569305
0.619878
0.583214
0.566941
0.422059
0.248058
0.375505
0.784994
1.090717
1.344271
1.258079
1.194799
0.877629
0.894887
1.059668
1.263457
1.281503
1.186662
1.061953
0.908264
0.954089
1.349177
1.539924
1.553616
1.262649
0.974145
1.207998
1.613350
1.944173
2.134565
1.707660
1.235068
1.050211
0.981395
0.804360
0.655616
0.454388
0.429565
0.618420
0.653193
0.896562
0.772326
0.855761
1.146550
1.329456
1.138433
0.658040
0.396861
0.366225
0.374677
0.424147
0.589952
0.704436
0.699235
0.775459
0.656542
0.718168
0.549072
0.423477
0.285628
0.412858
0.490047
0.558056
0.510458
0.577540
0.899340
0.883224
0.716493
0.482108
0.583668
0.821599
0.936023
1.056575
1.140108
1.204629
1.483973
1.493528
1.296654
0.937481
0.575413
0.667772
0.764288
0.714385
0.610422
0.386262
0.508271
1.077340
1.403808
1.720879
1.957668
2.186438
1.799271
1.109295
0.580358
0.679553
1.181579
1.242751
1.187351
0.710760
0.804439
1.094776
1.238713
1.090697
0.965083
0.919356
0.997806
1.118003
1.151377
1.492168
1.567565
1.417166
1.141842
0.942958
0.735406
0.530435
0.447651
0.519343
0.755442
1.203802
1.537442
1.299786
0.910786
0.445818
0.260804
0.321563
0.383050
0.480532
0.664206
1.314129
1.828862
1.553912
1.013134
0.670294
0.675120
0.719389
0.714917
0.793525
0.865198
0.789052
1.347108
1.741960
1.859556
1.427824
1.269525
1.085871
0.809226
0.678214
0.772838
0.999560
1.199507
1.342144
1.422170
1.147772
0.969909
0.997629
1.193971
1.173955
0.756644
0.651243
0.485418
0.362009
0.345362
0.326232
0.358207
0.353439
0.448675
0.593794
0.547279
0.481694
0.403323
0.451591
0.460338
0.510655
0.458230
0.564794
0.732510
0.638161
0.761195
0.758929
0.847585
1.281425
1.259832
1.234102
1.063392
0.743956
0.680026
0.524938
0.618775
0.746715
0.897015
1.179491
1.553538
1.712526
1.593827
1.251420
1.105749
0.892740
0.740095
0.858164
0.935866
0.955153
0.961517
0.873216
0.642929
0.681385
0.994201
0.894178
0.804281
1.070878
1.248208
1.427923
0.980686
1.000151
1.632323
1.946163
2.268848
1.530842
1.457632
1.429125
1.289719
1.237570
0.739208
0.795239
0.755423
0.879402
1.147338
1.441063
1.271988
1.312493
0.805404
0.928182
0.900975
1.178978
1.244643
1.303707
1.261999
1.529995
1.417383
1.192099
0.898453
0.690783
0.492333
0.578466
0.671850
1.109157
1.511239
1.637071
1.226852
0.991994
0.958818
0.806508
0.884544
1.018433
1.422387
1.435527
1.315724
1.064061
1.450658
2.070123
2.663109
2.256220
1.702124
0.799731
0.577225
1.050921
1.200118
1.152205
1.088452
0.952553
