0.063810
0.226356
0.485083
0.734647
1.085948
1.052578
1.170454
1.099505
1.255262
2.046463
2.154177
1.991397
1.631887
1.415228
1.577775
1.355581
1.160501
1.090460
0.966863
1.298189
1.562590
1.750181
1.471805
1.746926
2.004071
2.158293
2.024604
2.045975
1.795620
1.924495
1.782807
2.204243
2.287749
1.908077
1.998792
1.975515
2.202173
1.988374
1.826292
1.894962
2.253588
2.233683
2.002024
1.241728
0.958399
1.772226
1.984537
2.203080
1.892939
1.756646
1.523685
1.459248
1.343698
1.187732
1.210870
1.358929
1.581170
1.520779
1.500315
1.584565
1.711207
1.727509
1.870708
1.938331
1.722300
1.698976
1.486455
1.391090
1.517849
1.375765
1.385416
1.254192
1.199801
1.189034
0.957445
0.621166
0.449341
0.465759
0.406135
0.571402
0.909844
1.021906
1.129271
0.897775
1.029789
1.442947
1.409182
1.196266
0.729298
0.546892
0.359905
0.559729
0.883567
1.238380
1.409577
1.205266
1.129015
1.015627
0.931610
0.789015
0.852569
0.773319
0.714672
0.556566
0.508825
0.588913
0.809107
1.170105
1.179407
1.165222
0.639188
0.492338
0.547427
0.479292
0.591610
0.514290
0.499059
0.400205
0.316211
0.315257
0.228170
0.235728
0.234565
0.293817
0.347371
0.486687
0.608423
1.073693
1.213753
1.367045
1.314049
1.254750
0.993141
0.950934
0.952120
0.790341
0.651839
0.721834
0.822920
0.897984
0.761040
0.765482
0.631282
0.555985
0.487571
0.520615
0.622794
0.737437
0.822036
1.103389
1.100529
1.084646
0.764226
0.859941
0.906495
0.839802
0.653862
0.528894
0.568263
0.508383
0.447643
0.605144
0.651141
0.636305
0.526778
0.433342
0.397577
0.368486
0.414762
0.433365
0.473084
0.490966
0.551729
0.557194
0.646118
0.574077
0.522499
0.505756
0.507663
0.551985
0.826757
1.060903
1.179453
1.360069
1.345651
1.281656
1.047416
0.655908
0.567240
0.690092
0.812130
0.937842
0.797480
0.729159
0.623701
0.606563
0.438109
0.345999
0.217497
0.261633
0.315839
0.333093
0.395182
0.330698
0.449341
0.625864
0.859848
1.014046
0.933563
0.785876
0.584611
0.597726
0.414785
0.360580
0.401740
0.403019
0.663094
0.600005
0.598540
0.469386
0.503663
0.633259
0.649816
0.631491
0.439249
0.401298
0.512406
0.586959
0.592866
0.469037
0.440853
0.360998
0.388578
0.400251
0.351557
0.369370
0.370928
0.395624
0.433110
0.566542
0.785388
0.892310
0.684046
0.480990
0.439644
0.380346
0.407925
0.473130
0.726089
0.781272
0.747925
0.525778
0.329745
0.319094
0.394787
0.409809
0.552566
0.688162
0.893101
0.954074
0.884334
0.753483
0.639630
0.733321
0.692720
0.649606
0.503686
0.367184
0.465642
0.615678
0.573681
0.516895
0.408762
0.454527
0.500617
0.555194
0.521731
0.430575
0.418204
0.407553
0.361719
0.246657
0.137642
0.231589
0.406251
0.631096
0.629305
0.488920
0.411716
0.479920
0.384880
0.371602
0.314397
0.543195
0.622166
0.502895
0.326024
0.258959
0.403205
0.394205
0.319164
0.266749
0.228124
0.267958
0.203102
0.221194
0.238844
0.911239
0.931680
0.854894
0.500128
0.496756
0.486385
0.481083
0.618957
0.633700
0.687650
0.523243
0.455317
0.302770
0.290119
0.475409
0.647327
0.598935
0.372021
0.265005
0.411739
0.672256
0.615283
0.575216
0.508686
0.504802
0.452713
0.398414
0.428994
0.632793
0.571286
0.586494
0.680813
0.711486
0.578007
0.441063
0.485780
0.340814
0.255610
0.195080
0.177244
0.186406
0.197033
0.203753
0.218217
0.254541
0.268284
0.287352
0.228263
0.216892
0.223380
0.256657
0.237518
0.215287
0.201707
0.168081
0.165082
0.199893
0.241425
0.208265
0.187034
0.154175
0.169523
0.239007
0.266935
0.346883
0.350115
0.278423
0.195824
0.098737
0.054694
0.100598
0.153780
0.194707
0.183313
0.158477
0.172918
0.215427
0.241611
0.307909
0.282353
0.305863
0.259540
0.265424
0.337767
0.347999
0.388252
0.322327
0.455759
0.587145
0.561008
0.454992
0.353929
0.306793
0.364742
0.473874
0.559589
0.487199
0.347976
0.240588
0.184173
0.267912
0.324303
0.395368
0.406600
0.314257
0.214776
0.170174
0.193242
0.330466
0.354115
0.329187
0.142781
0.106481
0.074739
0.061391
0.124154
0.207683
0.346906
0.371184
0.304537
0.188615
0.170942
0.307002
0.372486
0.456806
0.367509
0.273051
0.168640
0.102784
0.098598
0.140455
0.183987
0.152455
0.152896
0.121596
0.202126
0.178383
0.191824
0.102900
0.128945
0.095528
0.109295
0.140223
0.135595
0.073111
0.045950
0.035858
0.043997
0.098458
0.114178
0.183080
0.135735
0.103597
0.050229
0.083948
0.141851
0.142641
0.099551
0.058670
0.062182
0.056182
0.082692
0.088482
0.167407
0.237332
0.241495
0.307537
0.323838
0.416483
0.394717
0.247541
0.122712
0.056229
0.193242
0.243076
0.230031
0.180615
0.101179
0.193010
0.290701
0.315932
0.230147
0.161407
0.153710
0.176197
0.156733
0.110155
0.109434
0.110783
0.150036
0.151571
0.179476
0.280957
0.256959
0.144385
0.012953
0.092808
0.156059
0.195335
0.133293
0.084273
0.116480
0.194126
0.185080
0.188173
0.136851
0.136246
0.106993
0.100412
0.073669
0.099528
0.120131
0.105528
0.094273
0.091854
0.155664
0.231844
0.215613
0.184359
0.214869
0.434737
0.399670
0.239402
0.046253
0.148734
0.178011
0.213683
0.209125
0.166477
0.216938
0.200800
0.275586
0.217078
0.242262
0.311630
0.378672
0.352766
0.272632
0.218892
0.187615
0.176034
0.110039
0.161849
0.180313
0.180871
0.168221
0.134293
0.070321
0.065065
0.083134
0.179522
0.253913
0.285120
0.247192
0.196149
0.224915
0.194661
0.179360
0.085552
0.034602
0.068623
0.144269
0.175523
0.236751
0.189499
0.156222
0.092831
0.060182
0.126270
0.224147
0.251099
0.268609
0.220775
0.212660
0.159501
0.147734
0.163431
0.191661
0.169616
0.128247
0.089645
0.078669
0.113736
0.175406
0.183243
0.148757
0.084715
0.103295
0.123782
0.119968
0.090877
0.075227
0.066507
0.041625
0.016092
0.006837
0.049834
0.095528
0.100714
0.110550
0.089575
0.131712
0.129596
0.111690
0.109899
0.094180
0.099714
0.052461
0.062368
0.121271
0.128340
0.211799
0.247425
0.236146
0.171570
0.133874
0.078390
0.069716
0.074669
0.056647
0.083180
0.070111
0.096086
0.175337
0.203358
0.223682
0.284376
0.295584
0.296328
0.241937
0.245146
0.247820
0.227775
0.169802
0.108574
0.090203
0.101109
0.121945
0.165151
0.144850
0.100993
0.079762
0.085575
0.119085
0.144734
0.179895
0.123550
0.137525
0.152896
0.175802
0.215683
0.234426
0.263517
0.195405
0.157547
0.145339
0.152920
0.162012
0.133154
0.063577
0.071344
0.076158
0.098412
0.098830
0.158408
0.168337
0.227426
0.190731
0.138200
0.112248
0.095807
0.116620
0.081948
0.104156
0.174593
0.170732
0.146129
0.057368
0.058856
0.053624
0.045974
0.061345
0.060996
0.126480
0.262726
0.280678
0.209753
0.068809
0.029579
0.029068
0.031207
0.088622
0.145641
0.210381
0.216706
0.177964
0.096831
0.089947
0.114387
0.120178
0.142688
0.096412
0.089319
0.110202
0.112574
0.092319
0.060066
0.109690
0.120248
0.100156
0.074832
0.075437
0.062786
0.055461
0.073204
0.144874
0.163942
0.074274
0.078018
0.089459
0.105411
0.102830
0.084529
0.074576
0.059531
0.053113
0.063972
0.053136
0.026231
0.025952
0.032765
0.066856
0.063065
0.065391
0.081343
0.083413
0.081622
0.081994
0.108411
0.109179
0.101040
0.099993
0.085855
0.063321
0.041858
0.076111
0.076739
0.102063
0.098203
0.090273
0.145734
0.121759
0.119015
0.205474
0.196707
0.196777
0.130944
0.162268
0.169012
0.180871
0.343744
0.404902
0.382857
0.266121
0.216218
0.237425
0.296677
0.329489
0.359859
0.242658
0.154617
0.108016
0.383578
0.538335
0.551822
0.390206
0.440295
0.497780
0.525754
0.404112
0.457201
0.533405
0.523057
0.498175
0.376718
0.320885
0.272423
0.274748
0.253959
0.290957
0.353441
0.429668
0.469549
0.473735
0.407832
0.353371
0.430900
0.753297
0.798596
0.640467
0.302258
0.360091
0.580704
0.621585
0.575332
0.485246
0.510941
0.486501
0.503733
0.530103
0.556566
0.554055
0.819897
0.765342
0.754622
0.531080
0.527219
0.570379
0.604958
0.430528
0.300003
0.209148
0.145734
0.125270
0.168314
0.194777
0.242588
0.190591
0.107318
0.058275
0.086041
0.087134
0.082785
0.138595
0.141246
0.177127
0.172174
0.185708
0.211916
0.169732
0.126759
0.166616
0.225147
0.272097
0.322187
0.264865
0.207148
0.168640
0.229286
0.408995
0.370719
0.267702
0.097063
0.095412
0.146176
0.152362
0.274214
0.365742
0.390531
0.242611
0.143688
0.174802
0.280492
0.446271
0.412065
0.377020
0.186010
0.116411
0.107504
0.035463
0.055554
0.078715
0.095366
0.108551
0.122503
0.106365
0.193568
0.217659
0.377741
0.473897
0.629608
0.645095
0.507663
0.471921
0.428110
0.399879
0.241565
0.173988
0.180708
0.305863
0.324629
0.378392
0.383694
0.274144
0.391554
0.534428
0.636468
0.648118
0.516360
0.423831
0.324373
0.308886
0.477502
0.473130
0.319652
0.179150
0.116271
0.085180
0.033974
0.054926
0.092203
0.136363
0.145757
0.106644
0.096365
0.087436
0.088389
0.089017
0.106993
0.157896
0.206614
0.221520
0.146013
0.130921
0.100621
0.116225
0.163803
0.272632
0.368672
0.358347
0.279655
0.215264
0.189987
0.151315
0.166756
0.177476
0.300468
0.303467
0.290143
0.249680
0.167105
0.250657
0.280585
0.305328
0.316513
0.341279
0.358045
0.330582
0.214729
0.188057
0.144409
0.110760
0.122666
0.193010
0.186685
0.076739
0.064693
0.049904
0.053740
0.066554
0.060531
0.040602
0.005581
0.008767
0.017394
0.032928
0.061275
0.074995
0.121713
0.157291
0.191126
0.292887
0.313443
0.270772
0.205730
0.217055
0.275586
0.350022
0.303537
0.166175
0.179081
0.223264
0.216101
0.165896
0.086227
0.111806
0.135037
0.150036
0.148943
0.083669
0.077204
0.149315
0.132898
0.101272
0.054880
0.068298
0.065833
0.027347
0.020440
0.098830
0.099993
0.136014
0.115225
0.122340
0.130619
0.090133
0.075553
0.087878
0.100249
0.131782
0.159687
0.356510
0.367021
0.402716
0.282120
0.295654
0.255168
0.143502
0.124317
0.108597
0.091389
0.268609
0.389113
0.413809
0.319955
0.180406
0.155943
0.113783
0.162919
0.181848
0.324140
0.485246
0.454224
0.381067
0.120154
0.083459
0.084436
0.187080
0.225798
0.206590
0.124363
0.115108
0.104551
0.106225
0.082157
0.078018
0.095040
0.079064
0.190196
0.285097
0.311769
0.235798
0.185197
0.209451
0.236728
0.246681
0.255913
0.180290
0.118992
0.082343
0.096528
0.143595
0.173639
0.141851
0.073460
0.069088
0.128805
0.223636
0.262656
0.285910
0.245867
0.220752
0.190336
0.178988
0.238100
0.235914
0.188429
0.092738
0.046276
0.052694
0.041160
0.064275
0.134688
0.152873
0.158245
0.076018
0.085134
0.078041
0.082227
0.048811
0.048043
0.048508
0.055624
0.090389
0.120178
0.130084
0.112736
0.062647
0.073344
0.068484
0.141083
0.127945
0.154873
0.206939
0.326977
0.351325
0.267098
0.288189
0.221659
0.201195
0.120085
0.090877
0.042834
0.098272
0.182406
0.228217
0.209241
0.113248
0.089389
0.163082
0.209939
0.188196
0.175523
0.293073
0.347046
0.305002
0.183894
0.154501
0.157826
0.093017
0.067972
0.049043
0.052113
0.060926
0.061554
0.102970
0.082529
0.073181
0.043648
0.110806
0.119759
0.146222
0.112992
0.098830
0.084506
0.082855
0.107504
0.118131
0.122945
0.222729
0.239937
0.260889
0.230403
0.227240
0.199498
0.145292
0.085459
0.082297
0.162431
0.221124
0.220241
0.103109
0.060740
0.094063
0.098947
0.101644
0.068181
0.072042
0.112318
0.147594
0.192243
0.126828
0.101574
0.079274
0.166384
0.226496
0.261168
0.182336
0.142013
0.098133
0.102481
0.197824
0.393531
0.366417
0.227380
0.104342
0.083831
0.080669
0.055810
0.014115
0.014325
0.036951
0.074297
0.123410
0.151920
0.191010
0.158733
0.111760
0.067693
0.045695
0.153292
0.173593
0.171872
0.145316
0.082762
0.073669
0.111318
0.097668
0.088878
0.028951
0.031998
0.057205
0.041695
0.164896
0.177709
0.164733
0.029510
0.015069
0.030719
0.101714
0.151571
0.149152
0.098226
0.046904
0.046183
0.063949
0.077297
0.073041
0.163431
0.184266
0.175011
0.133874
0.135619
0.191219
0.232635
0.167826
0.091087
0.115504
0.127014
0.100295
0.063833
0.040904
0.048648
0.048369
0.050206
0.054461
0.051996
0.049787
0.036742
0.023905
0.019929
0.032300
0.035300
0.040090
0.035509
0.004744
0.020929
0.022091
0.036184
0.023254
0.034323
0.023743
0.039532
0.041020
0.048532
0.078646
0.085157
0.081087
0.040462
0.047694
0.062856
0.082204
0.072483
0.037718
0.022975
0.033393
0.035532
0.068600
0.067716
0.046880
0.040323
0.070297
0.113062
0.095505
0.055392
0.042788
0.041765
0.048834
0.091622
0.139525
0.129782
0.075530
0.023673
0.023882
0.035207
0.047183
0.058996
0.126387
0.152431
0.167919
0.120875
0.129479
0.141641
0.081622
0.086343
0.103644
0.166663
0.232891
0.187034
0.155222
0.078506
0.084645
0.056508
0.015348
0.010046
0.041020
0.101365
0.103481
0.056298
0.018999
0.035044
0.067600
0.075878
0.053857
0.011418
0.088250
0.167756
0.197800
0.131154
0.052624
0.012836
0.062112
0.111295
0.176709
0.143571
0.139386
0.090924
0.042648
0.024952
0.015208
0.027905
0.062507
0.047694
0.056973
0.033556
0.011720
0.011162
0.047857
0.066949
0.072832
0.045392
0.049787
0.045067
0.032881
0.028928
0.022603
0.011953
0.011627
0.009999
0.000419
0.000419
0.004790
0.046043
0.047671
0.046090
0.032788
0.026882
0.023440
0.040230
0.056973
0.090808
0.078111
0.073251
0.036370
0.023580
0.036346
0.040090
0.037858
0.015325
0.014650
0.016278
0.020766
0.045346
0.063554
0.107667
0.072925
0.076948
0.025580
0.034137
0.024231
0.031068
0.043323
0.077599
0.107434
0.099923
0.079715
0.093621
0.090691
0.096993
0.074320
0.045671
0.057903
0.042834
0.050462
0.045160
0.060391
0.056508
0.055810
0.036323
0.018603
0.018603
0.001116
0.066763
0.080227
0.064809
0.009488
0.067507
0.139525
0.139525
0.102481
0.047880
0.019766
0.026510
0.093575
0.115945
0.111574
0.038718
0.057601
0.074553
0.101365
0.123247
0.089622
0.100970
0.173383
0.175383
0.118782
0.033858
0.017627
0.039393
0.073623
0.076762
0.100830
0.087227
0.063251
0.041765
0.041067
0.112504
0.179057
0.167361
0.116271
0.081692
0.057903
0.043392
0.043020
0.040137
0.014557
0.021208
0.034091
0.035253
0.063135
0.073483
0.074972
0.065437
0.052880
0.033719
0.020371
0.033695
0.101807
0.134735
0.122247
0.088692
0.078855
0.077088
0.062042
0.057043
0.056368
0.034393
0.046392
0.055810
0.093412
0.081390
0.123805
0.145571
0.133944
0.125666
0.106504
0.105481
0.053531
0.118271
0.152292
0.163989
0.134712
0.119503
0.111341
0.143130
0.127666
0.113132
0.109248
0.136130
0.156710
0.117085
0.088761
0.115945
0.153268
0.159477
0.135409
0.127131
0.143641
0.185197
0.282353
0.630049
0.767435
0.736065
0.594680
0.599563
0.484780
0.396903
0.303072
0.362859
0.340697
0.333326
0.907705
1.366603
