0.063465
0.069941
0.077065
0.057205
0.045332
0.076201
0.073827
0.070589
0.047922
0.011009
0.014679
0.019428
0.037129
0.043605
0.032380
0.060875
0.092391
0.099299
0.148948
0.145926
0.178738
0.163627
0.193633
0.192122
0.203994
0.168376
0.129520
0.143336
0.110524
0.048138
0.026120
0.012736
0.061306
0.093686
0.117863
0.142688
0.134917
0.162332
0.181328
0.267675
0.249542
0.301998
0.319483
0.362225
0.312144
0.233136
0.142256
0.192122
0.223422
0.226445
0.303509
0.308474
0.251269
0.246736
0.324880
0.307611
0.345387
0.344524
0.298544
0.322290
0.403671
0.241555
0.225149
0.225581
0.144199
0.077712
0.074690
0.038856
0.054830
0.061306
0.053751
0.055046
0.095845
0.096708
0.125851
0.140745
0.123260
0.089153
0.053535
0.040367
0.034970
0.026768
0.037993
0.043173
0.058716
0.044684
0.028710
0.039288
0.047922
0.053535
0.161900
0.196871
0.190827
0.196007
0.202052
0.135133
0.128009
0.129520
0.200541
0.220400
0.187804
0.190395
0.115489
0.107934
0.268107
0.262063
0.214572
0.259041
0.210686
0.184782
0.203131
0.173125
0.215435
0.207448
0.187157
0.156720
0.081166
0.063033
0.047491
0.027199
0.073179
0.118295
0.236374
0.291852
0.303077
0.302430
0.279980
0.263358
0.268970
0.219537
0.201404
0.225365
0.230546
0.313223
0.301782
0.296170
0.280627
0.419646
0.497790
0.722723
1.010258
0.935352
0.917435
0.833463
0.601406
0.570105
0.474692
0.390072
0.288614
0.175500
0.079439
0.065408
0.045980
0.063681
0.115057
0.183055
0.166434
0.170319
0.205721
0.232273
0.224286
0.244362
0.227740
0.224502
0.196439
0.219537
0.300919
0.307826
0.240260
0.223422
0.162764
0.144847
0.134917
0.095197
0.085699
0.087642
0.094982
0.137291
0.141825
0.161684
0.205290
0.229898
0.335026
0.453537
0.373018
0.380790
0.407341
0.244577
0.175500
0.170319
0.107286
0.109229
0.109013
0.132111
0.157799
0.184350
0.151539
0.143120
0.161684
0.152834
0.194496
0.222775
0.195791
0.211550
0.186077
0.168808
0.187373
0.203779
0.175284
0.141825
0.153266
0.161253
0.191474
0.244362
0.247168
0.344956
0.319483
0.330277
0.312576
0.292716
0.344956
0.308258
0.223207
0.206153
0.141177
0.149380
0.122828
0.106854
0.059363
0.040367
0.051376
0.100594
0.124987
0.130600
0.124124
0.123044
0.166002
0.135996
0.076417
0.079871
0.082029
0.097140
0.109229
0.098867
0.083972
0.148732
0.171614
0.239828
0.241987
0.302646
0.301566
0.325312
0.327470
0.350352
0.457854
0.463467
0.391151
0.376256
0.272208
0.312360
0.232273
0.311280
0.281059
0.271993
0.256450
0.217810
0.194496
0.224934
0.400649
0.437994
0.362873
0.448788
0.537293
0.468432
0.352511
0.326607
0.294011
0.256018
0.274799
0.295090
0.246088
0.243066
0.207880
0.148948
0.164922
0.122828
0.106207
0.089369
0.082029
0.119159
0.209823
0.266380
0.337400
0.348625
0.238965
0.198166
0.213493
0.182192
0.173989
0.151755
0.139450
0.119590
0.103184
0.058068
0.064544
0.075769
0.056989
0.064760
0.087858
0.182624
0.187373
0.166218
0.154777
0.158015
0.124771
0.120670
0.150459
0.153697
0.112898
0.138803
0.135133
0.141177
0.165786
0.166865
0.191906
0.204426
0.216299
0.169456
0.247168
0.239181
0.210255
0.212413
0.156935
0.123044
0.084404
0.066919
0.112251
0.191906
0.200109
0.213708
0.251917
0.293148
0.411011
0.386402
0.448356
0.695308
0.666813
0.719917
0.603780
0.406478
0.262063
0.242850
0.175932
0.159742
0.144199
0.126714
0.195144
0.170967
0.246736
0.185646
0.170103
0.076417
0.108365
0.132542
0.194065
0.184782
0.198166
0.233352
0.277821
0.262926
0.224718
0.191258
0.158878
0.139882
0.111387
0.117863
0.129089
0.114194
0.085052
0.125851
0.174421
0.254076
0.278037
0.235727
0.214572
0.200109
0.185862
0.171614
0.099731
0.102969
0.160821
0.165570
0.154777
0.204426
0.142256
0.143552
0.127793
0.124339
0.130168
0.102969
0.122181
0.098651
0.083972
0.066919
0.040151
0.060659
0.108365
0.148085
0.200109
0.205937
0.205290
0.218889
0.175284
0.105775
0.086779
0.133838
0.346467
0.419861
0.420077
0.314734
0.248895
0.343229
0.422236
0.400649
0.416839
0.416408
0.434756
0.337400
0.255155
0.152186
0.161037
0.158231
0.117648
0.122397
0.130600
0.099731
0.131895
0.161900
0.144199
0.148085
0.211981
0.234216
0.209391
0.149380
0.129089
0.105343
0.055046
0.060659
0.050513
0.037345
0.039720
0.043173
0.034755
0.027415
0.031517
0.043605
0.043173
0.073611
0.077928
0.073827
0.079439
0.053751
0.047491
0.053967
0.044900
0.032812
0.021587
0.012089
0.000432
0.000432
0.010793
0.010793
0.010793
0.012089
0.027847
0.046196
0.053751
0.074690
0.098004
0.086563
0.044253
0.028710
0.011225
0.000432
0.000432
0.006908
0.015974
0.021587
0.021371
0.000432
0.000432
0.008203
0.020076
0.022666
0.040799
0.028710
0.037777
0.030221
0.017054
0.021587
0.021587
0.004965
0.000432
0.005613
0.010793
0.010793
0.010146
0.000432
0.000432
0.010577
0.022882
0.035402
0.056341
0.053967
0.052456
0.047059
0.030006
0.032380
0.024609
0.029574
0.030437
0.022234
0.021587
0.020076
0.040583
0.045764
0.082893
0.095197
0.105991
0.091096
0.104048
0.120022
0.101242
0.097788
0.096061
0.086347
0.088290
0.122181
0.106854
0.122181
0.123260
0.126066
0.088506
0.097788
0.147437
0.145063
0.138587
0.142688
0.154129
0.137076
0.117648
0.075553
0.089153
0.081382
0.043173
0.035186
0.055694
0.047059
0.044900
0.038640
0.021587
0.013815
0.009930
0.014247
0.021587
0.021587
0.050081
0.134485
0.140745
0.109445
0.102969
0.107718
0.093902
0.077280
0.064328
0.040151
0.032380
0.033028
0.012520
0.007124
0.017054
0.016622
0.010793
0.011873
0.010793
0.006908
0.003238
0.012304
0.021155
0.010793
0.010793
0.015111
0.021155
0.069077
0.104048
0.116568
0.110956
0.109013
0.069293
0.046627
0.034107
0.021587
0.011441
0.010793
0.023961
0.021587
0.026983
0.036482
0.031732
0.036266
0.039072
0.043173
0.036266
0.035618
0.059363
0.085915
0.084620
0.048570
0.044037
0.020076
0.010793
0.028710
0.021587
0.037561
0.058932
0.062170
0.055478
0.081166
0.107286
0.110092
0.143983
0.148732
0.146790
0.153266
0.132974
0.171398
0.114194
0.139882
0.129520
0.142256
0.139882
0.135349
0.091528
0.094982
0.074258
0.045116
0.049865
0.025904
0.023098
0.010793
0.024177
0.032380
0.041878
0.054614
0.059795
0.043173
0.041015
0.045548
0.039288
0.039072
0.045764
0.042958
0.049649
0.048786
0.055910
0.079871
0.091959
0.144847
0.153913
0.153266
0.124987
0.072747
0.053967
0.070589
0.071020
0.099731
0.103616
0.086779
0.084836
0.058932
0.057421
0.041446
0.058932
0.069077
0.054830
0.029142
0.019212
0.026552
0.038208
0.037777
0.025904
0.084836
0.084188
0.087210
0.077928
0.078360
0.086779
0.068430
0.055694
0.036913
0.020292
0.005181
0.007987
0.011873
0.031948
0.032380
0.041662
0.057852
0.061954
0.055694
0.053751
0.042742
0.043173
0.040799
0.031732
0.043173
0.076849
0.105343
0.086347
0.113978
0.101889
0.102969
0.116136
0.116136
0.084620
0.100594
0.112898
0.129520
0.136212
0.127793
0.111819
0.087858
0.066055
0.075553
0.054830
0.104048
0.141177
0.161469
0.144631
0.146358
0.122397
0.085915
0.066271
0.084620
0.103184
0.093686
0.104048
0.161684
0.159094
0.153266
0.328766
0.543769
0.674585
0.783813
1.022994
0.992773
1.021483
0.665734
0.603349
0.404319
0.261631
0.306963
0.463683
1.191370
1.301894
1.585976
1.461420
1.472645
1.135677
1.260880
0.976583
0.834542
0.818784
1.068758
1.013712
1.020404
0.986728
0.824396
0.657963
0.569242
0.551756
0.570968
0.543337
0.672426
0.888941
0.923479
0.964926
1.144527
1.327151
1.361258
1.254404
1.375073
1.002487
0.976151
0.981548
0.899950
0.589965
0.482679
0.380574
0.306747
0.605291
0.639182
0.682572
0.811229
0.848789
0.770861
0.860878
0.664439
0.544201
0.525852
0.572048
0.555642
0.885055
0.922184
0.919810
1.004645
0.939238
0.908369
1.048682
1.030765
1.008531
0.845551
1.027096
0.855050
1.091856
1.356725
1.633466
1.577557
1.473293
1.383060
1.261527
1.084732
0.927797
0.590396
0.375825
0.265517
0.289046
0.373666
0.381653
0.431302
0.580467
0.618027
0.518944
0.505992
0.638103
0.765465
0.907937
0.879658
0.820727
0.880954
0.943555
0.812524
0.837133
0.943123
0.901461
1.187917
1.115601
1.154241
1.128121
1.079767
1.273616
1.172158
1.256346
1.195904
0.982411
0.874262
0.839939
0.672426
0.518081
0.379494
0.233784
0.153482
0.136860
0.105343
0.107934
0.135349
0.196655
0.289694
0.384891
0.519160
0.544633
0.654941
0.705885
0.645658
0.550245
0.690559
0.897144
0.955859
0.795686
0.684730
0.661849
0.756398
0.961256
0.959745
0.961688
0.763738
0.680845
0.882249
1.006157
1.075882
1.209719
1.091856
1.034435
1.099195
1.043286
1.239725
1.704918
1.417167
1.277717
1.425370
1.111931
0.785540
0.606587
0.636376
0.401729
0.400002
0.386834
0.487212
0.621697
0.861526
1.061850
1.101570
1.191586
1.374426
1.386514
1.383060
1.227204
1.268219
0.905994
0.723155
0.660553
0.601622
0.455695
0.500596
0.662064
0.661633
0.633786
0.639614
0.747116
0.779280
0.845983
0.966221
1.132655
1.166330
1.157479
1.051704
0.744526
0.690343
0.797629
0.959745
1.054295
1.208640
1.101354
1.248359
1.109773
1.323481
1.152730
1.208424
0.997306
0.879011
0.766328
0.712577
0.658610
0.683867
0.700705
0.654509
0.652134
0.618675
0.567730
0.454400
0.568594
0.504697
0.576149
0.679981
0.796550
1.116249
1.135245
1.095741
0.952621
0.760716
0.832599
0.788347
0.664223
0.676743
0.550029
0.717974
0.730494
0.856992
1.123372
1.549278
1.472861
1.415872
1.278581
1.256131
1.067894
1.111931
0.938590
0.828930
0.727472
0.977662
1.021699
1.050193
1.324992
1.326719
1.235407
1.209719
1.148413
1.333195
1.124452
0.890883
0.863037
0.842745
0.771941
0.630116
0.720996
0.841666
0.761363
0.600326
0.501675
0.441664
0.442959
0.385754
0.384459
0.500164
0.659474
1.053647
1.359531
1.558345
1.326287
1.316573
1.105455
0.929092
1.016518
1.244042
1.050841
1.114306
0.906642
0.915061
0.911607
0.996874
0.959097
1.330821
1.282682
1.539132
1.558129
1.460341
1.327151
1.100490
1.179498
1.242315
1.173238
1.237350
1.290885
1.332548
1.754352
1.742479
1.916468
2.255811
2.296394
2.151116
1.858400
1.515819
1.303837
1.407885
1.242963
1.379175
1.364064
1.323697
1.176476
1.045228
1.070701
1.289590
1.395149
1.351328
0.948088
0.910743
0.856561
0.591044
0.509878
0.351647
0.336105
0.267459
0.236159
0.216083
0.188020
0.474692
0.600326
0.614358
0.534487
0.433461
0.343013
0.191690
0.118079
0.060011
0.053751
0.021371
0.006260
0.017917
0.070157
0.213924
0.433245
0.709123
1.147549
1.282898
1.205834
0.902324
0.638967
0.602485
0.643068
0.506424
0.645443
0.565140
0.644579
0.612847
0.569457
0.642205
0.694229
0.692286
0.713657
0.701352
0.913118
0.898223
0.796981
0.627310
0.550677
0.458070
0.384675
0.373666
0.356181
0.413817
0.394821
0.287967
0.202267
0.118511
0.400865
0.322290
0.358339
0.362657
0.352295
0.307826
0.234000
0.184998
0.205721
0.216299
0.194928
0.211766
0.269402
0.234000
0.273935
0.366542
0.395900
0.451162
0.361793
0.406909
0.383596
0.387050
0.305884
0.293148
0.320778
0.381869
0.428280
0.429360
0.368485
0.373666
0.272856
0.324664
0.388561
0.578956
0.750138
0.737402
0.890236
0.800651
0.741935
0.887430
0.755319
0.600542
0.647170
0.577660
0.515275
0.663791
0.622992
0.625151
0.758557
0.869081
0.807991
0.824828
0.971834
0.847062
0.864332
0.879443
0.588022
0.452242
0.429360
0.376472
0.414465
0.615221
1.091640
1.108262
1.050193
0.935784
0.704374
0.720348
0.655804
0.556721
0.761579
0.854618
0.921321
0.922184
1.075450
0.847926
1.124236
1.214684
1.335786
1.327151
1.333411
1.079120
1.071780
1.029254
0.791369
1.233680
1.125531
1.081062
1.045228
0.961904
1.044149
1.245553
1.336217
1.048466
1.133734
0.918083
0.893042
0.775179
0.649760
0.461308
0.345171
0.306315
0.287535
0.510310
0.573127
0.563413
1.098763
1.283977
1.300383
1.216411
1.224614
1.144743
0.993636
0.909880
0.815546
0.785540
0.903620
0.830225
0.746468
0.805832
0.852027
0.845767
0.979605
0.989535
0.946577
0.843177
0.635944
0.405183
1.007668
1.141073
0.770430
0.669620
0.543769
0.586511
0.822454
0.950895
1.079983
1.212957
1.123156
1.156400
1.128553
1.102433
1.094446
0.920457
0.882033
0.688184
0.681708
0.880306
0.800219
1.037457
1.077609
1.151003
1.243179
1.628070
1.472429
1.654405
1.628717
1.360826
1.347442
1.002055
0.921321
0.701352
0.654077
0.581762
0.371507
0.500164
0.369780
0.382516
0.387697
0.451162
0.470806
0.571616
0.567299
0.466489
0.511389
0.475339
0.665087
0.962551
0.950031
1.043286
1.084300
1.035946
0.711066
0.699841
0.577229
0.494120
0.502754
0.565572
0.507935
0.510310
0.445981
0.354885
0.269618
0.298760
0.405614
0.369564
0.334810
0.327039
0.298112
0.336753
0.370212
0.393310
0.392446
0.323369
0.345171
0.350136
0.264437
0.254291
0.197734
0.155640
0.167297
0.171830
0.114194
0.130815
0.120454
0.101026
0.078791
0.107718
0.110956
0.094550
0.090017
0.057205
0.053319
0.046411
0.083109
0.103616
0.145710
0.213924
0.288830
0.305452
0.464114
0.725961
0.698546
0.579819
0.452026
0.340422
0.262926
0.206369
0.190611
0.227092
0.316893
0.358987
0.441448
0.512900
0.654293
0.673289
0.713657
0.722075
0.587806
0.610040
0.617164
0.479009
0.401297
0.316893
0.248895
0.199029
0.157583
0.168808
0.215004
0.212845
0.227956
0.228603
0.239397
0.238101
0.238749
0.208528
0.157367
0.147437
0.150675
0.134701
0.095845
0.123476
0.177443
0.179601
0.231410
0.240044
0.243930
0.300487
0.298976
0.304157
0.361793
0.293148
0.324880
0.276957
0.298328
0.251053
0.278253
0.319267
0.309338
0.352943
0.471022
0.469295
0.521967
0.738913
0.687321
0.648465
0.564061
0.465625
0.350784
0.229898
0.164275
0.151323
0.157799
0.177659
0.250622
0.350784
0.447492
0.496710
0.598815
0.548087
0.481815
0.414465
0.397195
0.393310
0.324664
0.375393
0.358771
0.449651
0.581978
0.569457
0.779712
0.673289
0.600758
0.713441
0.668325
0.593850
0.707612
0.527363
0.605507
0.525420
0.449219
0.425690
0.412522
0.291852
0.251269
0.238317
0.236159
0.249974
0.238317
0.211334
0.196439
0.271345
0.364168
0.340422
0.369564
0.253860
0.162764
0.168592
0.156720
0.134917
0.153913
0.101889
0.063033
0.048570
0.063681
0.087858
0.105127
0.127362
0.120670
0.118727
0.121533
0.101889
0.094334
0.113978
0.116352
0.104911
0.100594
0.136212
0.130815
0.144631
0.198166
0.176795
0.149164
0.110308
0.124771
0.107070
0.118727
0.116784
0.133190
0.198598
0.216299
0.228603
0.213061
0.198814
0.203994
0.218673
0.168808
0.144631
0.112683
0.093686
0.122828
0.142472
0.152402
0.146574
0.147437
0.158662
0.189531
0.221696
0.249758
0.221264
0.200325
0.133190
0.091959
0.097140
0.127362
0.127146
0.102969
0.091312
0.077928
0.071236
0.106638
0.109013
0.112251
0.125419
0.128009
0.111387
0.142041
0.196655
0.206153
0.313007
0.281275
0.340422
0.341286
0.355317
0.431950
0.434972
0.350784
0.320994
0.244577
0.169240
0.149164
0.150459
0.150891
0.162332
0.145926
0.139234
0.107502
0.118943
0.100162
0.096061
0.112898
0.111819
0.082029
0.124124
0.161037
0.306315
0.454616
0.594282
0.559528
0.452673
0.506640
0.558232
0.543985
0.576797
0.506208
0.409932
0.508799
0.475987
0.441232
0.424611
0.476850
0.343445
0.362873
0.421588
0.489155
0.452026
