0.312880
0.336472
0.344031
0.317461
0.321355
0.347466
0.460845
0.409768
0.339450
0.457181
0.401751
0.482376
0.582470
0.529331
0.583844
0.495661
0.334869
0.209808
0.112234
0.082228
0.218054
0.304176
0.384114
0.449393
0.302115
0.130558
0.061843
0.059094
0.065966
0.076273
0.101239
0.136055
0.152775
0.152546
0.141323
0.141094
0.123686
0.106278
0.086809
0.070089
0.062988
0.073295
0.076960
0.052223
0.062988
0.104904
0.118418
0.180948
0.207747
0.252411
0.238897
0.263406
0.388924
0.378388
0.355941
0.303031
0.226529
0.209808
0.180719
0.196753
0.183010
0.138345
0.137429
0.128496
0.117273
0.111547
0.092307
0.139720
0.191255
0.185300
0.194233
0.173619
0.166976
0.177742
0.171786
0.099865
0.104675
0.109714
0.152088
0.185758
0.160792
0.149111
0.139949
0.131703
0.116586
0.118647
0.138116
0.103301
0.088184
0.089100
0.088184
0.128954
0.124602
0.148194
0.147507
0.158272
0.163770
0.180261
0.178429
0.333724
0.363958
0.272568
0.205685
0.134222
0.100781
0.072608
0.076044
0.076044
0.075815
0.060698
0.065050
0.060240
0.059094
0.082686
0.105362
0.096887
0.087955
0.138803
0.152317
0.163082
0.170870
0.164228
0.166060
0.147507
0.132848
0.120250
0.131245
0.080625
0.084290
0.082228
0.092994
0.080167
0.053368
0.078335
0.095284
0.090474
0.094368
0.113608
0.112692
0.097804
0.072837
0.125060
0.176825
0.205227
0.242562
0.223093
0.201104
0.203395
0.196065
0.238897
0.236607
0.288601
0.313567
0.379075
0.402667
0.369226
0.307612
0.259283
0.247372
0.284707
0.366019
0.401293
0.384343
0.352276
0.233858
0.137658
0.080167
0.052223
0.052452
0.073525
0.107424
0.142010
0.114066
0.131016
0.143384
0.199043
0.247143
0.196982
0.199501
0.245311
0.261344
0.295701
0.241188
0.226987
0.255389
0.271651
0.248747
0.232484
0.220803
0.201792
0.289975
0.251037
0.190110
0.183697
0.202937
0.217367
0.196982
0.193775
0.171328
0.133764
0.095742
0.085664
0.098949
0.108569
0.148881
0.172015
0.136513
0.108111
0.136971
0.120709
0.104904
0.092536
0.061614
0.083832
0.111318
0.142468
0.155295
0.137200
0.138803
0.133535
0.147507
0.137429
0.122999
0.165831
0.283104
0.320210
0.270735
0.220345
0.172932
0.168809
0.144071
0.057720
0.050162
0.070318
0.081312
0.069402
0.068256
0.075128
0.087955
0.132390
0.189194
0.218741
0.141094
0.154150
0.154608
0.172932
0.156669
0.135368
0.112463
0.135826
0.141094
0.166976
0.261573
0.272109
0.304176
0.318835
0.367165
0.362355
0.286769
0.207976
0.199730
0.240959
0.297763
0.287914
0.273026
0.234546
0.199959
0.096658
0.140865
0.138345
0.145446
0.149111
0.139261
0.122541
0.080854
0.115898
0.130558
0.110172
0.135139
0.136284
0.141781
0.161250
0.145217
0.150714
0.183468
0.149340
0.172244
0.173161
0.096887
0.071921
0.046039
0.079480
0.112463
0.143155
0.174306
0.200417
0.184155
0.204082
0.245540
0.196753
0.206373
0.236378
0.260428
0.204311
0.193546
0.170183
0.203624
0.221948
0.248059
0.267070
0.267758
0.210954
0.087726
0.065737
0.044435
0.035961
0.035732
0.029318
0.027257
0.033212
0.031151
0.029547
0.030234
0.046955
0.072608
0.094368
0.092994
0.108111
0.154608
0.164686
0.152088
0.196065
0.219428
0.181177
0.147278
0.109485
0.107882
0.063905
0.032296
0.049704
0.060927
0.052452
0.076273
0.100781
0.122312
0.121396
0.133535
0.152317
0.184384
0.210266
0.175909
0.188507
0.147507
0.113150
0.112234
0.152775
0.122083
0.091848
0.078564
0.067798
0.076044
0.084061
0.104217
0.115669
0.105591
0.109485
0.158043
0.188278
0.165144
0.142468
0.111547
0.097804
0.099636
0.073295
0.062759
0.070547
0.083832
0.097575
0.106966
0.122541
0.115211
0.133993
0.101697
0.132161
0.128496
0.133077
0.109943
0.084519
0.087496
0.090016
0.137658
0.198127
0.214389
0.149340
0.153004
0.179574
0.154837
0.198814
0.228361
0.270506
0.308757
0.261573
0.187591
0.130099
0.113379
0.171099
0.202479
0.238439
0.249892
0.234775
0.213931
0.175909
0.162624
0.273942
0.303031
0.290433
0.305092
0.380678
0.334182
0.286769
0.330059
0.324333
0.341740
0.311048
0.218741
0.287456
0.297305
0.323874
0.261573
0.190568
0.134680
0.136284
0.177054
0.208434
0.187133
0.211183
0.244166
0.344947
0.459013
0.508946
0.445728
0.393047
0.336930
0.308528
0.294556
0.221948
0.278523
0.211641
0.180490
0.188049
0.315629
0.315171
0.338763
0.416639
0.461762
0.575370
0.434734
0.435650
0.499325
0.538722
0.439773
0.377701
0.357315
0.308070
0.280126
0.337388
0.247143
0.175222
0.165602
0.101697
0.068485
0.061385
0.101927
0.132619
0.172702
0.226071
0.260199
0.241188
0.336701
0.256534
0.199959
0.233400
0.238439
0.311048
0.281042
0.271651
0.301428
0.353651
0.261802
0.229048
0.278523
0.285623
0.244166
0.181635
0.174077
0.167434
0.229965
0.214618
0.224926
0.297534
0.359377
0.303031
0.302344
0.347695
0.306696
0.209350
0.212786
0.156898
0.140178
0.205456
0.196294
0.214389
0.237294
0.184842
0.174077
0.207518
0.279897
0.307154
0.289059
0.284707
0.318377
0.377243
0.367623
0.351131
0.320439
0.397170
0.312880
0.328455
0.305092
0.273255
0.275316
0.158501
0.116815
0.098033
0.114524
0.136284
0.137200
0.170870
0.177513
0.215764
0.381595
0.425114
0.390986
0.437941
0.323416
0.286769
0.254702
0.291350
0.366019
0.321813
0.298679
0.295472
0.341053
0.374265
0.473672
0.517649
0.424198
0.382740
0.310590
0.242791
0.218512
0.153462
0.162853
0.189423
0.250350
0.270506
0.299824
0.319523
0.449393
0.586593
0.572163
0.575370
0.395796
0.272109
0.221490
0.269361
0.291579
0.238668
0.239814
0.192172
0.138574
0.129870
0.120021
0.147278
0.120479
0.082228
0.109714
0.124602
0.129870
0.153004
0.151859
0.148881
0.155524
0.207976
0.184155
0.152088
0.087726
0.046726
0.036648
0.043061
0.045810
0.034586
0.013514
0.045581
0.083374
0.084748
0.108569
0.145217
0.154150
0.210495
0.248288
0.283333
0.464739
0.220803
0.137429
0.084748
0.096200
0.079480
0.101927
0.126664
0.130329
0.182093
0.255160
0.205227
0.173390
0.172932
0.141552
0.095513
0.083603
0.101010
0.125748
0.144988
0.136284
0.114753
0.121625
0.088413
0.041458
0.022905
0.063446
0.078335
0.136971
0.154379
0.145217
0.120709
0.156898
0.176138
0.209808
0.225384
0.235920
0.171099
0.136284
0.142697
0.103301
0.081999
0.095742
0.112234
0.102843
0.079251
0.085893
0.180719
0.239585
0.224238
0.231797
0.217367
0.189194
0.205685
0.229506
0.194462
0.183239
0.206831
0.207976
0.262489
0.342656
0.468175
0.533683
0.570101
0.502532
0.441834
0.374952
0.450309
0.511236
0.645916
0.659659
0.357774
0.330517
0.293869
0.320439
0.399689
0.343802
0.284707
0.267758
0.321584
0.271193
0.259283
0.172015
0.207747
0.289288
0.368768
0.404729
0.431527
0.465197
0.379533
0.374952
0.397628
0.398544
0.404041
0.250808
0.127580
0.079938
0.085664
0.171328
0.229965
0.373349
0.444354
0.505052
0.491538
0.581554
0.543761
0.556817
0.478253
0.472985
0.372662
0.334182
0.250121
0.240730
0.240272
0.258825
0.240043
0.177054
0.149340
0.123457
0.138803
0.171099
0.170641
0.133764
0.098949
0.096429
0.094826
0.245082
0.296160
0.357774
0.479627
0.472069
0.512839
0.528186
0.472069
0.642481
0.745782
0.697452
0.738452
0.691497
0.624386
0.582928
0.533225
0.570789
0.520627
0.494515
0.319064
0.258367
0.202937
0.162853
0.148881
0.135139
0.165831
0.239814
0.308528
0.322500
0.438857
0.565062
0.622554
0.634693
0.901993
0.940244
1.249459
1.137912
0.481918
0.345176
0.130787
0.037106
0.034357
0.021989
0.032296
0.049474
0.067798
0.081999
0.079251
0.083603
0.091619
0.141094
0.150943
0.185987
0.310361
0.421907
0.450996
0.513985
0.650268
0.783116
0.703866
0.550174
0.460387
0.418930
0.193317
0.037335
0.102156
0.164686
0.172932
0.150485
0.196982
0.239356
0.272568
0.456035
0.525895
0.618202
0.852518
0.904741
0.858244
0.944825
0.743949
0.647062
0.667447
0.665157
0.681648
0.662866
0.549029
0.387779
0.325478
0.266841
0.268674
0.315858
0.372433
0.440231
0.366019
0.407706
0.475275
0.442751
0.457868
0.372891
0.307841
0.250350
0.226300
0.220116
0.230652
0.305551
0.378617
0.534370
0.539638
0.725625
0.708218
0.690810
0.650726
0.443667
0.312422
0.223093
0.183926
0.153921
0.118876
0.132619
0.124831
0.139032
0.145217
0.090474
0.093681
0.089558
0.057033
0.031609
0.033441
0.105591
0.193317
0.381595
0.579951
0.602855
0.767312
0.870384
0.938411
0.890082
0.936350
0.830071
0.998880
0.844043
0.922836
0.936808
0.849540
0.917110
0.813580
0.774413
0.568040
0.529331
0.425343
0.320668
0.369684
0.404041
0.420304
0.523147
0.606978
0.663324
0.738452
0.852289
0.869697
0.748530
0.724938
0.596442
0.681877
0.661263
0.811748
0.965897
1.148678
1.205024
1.269386
1.129667
1.067824
0.984450
1.053852
0.832591
0.841066
0.905428
0.954216
0.906344
1.381162
1.714198
1.572646
1.526149
1.538518
1.270302
0.917568
0.932227
0.660805
0.697910
0.634693
0.601023
0.345863
0.211870
0.350215
0.442980
0.573079
0.664927
0.864658
0.983076
1.160359
1.086377
1.051103
1.027969
1.026366
1.027511
1.239152
1.440714
1.173186
1.158756
0.748530
0.554755
0.558191
0.671112
0.966126
1.003461
0.894434
1.073779
1.034612
1.156465
0.913216
1.086147
1.088209
0.949406
0.888708
0.870384
0.945512
1.075153
1.071717
1.356883
1.369938
1.400402
1.371084
1.632886
2.067162
1.851398
1.892169
1.910951
1.765047
1.772147
1.741226
1.635406
1.418039
1.613875
1.425597
1.777645
1.861705
2.082737
2.221998
2.324841
2.698419
2.804698
2.008296
1.830097
1.933856
1.879342
1.805588
1.829639
1.716260
1.431552
1.563942
1.513552
1.715114
1.475988
1.553635
1.440714
1.416893
1.083399
1.012394
0.913674
0.826865
0.593693
0.632632
0.631715
0.625760
0.864200
0.573766
0.458326
0.307154
0.254244
0.210954
0.133306
0.168122
0.211183
0.321126
0.467030
0.664927
0.871071
1.084315
1.378184
1.605171
1.587534
1.555239
1.429262
1.354134
0.992238
1.067366
1.008042
1.054768
0.978037
0.871071
0.847250
0.910696
0.983992
0.875881
0.676838
0.673631
0.779910
0.727229
0.792507
1.023617
0.950093
0.875881
1.052248
1.073550
0.953528
1.135393
1.074924
1.225409
1.360318
1.485608
1.415061
1.342453
1.157152
0.787468
0.721961
0.655536
0.647749
0.595526
0.469320
0.522230
0.603313
0.606062
0.466801
0.430611
0.411142
0.202479
0.181406
0.109943
0.136971
0.139032
0.115440
0.046268
0.017866
0.120479
0.311048
0.597129
0.769603
1.143410
1.178683
1.425597
1.493166
1.220141
1.208001
0.976204
1.240755
0.921233
0.738452
0.656911
0.460616
0.260886
0.092077
0.079022
0.137658
0.229048
0.338075
0.359148
0.335327
0.276232
0.213702
0.161250
0.200417
0.271880
0.378617
0.536431
0.720815
0.795027
1.032321
1.084086
1.133102
1.186700
1.246252
1.239839
0.870613
0.615911
0.557275
0.554755
0.518337
0.462678
0.383198
0.300741
0.280355
0.338534
0.226758
0.195836
0.133535
0.152775
0.194233
0.323416
0.372433
0.402209
0.396941
0.383656
0.228132
0.182323
0.232484
0.083374
0.069631
0.098262
0.117960
0.142697
0.156669
0.182781
0.179574
0.189881
0.150943
0.140865
0.156898
0.177054
0.186674
0.169038
0.175222
0.189194
0.280584
0.342656
0.467488
0.672486
0.700430
0.817016
0.690810
0.875652
0.875881
0.910925
1.008958
0.935205
1.204795
1.174789
1.371084
1.245107
1.220828
1.175476
1.376581
1.636093
1.686712
1.683506
1.656478
1.628305
1.755656
1.522943
1.392156
1.014455
0.981472
0.981930
0.833049
1.016059
1.072176
0.939557
1.085231
1.374519
1.389866
1.338330
1.273509
1.083399
1.298475
1.295269
1.301911
1.168605
1.348637
1.652126
1.602423
1.658998
1.763215
2.055480
2.191077
2.151223
2.061665
1.970045
2.116636
1.907515
1.551574
1.588909
1.490876
1.036444
1.026137
1.083628
1.224951
1.240984
1.156923
1.199297
1.182119
1.400631
1.593490
1.792075
1.423307
1.828264
1.648232
1.565775
1.587763
1.504390
1.477591
1.409793
1.691293
1.709159
1.800549
1.676405
1.620517
1.349095
1.403838
1.290917
0.990863
0.879088
0.956735
1.028656
0.828239
0.628509
0.732726
0.849770
0.751508
0.839004
0.824574
0.928562
0.746927
0.617744
0.464510
0.306238
0.177742
0.092994
0.185529
0.309444
0.369455
0.399689
0.531621
0.689665
0.638587
0.533454
0.412745
0.449393
0.532079
0.602855
0.600794
0.663095
0.491996
0.464052
0.407935
0.453516
0.413890
0.426717
0.388466
0.408393
0.480314
0.400377
0.326394
0.311048
0.250579
0.179574
0.176596
0.149111
0.191943
0.224009
0.193088
0.146820
0.187591
0.275774
0.340366
0.415952
0.398773
0.483750
0.509862
0.444125
0.483750
0.377014
0.272109
0.204311
0.191255
0.347008
0.589800
0.951009
1.355737
1.642048
1.736874
1.465452
1.098058
1.127376
0.970249
0.720357
0.589800
0.415494
0.357774
0.426946
0.498180
0.586135
0.621637
0.675235
0.781284
0.738452
0.660117
0.730435
0.583844
0.538035
0.662179
0.663324
0.751508
0.871300
0.832133
0.770977
0.976433
1.087293
1.108823
0.969333
1.056371
0.999338
1.040109
0.979411
0.827094
0.161708
0.274171
0.331891
0.343114
0.473214
0.523605
0.602626
0.672715
0.870613
0.908635
0.858931
0.919858
1.037131
1.095309
1.020640
0.647749
0.631945
0.531392
0.557504
0.573079
0.463823
0.506197
0.629883
0.782429
0.966584
0.743491
0.712570
0.596671
0.472069
0.419388
0.350673
0.308299
0.249663
0.267758
0.268674
0.326623
0.390986
0.495432
0.596442
0.682106
0.675006
0.562772
0.384343
0.337159
0.236836
0.148652
0.185529
0.190339
0.152775
0.151630
0.248747
0.282417
0.450080
0.525208
0.631715
1.028656
1.292520
1.517446
1.745349
2.284987
2.546331
2.299188
2.038760
1.209834
1.016975
0.956048
0.862367
1.068740
1.023617
0.913903
0.678670
0.618431
0.647062
0.644771
0.636067
0.501845
0.426946
0.437482
0.386634
0.460158
0.602855
0.792278
0.861680
0.909093
0.992238
1.097142
1.266180
1.155549
1.215560
1.088667
0.997506
1.040109
1.036673
1.013081
1.092103
1.162879
1.062555
0.888937
0.608811
0.411142
0.360522
0.344489
0.446644
0.560023
0.717151
0.745094
0.567124
0.424885
0.442980
0.452371
0.501845
0.576515
0.474588
0.569872
0.504136
0.499784
0.466572
0.388695
0.340595
0.219657
0.183697
0.262260
0.341969
0.378159
0.407477
0.292266
0.266383
0.314712
0.294327
0.356857
0.400148
0.433589
0.490164
0.442063
0.393276
0.218283
0.206831
0.128038
0.076960
0.068944
0.080167
0.117502
0.155295
0.189881
0.226300
0.237981
0.243937
0.231797
0.237065
0.194462
0.191026
0.166976
0.082686
0.091390
0.086122
0.080167
0.086809
0.098949
0.085664
0.097575
0.127580
0.135597
0.132619
0.142010
0.175909
0.176596
0.170870
0.188049
0.232713
0.223551
0.232255
0.241188
0.346321
0.481002
0.466801
0.464052
0.466572
0.292266
0.226987
0.198814
0.239356
0.276690
0.253098
0.235920
0.217596
0.198814
0.192401
0.140865
0.138345
0.148194
0.106737
0.142468
0.128496
0.126664
0.133535
0.203624
0.325707
0.296389
0.373578
0.416868
0.372662
0.212328
0.145217
0.106508
0.140178
0.218741
0.282646
0.295701
0.352276
0.276232
0.233171
0.193317
0.114295
0.133764
0.152546
0.173390
0.110172
0.140865
0.167434
0.226758
0.213244
0.207518
0.193775
0.141781
0.180490
0.194691
0.193546
0.136284
0.187362
0.227903
0.247601
0.199272
0.186445
0.167892
0.161250
0.099407
0.114066
0.155982
0.173390
0.201104
0.189881
0.191255
0.146362
0.160105
0.229965
0.277607
0.338304
0.395567
0.383656
0.492225
0.529102
0.496577
0.527498
0.500242
0.401522
0.382969
0.267758
0.060927
0.000687
0.000687
0.013972
0.038709
0.062301
0.062301
0.041458
0.043519
0.073525
0.126435
0.140407
0.113150
0.110630
0.151630
0.155753
0.203624
0.195836
0.169267
0.193546
0.205685
0.145446
0.138803
0.098262
0.100781
0.075586
0.072150
0.085206
0.076960
0.122770
0.172244
0.172473
0.166976
0.155982
0.140865
0.155753
0.173390
0.184613
0.220345
0.218512
0.160792
0.149798
0.143842
0.151630
0.143842
0.145904
0.147278
0.189652
0.189194
0.120479
0.138803
0.084290
0.074899
0.089787
0.101239
0.140178
0.168580
0.170641
0.166747
0.211641
0.178658
0.109485
0.048558
0.036877
0.016262
0.019927
0.038022
0.054514
0.046726
0.044206
0.059094
0.072837
0.133993
0.149111
0.153462
0.141094
0.129412
0.144530
0.261344
0.326165
0.462449
0.447790
0.446873
0.516046
0.573995
0.346321
0.369226
0.314483
0.265238
0.208663
0.213702
0.214389
0.209121
0.349757
0.396025
0.330288
0.357774
0.239127
0.205685
0.198356
0.176367
0.176138
0.165144
0.169038
0.188965
0.224926
0.188507
0.189881
0.281730
0.363500
0.381366
0.451912
0.439773
0.428091
0.312193
0.303947
0.340595
0.237523
0.222177
0.169267
0.176138
0.128725
0.140865
0.161479
0.133764
0.157356
0.180261
0.239127
0.309902
0.399689
0.507571
0.527269
0.357086
0.400148
0.319981
0.286081
0.275087
0.215993
0.208663
0.209350
0.303489
0.295472
0.291350
0.375410
0.274858
0.159418
0.197440
0.213015
0.257908
0.229048
0.128725
0.161250
0.218970
0.172015
0.202937
0.259970
0.288830
0.286081
0.252411
0.226987
0.164915
0.187820
0.213015
0.211870
0.237981
0.228590
0.271193
0.311277
0.328913
0.265009
0.414807
0.398086
0.366706
0.387092
0.400606
0.381137
0.460616
0.440460
0.483750
0.437941
0.370142
0.219199
0.238439
0.262948
0.237294
0.193088
0.143155
0.127351
0.118189
0.136284
0.234775
0.287456
0.284707
0.313796
0.331662
0.278981
0.244166
0.175680
0.236149
0.292953
0.337388
0.404499
0.427175
0.475275
0.429695
0.403354
0.410684
0.379075
0.324791
0.310132
0.330288
0.332120
0.226758
0.193775
0.191026
0.170870
0.240501
0.320210
0.337617
0.278523
0.255160
0.320439
0.349757
0.264093
0.190797
0.200188
0.200188
0.238210
0.319523
0.417555
0.473214
0.545593
0.561856
0.607436
0.489935
0.422136
0.453745
0.431985
0.476650
0.500013
0.409539
0.274400
0.292266
0.296618
0.381366
0.398773
0.352505
0.411371
0.443896
0.467030
0.454203
0.457868
0.431298
0.413432
0.291579
0.299824
0.226987
0.148423
0.068485
0.033212
0.031380
0.049474
0.111318
0.169725
0.202479
0.234775
0.267070
0.274171
0.316087
0.354338
0.393276
0.488560
0.486499
0.489935
0.424427
0.377472
0.324103
0.292495
0.281500
0.340595
0.333724
0.411142
0.350444
0.348841
0.265467
0.218054
0.183010
0.273255
0.359835
0.449622
0.611559
0.593464
0.728145
0.841066
0.991780
0.958338
0.890769
0.716463
0.496577
0.560481
0.614308
0.492683
0.536202
0.544448
0.570101
0.715089
0.723106
0.631257
0.480773
0.401064
0.223322
0.126664
0.079251
0.069173
0.087267
0.108111
0.113379
0.139720
0.152546
0.150027
0.174993
0.185529
0.158960
0.270277
0.396025
0.505281
0.568498
0.656682
0.496806
0.233629
0.219886
0.222406
0.312880
0.370829
0.370142
0.443438
0.500929
0.556588
0.527727
0.381824
0.450538
0.411142
0.388924
0.406103
0.224926
0.153462
0.089787
0.101010
0.071463
0.043290
0.042374
0.052681
0.070547
0.064134
0.057262
0.048558
0.047184
0.032525
0.022905
0.013972
0.012598
0.026799
0.057262
0.086351
0.115211
0.260657
0.352276
0.391902
0.406790
0.333953
0.341511
0.292724
0.297076
0.180032
0.231110
0.370142
0.436566
0.399918
0.446415
0.261344
0.131245
0.168122
0.161708
0.069173
0.179574
0.290433
0.457639
0.513985
1.658081
0.606291
0.437941
0.545593
0.598962
0.674548
0.564604
0.642252
0.869010
0.696307
0.672944
0.713944
0.735016
0.820222
1.052935
1.182119
1.243046
1.149823
0.971623
0.836485
0.680732
0.577202
0.498638
0.252869
0.206144
0.172473
0.153004
0.182323
0.289288
0.380449
0.656911
0.797088
1.030031
1.339017
1.558674
1.528669
1.344285
1.072405
1.122795
0.816787
0.737536
0.627134
0.564604
0.504136
0.468633
0.435192
0.379075
0.446873
0.520856
0.547197
0.629196
0.725167
0.625531
0.545593
0.561627
0.590487
0.638587
0.644084
0.862367
0.923981
1.082025
0.843814
0.982618
1.134706
1.252895
1.328939
1.390095
1.254040
1.143639
1.125544
0.916652
0.888250
0.743720
0.873591
1.158756
1.372916
1.464535
1.272364
1.253353
0.883211
0.872445
1.081567
0.794111
0.860993
0.847937
0.765938
0.920775
0.727687
0.634235
0.725625
0.628967
0.611559
0.793424
0.862596
0.885272
0.906803
0.988802
0.683480
0.877713
0.630799
0.584531
0.515817
0.580638
0.554984
0.663782
0.726312
0.729977
0.909322
1.088667
1.029114
0.955361
1.023159
0.939557
0.926959
0.832133
0.915965
0.908864
0.532079
0.358003
0.431527
0.621408
0.635838
0.541928
0.608582
0.582241
0.598732
0.540096
0.446644
0.425114
0.416639
0.388237
0.393276
0.464052
0.621408
0.626905
0.434276
0.379075
0.468175
0.620034
0.604230
0.711195
0.854580
0.782658
0.593693
0.587967
0.717838
1.048813
1.271677
1.392156
1.391011
1.223577
1.058433
1.225180
1.119589
0.668134
0.521314
0.372433
0.333724
0.333265
0.373120
0.547426
0.415494
0.272339
0.182323
0.151630
0.140178
0.197211
0.250808
0.376097
0.449164
0.478711
0.594152
0.656224
0.755860
0.731352
0.721961
0.923523
0.985366
0.978495
0.954445
1.121879
1.091645
0.877484
1.137912
1.071488
0.667905
0.960629
1.044461
0.909322
1.201588
0.855496
0.759983
0.921920
0.995673
0.982618
0.886875
1.005293
1.012165
1.109739
1.092103
1.156007
0.782887
0.883669
0.903596
0.870613
0.880233
0.853434
0.970707
0.982847
0.857328
1.003461
1.234571
1.484234
1.464535
1.367419
1.527753
1.932023
2.249255
2.336981
2.716743
1.365357
0.755402
1.049500
1.158756
1.335581
1.387117
1.263660
1.025221
1.056371
0.953528
0.703179
0.864887
0.808770
0.855954
1.006668
1.041712
1.328481
1.340620
1.344972
0.931082
0.858931
0.711195
0.871529
0.841295
0.864429
0.823200
0.706385
0.618202
0.533912
0.673402
0.723106
0.778535
0.700659
0.739139
0.844501
1.084315
1.164024
1.213498
1.092103
1.230906
1.287481
1.238236
0.956735
0.989489
0.994528
0.903825
0.891456
0.975746
1.035299
0.949406
0.768915
0.924668
1.047896
1.108365
1.431094
1.549512
1.320006
1.418039
1.544015
1.953325
2.041050
1.834220
1.884839
1.553864
1.232051
0.916652
0.821138
0.749217
0.675922
0.799150
0.831446
0.946428
1.163566
0.905657
0.955361
0.740972
0.446873
0.466343
0.324333
0.237065
0.197898
0.207289
0.271422
0.376785
0.484208
0.648665
0.720815
1.082941
1.309012
1.522485
1.555468
1.274883
1.229532
1.172957
1.315883
1.355737
1.274425
1.485837
1.464994
1.568294
1.484692
1.570356
1.714885
1.392385
1.502787
1.395134
1.022014
1.083170
1.128063
0.904283
0.746698
0.617514
0.560940
0.569185
0.559794
0.656224
0.632403
0.659430
0.787468
0.923981
0.975975
0.970936
1.125773
1.392614
1.359173
1.644797
1.560278
1.212353
1.363754
1.074924
1.076069
0.672028
0.520627
0.561627
0.782658
0.910925
1.010103
1.096455
1.288168
1.213956
1.259537
1.163795
0.929020
1.146845
1.146387
1.144784
1.414832
1.295040
1.759321
1.822767
1.609294
1.627618
1.573333
1.482630
1.259079
0.955132
0.939786
0.921691
0.789072
0.952612
0.979869
0.891685
0.785865
0.920316
0.900847
1.021098
1.164253
1.290001
1.334436
1.467971
1.564859
1.455373
1.004835
0.972539
0.977808
1.117069
1.350698
1.464535
1.661746
1.674802
1.405441
1.364441
1.365357
0.998193
0.830988
0.788614
0.764105
0.863283
1.044232
1.134706
1.257247
1.314967
1.286336
1.549054
1.278548
1.317257
1.208917
0.892143
0.769832
0.724709
0.625531
0.338304
0.331891
0.299366
0.341053
0.236378
0.224467
0.295701
0.338992
0.364416
0.438170
0.527040
0.500242
0.453974
0.256992
0.128267
0.025424
0.011681
0.055430
0.103530
0.133764
0.153462
0.224926
0.265467
0.245311
0.264093
0.316545
0.302344
0.438628
0.671341
0.892373
0.896724
1.034841
1.064388
0.958338
0.946428
1.001629
1.009416
0.830071
0.956735
0.776245
0.914819
1.001400
1.038734
0.931311
0.882294
0.622095
0.477337
0.479398
0.523834
0.505510
0.513068
0.674318
0.644313
0.546509
0.504594
0.461303
0.523147
0.353651
0.305551
0.140178
0.133535
0.258596
0.432214
0.601481
0.719899
0.792049
0.931311
0.984450
0.918255
0.691497
0.778994
0.860535
0.690352
0.853663
0.891685
1.119359
0.964523
1.053165
1.143410
1.022701
1.024304
1.004835
0.912300
1.075840
1.145700
1.384139
1.255185
1.577914
1.535769
1.418726
1.170208
1.309470
1.460413
1.713969
1.368335
1.432469
1.624640
1.293207
1.153717
0.986970
0.730435
0.544677
0.625531
0.867177
0.964981
1.118214
1.291375
1.611355
1.323671
1.245794
1.351386
1.281068
1.012165
0.811518
0.685771
0.559794
0.529331
0.557046
0.553381
0.508029
0.488102
0.569185
0.617056
0.516275
0.581554
0.576515
0.479627
0.505510
0.724480
0.846334
0.735703
1.054081
0.793424
0.740743
0.733413
0.507342
0.624615
0.466801
0.503448
0.450996
0.439544
0.515359
0.600336
0.708218
0.811060
0.887563
1.046751
0.895579
0.931311
0.905199
0.956506
0.731122
0.512839
0.380449
0.326394
0.270506
0.283104
0.280355
0.412287
0.599649
0.908406
1.016288
0.815641
0.875652
0.856641
0.549716
0.560481
0.519024
0.569872
0.740972
0.739139
1.034841
1.068053
1.206856
1.238923
1.537831
1.351156
1.367877
1.254956
1.213498
1.351156
1.091416
0.959484
1.041483
1.001858
0.819077
0.976662
0.795485
0.831675
0.845418
0.766396
0.911613
1.024533
0.893518
0.943908
0.854580
0.640419
0.677754
0.640877
0.483979
0.491309
0.515588
0.409768
0.389611
0.470007
0.445270
0.484437
0.524292
0.734100
0.663095
0.830300
0.952383
1.162421
1.265721
1.409106
1.398569
1.117069
1.181661
0.992238
0.967959
0.873820
1.054997
1.060265
1.022472
0.855725
0.987657
0.992238
0.912529
0.912300
0.888479
0.841524
0.833049
0.889853
0.701346
0.703179
0.714173
0.763647
0.874507
0.877255
0.843127
0.755631
0.677754
0.732726
0.659201
0.646146
0.650726
0.638587
0.518337
0.442063
0.458097
0.590945
0.739139
0.773038
0.986282
1.071030
1.240526
1.109052
1.203191
1.156007
1.085689
0.885730
0.512152
0.410226
0.354338
0.377014
0.365332
0.419846
0.631715
0.763418
0.840379
1.056371
1.107678
0.819993
0.735016
0.448248
0.433589
0.404958
0.423510
0.405645
0.408622
0.470694
0.476421
0.443667
0.422365
0.559565
0.517878
0.572621
0.519711
0.482147
0.543990
0.619805
0.774642
0.985137
1.080421
1.232738
1.046293
1.200443
1.148449
0.758837
0.776016
0.830071
0.907948
0.808083
0.749904
0.844960
0.910925
0.675922
0.653017
0.629654
0.689436
0.658743
0.572850
0.551319
0.571247
0.594839
0.508029
0.422365
0.535515
0.815183
0.727458
0.659659
0.568269
0.449164
0.409539
0.377930
0.356170
0.437253
0.349757
0.365790
0.371516
0.446186
0.630341
0.675006
0.828239
0.972539
0.675464
0.765251
0.728832
0.785636
0.639961
0.646375
0.685771
0.856183
1.013081
0.913903
0.637900
0.461991
0.357774
0.376327
0.430840
0.474817
0.477566
0.692642
0.691268
0.882065
0.890998
0.965210
1.066220
1.012852
1.046980
1.304431
1.266409
1.173415
1.121192
0.860764
0.970936
0.970020
1.066449
1.089812
1.093706
1.176622
1.091645
1.042628
1.128980
0.831904
0.740743
0.703866
0.582699
0.579721
0.602168
0.438857
0.344718
0.304176
0.257221
0.215076
0.215764
0.261573
0.228132
0.219886
0.265467
0.483521
0.696536
0.930395
0.941618
1.148220
1.320464
1.553864
1.329626
1.114320
1.258163
0.964523
0.862367
0.775329
0.634006
0.530018
0.449851
0.452142
0.469778
0.547426
0.493599
0.501158
0.496119
0.464510
0.604230
0.516046
0.460158
0.482834
0.474130
0.445499
0.402896
0.319752
0.350902
0.383427
0.519024
0.502990
0.574224
0.651414
0.720586
0.840379
0.799608
0.619805
0.709821
0.675006
0.729290
0.702491
0.610643
0.526124
0.552694
0.579034
0.495203
