0.581755
1.092661
1.332423
1.272042
0.935658
0.594588
0.649574
0.736695
0.648800
0.456845
0.951221
2.126661
2.140182
1.776005
1.124539
1.407485
1.552086
1.776779
1.851003
2.184936
2.170598
2.044054
1.724372
1.690667
1.755347
1.926194
1.894961
1.733981
1.573345
1.386505
1.337453
1.061923
1.246763
1.748404
2.173651
2.663964
2.542385
2.015551
1.583362
1.382550
1.828518
1.920949
2.098825
1.783808
1.859429
1.890855
1.865383
2.636020
2.037992
1.814998
0.950834
0.867259
0.683494
0.563549
0.363554
0.458758
0.439025
0.396206
0.804406
1.239583
1.577859
1.095133
0.604777
0.456092
0.535755
0.602456
0.666899
0.585711
0.796023
0.787747
0.722121
0.703506
0.843593
0.834006
1.084816
1.891242
1.867081
1.695977
0.957347
0.739834
0.692715
0.721433
1.101840
1.353703
1.380960
1.026778
0.728763
0.467034
0.504006
0.703635
0.727452
0.629540
0.441132
0.269146
0.275788
0.578639
0.813391
0.881618
0.625929
0.363232
0.451105
0.873020
1.990165
2.092226
1.809968
1.428443
1.340999
1.377262
1.368664
1.366966
1.370083
1.030647
0.832501
0.775022
0.744025
0.588140
0.721562
0.999629
1.365332
1.528978
1.422339
0.884821
0.588290
0.453427
0.584743
0.582142
0.410006
0.366907
0.374775
0.349002
0.282537
0.224027
0.635516
1.356949
1.411720
1.056398
0.595899
0.767950
0.849826
0.818959
0.587602
0.582637
0.517935
0.424795
0.661138
0.748647
0.785447
0.811908
0.736287
0.651594
0.521869
0.473805
0.569137
0.428428
0.363210
0.350205
0.594330
0.837681
0.984281
0.928758
0.965558
0.775989
0.805911
0.662127
0.667071
0.638052
0.929424
1.174968
1.255619
1.046038
0.916785
0.780310
0.986452
0.959690
0.658903
0.590934
0.499191
0.440573
0.277035
0.373184
0.567009
1.130537
1.159298
1.073014
0.648069
0.615804
0.799656
0.859886
0.992858
1.063535
1.422682
1.680629
1.628287
1.366472
1.121637
0.948921
0.915001
0.744090
0.585453
0.579197
0.631195
0.612773
0.675777
0.522449
0.642308
1.058226
1.153150
1.289561
1.152849
1.043695
0.810296
0.313298
0.278862
0.278991
0.551253
0.842045
1.450992
1.415460
1.472058
1.411978
2.050524
1.788515
1.589638
0.943676
0.902576
0.781943
0.674939
0.520773
0.698433
0.691834
0.689018
0.722014
0.692930
0.633947
0.565763
0.631582
0.680527
0.816981
1.274084
1.312518
1.171163
0.941290
1.193927
1.186962
1.066179
0.719929
0.724851
0.625757
0.676400
0.663331
0.634462
0.714082
1.074476
1.307746
1.197517
0.845463
0.941075
0.981809
1.228556
1.256973
1.221764
1.191648
1.284746
1.645613
1.428594
0.941419
0.681817
0.634656
0.523438
0.381868
0.324217
0.212548
0.323787
1.048166
1.400349
1.353467
0.776075
0.470065
0.233678
0.323615
0.674724
1.779380
1.852099
1.623816
1.030023
1.188961
1.328511
1.250804
0.772313
1.837052
1.948485
1.981631
1.166563
1.017449
1.189628
1.426014
1.320299
1.259488
0.783706
0.571008
0.662858
0.580616
0.820678
0.762877
0.794303
0.761308
0.706344
0.961539
1.009151
1.123572
1.259789
1.261960
1.227030
1.333046
1.646645
1.591122
1.061450
0.640331
0.576424
0.524685
0.403299
0.273144
0.489110
0.666211
0.812532
1.084837
1.190187
1.118241
1.128043
0.916462
0.835080
0.807953
0.910874
1.194185
1.265615
1.545873
1.535857
1.437256
1.004917
0.655571
0.717822
0.739468
0.892903
1.014418
0.994405
1.060547
0.740564
0.747507
0.684418
0.592224
0.739855
0.717930
0.641577
0.420668
0.317339
0.334449
0.418733
0.960528
1.963037
2.047214
1.614122
0.910895
0.760899
1.040578
1.046811
1.152118
1.326060
1.243818
0.992944
0.557917
0.626638
0.841121
0.852986
0.930821
0.848644
0.760641
0.583196
0.533756
0.581712
0.844044
1.007668
0.958465
0.980584
0.931165
0.880844
0.799527
0.676680
0.811134
0.930155
1.176021
1.234983
1.203621
0.881145
0.926780
0.880500
0.829749
0.784415
0.799699
0.955111
0.972028
1.017943
0.784136
0.599511
0.551382
0.788371
0.934433
0.922567
0.731515
0.743402
0.804514
0.912873
0.975188
0.914420
1.085654
0.875578
0.654109
0.279700
0.275831
0.198941
0.152038
0.095655
0.258806
0.814853
1.219786
1.227804
1.357809
1.219829
1.260563
0.886842
0.654604
0.496332
0.497708
0.817755
0.850536
0.753548
0.498804
0.351990
0.284665
0.394529
0.722616
0.955090
1.106720
1.095456
1.019297
0.850020
0.724163
0.686052
0.634935
0.513013
0.672445
0.817669
0.856318
0.962484
0.773496
0.688782
0.394766
0.306591
0.277980
0.300185
0.336577
0.334729
0.215858
0.173662
0.236279
0.344144
0.496590
0.510691
0.723454
0.648134
0.602757
0.493796
0.401773
0.368520
0.246876
0.101158
0.068635
0.036994
0.105608
0.251089
0.324690
0.523352
0.605207
0.737877
0.573630
0.522256
0.532789
0.489883
0.360093
0.244813
0.321831
0.289094
0.247650
0.249606
0.308590
0.350098
0.398914
0.405513
0.361082
0.382556
0.585968
0.646457
0.627928
0.510046
0.464282
0.509681
0.687857
0.719671
0.655872
0.441067
0.448419
0.438165
0.392917
0.296338
0.231958
0.273144
0.348808
0.349088
0.382406
0.362952
0.421205
0.701464
0.635473
0.633646
0.296896
0.194642
0.195631
0.241352
0.197695
0.132692
0.178284
0.260418
0.271489
0.309471
0.251863
0.266588
0.293135
0.378451
0.428987
0.266760
0.295564
0.296381
0.369917
0.534336
0.586140
0.538205
0.404761
0.377290
0.309600
0.221490
0.245135
0.251820
0.267512
0.261085
0.327248
0.326668
0.244189
0.128995
0.023473
0.028632
0.086262
0.195803
0.405707
0.591020
0.655765
0.578424
0.596480
0.721111
0.666211
0.466776
0.505683
0.630421
0.713158
0.521052
0.540763
0.529306
0.457447
0.391434
0.591020
0.626810
0.682763
0.556541
0.554864
0.681409
0.648413
0.595362
0.441540
0.398334
0.250917
0.179230
0.276089
0.359835
0.343993
0.296123
0.289502
0.324153
0.301303
0.209711
0.366306
0.443066
0.428385
0.264223
0.214826
0.229723
0.184367
0.195480
0.206959
0.170976
0.204939
0.197931
0.278991
0.306419
0.293049
0.439756
0.518924
0.556670
0.425139
0.312954
0.323185
0.302399
0.413080
0.448956
0.499234
0.485004
0.360201
0.358696
0.390230
0.414391
0.403106
0.271575
0.200704
0.162592
0.167923
0.315426
0.353967
0.404224
0.446462
0.442765
0.374517
0.273294
0.383889
0.368498
0.437348
0.411661
0.244060
0.188236
0.165881
0.171384
0.171878
0.262117
0.296574
0.309020
0.214031
0.213128
0.212011
0.181981
0.129403
0.126738
0.120053
0.173168
0.226262
0.221662
0.145482
0.064444
0.042884
0.042067
0.062874
0.118935
0.115259
0.157949
0.165731
0.165602
0.159927
0.154703
0.214654
0.180154
0.182089
0.253003
0.242728
0.260827
0.377655
0.693855
0.843571
0.925770
1.002251
0.892559
0.840239
0.530983
0.406911
0.215471
0.078072
0.103716
0.226885
0.229680
0.197050
0.164720
0.083596
0.141914
0.223962
0.274133
0.278195
0.237698
0.276648
0.405126
0.509208
0.504952
0.420152
0.338877
0.382363
0.405062
0.462520
0.414327
0.199565
0.146342
0.189161
0.294360
0.289223
0.328989
0.340704
0.330558
0.298745
0.257603
0.227960
0.154875
0.237526
0.281871
0.365704
0.342789
0.302550
0.265663
0.254335
0.263019
0.203606
0.129704
0.101158
0.113282
0.144300
0.248961
0.255711
0.324798
0.347432
0.382234
0.397130
0.376580
0.270500
0.147395
0.160099
0.192536
0.170546
0.121514
0.101029
0.140731
0.297305
0.422280
0.351302
0.245178
0.110229
0.094580
0.095806
0.076933
0.083833
0.072741
0.057200
0.090840
0.127920
0.101287
0.078351
0.063885
0.048193
0.034156
0.062681
0.128027
0.130263
0.160507
0.192794
0.185550
0.157756
0.106059
0.119236
0.102921
0.092044
0.156896
0.157261
0.180778
0.117796
0.091163
0.098815
0.135379
0.187226
0.170825
0.140817
0.220695
0.249606
0.249262
0.273810
0.345885
0.302958
0.166204
0.025150
0.014252
0.013521
0.018271
0.013886
0.000107
0.006427
0.013972
0.028245
0.051288
0.163882
0.310482
0.329656
0.265191
0.130521
0.097590
0.093699
0.147309
0.154703
0.257280
0.250703
0.278518
0.268974
0.179165
0.180391
0.160099
0.197695
0.195609
0.213300
0.168267
0.158573
0.151587
0.175898
0.171255
0.187764
0.257452
0.224220
0.212075
0.106252
0.074461
0.093721
0.094688
0.124201
0.337351
0.431953
0.424687
0.332858
0.127297
0.096257
0.152016
0.207668
0.208485
0.168310
0.123943
0.117387
0.090410
0.121837
0.159132
0.142537
0.188946
0.251562
0.235806
0.185378
0.069237
0.057157
0.065131
0.047935
0.039767
0.076245
0.095655
0.129597
0.117409
0.075363
0.042755
0.035575
0.077599
0.119623
0.148491
0.141183
0.107478
0.099137
0.086090
0.085036
0.094430
0.074031
0.140559
0.160271
0.187678
0.118440
0.062337
0.019024
0.066593
0.124911
0.137357
0.172222
0.156488
0.105500
0.025773
0.025644
0.034565
0.047527
0.038692
0.036220
0.027944
0.023645
0.005202
0.023817
0.077986
0.108574
0.121471
0.097590
0.133573
0.107929
0.100255
0.064702
0.113625
0.216503
0.261386
0.282795
0.305129
0.256291
0.155563
0.110638
0.065024
0.031083
0.038198
0.021796
0.030094
0.024225
0.027385
0.021066
0.041594
0.069216
0.076352
0.066421
0.053631
0.073364
0.145030
0.167773
0.123105
0.079963
0.056039
0.031169
0.043271
0.046000
0.080608
0.116678
0.161496
0.153930
0.152446
0.161002
0.145718
0.088777
0.050622
0.026117
0.043765
0.037617
0.022807
0.041701
0.042712
0.071537
0.071946
0.102405
0.138646
0.116033
0.105457
0.114786
0.115517
0.107929
0.138818
0.208464
0.263729
0.274627
0.227251
0.355601
0.521912
0.500567
0.535733
0.623435
0.984367
1.303103
1.255576
1.097175
0.871085
0.654152
0.965537
0.883940
0.763930
0.464024
0.436252
0.464067
0.751140
0.783813
0.762554
0.775043
0.807330
0.740951
0.784781
0.588419
0.581755
0.530897
0.689706
0.763307
0.833425
0.660773
0.732353
0.554306
0.550006
0.494161
0.537023
0.457404
0.623177
0.649638
0.731751
0.725818
0.775194
0.795829
0.703227
0.479866
0.418884
0.463637
0.418045
0.497471
0.566988
0.685385
0.720380
1.002187
1.298180
1.537189
1.279114
1.187543
1.162909
1.184447
1.116908
1.052916
1.154160
1.129591
0.906489
0.755009
0.706537
1.117145
1.246527
1.405465
1.224085
1.006163
0.732740
0.798774
0.656646
0.630314
0.413510
0.304570
0.256076
0.423935
0.387801
0.260569
0.323529
0.513335
0.798624
0.981959
1.067834
1.002423
1.083504
0.976392
0.761179
0.599317
0.355665
0.483542
0.643405
0.804987
0.658688
0.519977
0.478813
0.707461
0.796582
0.845011
0.942322
1.058269
0.800086
0.577994
0.543902
0.394895
0.459080
0.369852
0.381718
0.324755
0.389972
0.380751
0.517054
0.699895
0.757202
0.815928
0.601574
0.473267
0.519160
0.674036
0.698261
0.659182
0.561700
0.617245
0.723325
0.962226
1.005196
0.846322
0.499255
0.374646
0.442421
0.539474
0.507488
0.487239
0.625714
0.640180
0.508907
0.435736
0.524728
0.682763
0.679195
0.715372
0.628035
0.641900
0.688459
0.760082
0.749163
0.808856
0.808404
0.839895
0.711352
0.555316
0.334965
0.107886
0.196233
0.332386
0.469334
0.483370
0.530059
0.575801
0.750904
0.686654
0.721777
0.856275
0.792347
0.828847
0.629884
0.519117
0.396808
0.344380
0.277443
0.418110
0.465078
0.476341
0.583776
0.588677
0.569073
0.423892
0.444463
0.380170
0.460972
0.403815
0.450719
0.499664
0.625305
0.586033
0.859886
0.835639
0.803116
0.676099
0.473654
0.470387
0.439132
0.618341
0.647467
0.575457
0.429330
0.623779
0.849009
0.961517
0.812811
0.528425
0.405105
0.314458
0.321315
0.330859
0.353967
0.316092
0.223102
0.169127
0.216890
0.299755
0.411941
0.564000
0.612666
0.473353
0.400763
0.302679
0.293178
0.223489
0.274735
0.430642
0.810146
0.820442
0.707182
0.498353
0.263406
0.175060
0.168976
0.234753
0.248746
0.262976
0.292103
0.242943
0.150877
0.125426
0.326345
0.549856
0.634978
0.633667
0.602628
0.469850
0.380278
0.272499
0.210635
0.271919
0.346379
0.682999
1.110159
1.259424
1.187586
0.637773
0.361813
0.266803
0.254271
0.248252
0.203950
0.189053
0.149244
0.148298
0.192471
0.177037
0.177919
0.239159
0.267791
0.449751
0.639492
0.681043
0.589580
0.484123
0.520407
0.413897
0.292619
0.332815
0.586097
0.716017
0.843936
0.879426
0.718166
0.687341
0.403729
0.513507
0.559486
0.451535
0.495515
0.642244
0.757718
0.767563
0.560561
0.527157
0.436897
0.434747
0.363898
0.476169
0.521675
0.481070
0.393798
0.295499
0.304484
0.354784
0.415595
0.476040
0.515872
0.367552
0.264567
0.232603
0.194879
0.174651
0.081920
0.121966
0.173469
0.197157
0.156574
0.122632
0.172867
0.283720
0.258333
0.271897
0.201499
0.249907
0.267254
0.271833
0.262482
0.226606
0.195094
0.319015
0.604240
0.606518
0.535948
0.471139
0.540527
0.561184
0.361770
0.288857
0.338619
0.342145
0.313469
0.235871
0.203305
0.198963
0.173383
0.105780
0.068442
0.070570
0.060875
0.123922
0.187162
0.247564
0.181250
0.195910
0.207776
0.380364
0.627304
0.641363
0.667781
0.482532
0.491367
0.483220
0.562667
0.649552
0.554284
0.443797
0.427912
0.444227
0.475030
0.410285
0.364607
0.327549
0.334965
0.413381
0.466475
0.410221
0.270693
0.160808
0.008727
0.033275
0.107628
0.229336
0.231550
0.215536
0.148792
0.355880
0.418776
0.452008
0.281183
0.190150
0.093355
0.055115
0.068313
0.085165
0.081963
0.129618
0.115238
0.077534
0.109842
0.119300
0.137786
0.080716
0.072999
0.094301
0.102577
0.145740
0.121708
0.086885
0.071688
0.126480
0.185807
0.298573
0.264116
0.308418
0.325249
0.287245
0.260290
0.208399
0.310460
0.383545
0.393927
0.379332
0.554091
0.523030
0.515678
0.429030
0.499212
0.518387
0.479587
0.366155
0.343778
0.246016
0.191998
0.205605
0.243136
0.241438
0.218416
0.202252
0.162119
0.191160
0.262719
0.418905
0.421506
0.361641
0.438982
0.497708
0.441561
0.279335
0.097031
0.058640
0.082005
0.148190
0.197888
0.291157
0.276755
0.259000
0.272864
0.174264
0.155907
0.110401
0.125641
0.157433
0.162786
0.147266
0.126738
0.107112
0.128737
0.119558
0.169299
0.306247
0.372991
0.373292
0.251842
0.224048
0.166096
0.096622
0.063605
0.031169
0.064981
0.126372
0.201327
0.231292
0.201994
0.287997
0.452696
0.431244
0.432770
0.349217
0.282451
0.173039
0.092151
0.123341
0.142300
0.118032
0.113110
0.085660
0.147201
0.191289
0.242749
0.214547
0.200188
0.170460
0.148212
0.061907
0.022914
0.000107
0.065346
0.134283
0.205325
0.222801
0.180154
0.300336
0.352978
0.416691
0.313190
0.242964
0.239052
0.285891
0.254357
0.203606
0.138238
0.131101
0.157455
0.154231
0.177532
0.166375
0.146557
0.106940
0.134519
0.211968
0.209539
0.235161
0.225789
0.249993
0.251476
0.220953
0.170739
0.226112
0.322756
0.379783
0.360738
0.424709
0.424773
0.390015
0.324239
0.204208
0.182089
0.199049
0.183314
0.185872
0.216095
0.305129
0.335373
0.301325
0.219512
0.170610
0.107607
0.097095
0.067195
0.095763
0.153779
0.185829
0.161883
0.074869
0.040261
0.041766
0.075342
0.071344
0.078093
0.056125
0.077491
0.079082
0.075256
0.057673
0.056877
0.035081
0.018809
0.066443
0.092431
0.121084
0.127490
0.134455
0.149265
0.189741
0.205970
0.162893
0.123040
0.128049
0.194384
0.209904
0.163044
0.115818
0.146449
0.167450
0.131811
0.090045
0.031835
0.050106
0.030094
0.057544
0.051052
0.047441
0.082672
0.094000
0.131252
0.123836
0.134842
0.141247
0.154338
0.109455
0.058124
0.039767
0.065067
0.069173
0.081124
0.050235
0.026031
0.104017
0.146406
0.146320
0.086305
0.090561
0.137593
0.155542
0.182992
0.144858
0.164591
0.195867
0.183572
0.125663
0.042561
0.072397
0.143504
0.182454
0.181078
0.150404
0.141935
0.143182
0.099653
0.061520
0.013972
0.013972
0.025343
0.014918
0.010425
0.070957
0.087100
0.108402
0.093527
0.059435
0.037488
0.019625
0.053223
0.077642
0.089572
0.161754
0.172846
0.236881
0.168933
0.140022
0.103673
0.039917
0.046860
0.079233
0.102297
0.106166
0.082672
0.065647
0.055523
0.106919
0.080608
0.063949
0.040863
0.069646
0.095827
0.180391
0.177811
0.150920
0.106489
0.110057
0.179681
0.193051
0.142601
0.139936
0.132391
0.182089
0.306677
0.353129
0.355601
0.383932
0.381675
0.278711
0.074998
0.050558
0.007459
0.042733
0.084413
0.179445
0.189053
0.143504
0.161840
0.121772
0.101416
0.072977
0.045033
0.010748
0.001505
0.001010
0.001075
0.006879
0.051740
0.084843
0.104984
0.072483
0.074224
0.065368
0.074504
0.057157
0.029685
0.047742
0.089207
0.162614
0.233764
0.341177
0.297455
0.230776
0.113303
0.062660
0.072096
0.061757
0.091700
0.107091
0.107284
0.112959
0.068979
0.094172
0.108509
0.115302
0.110444
0.087358
0.066357
0.114335
0.178585
0.205239
0.196620
0.180541
0.178735
0.103952
0.052449
0.026268
0.038821
0.064981
0.061004
0.077900
0.153134
0.170976
0.192665
0.109025
0.066507
0.043700
0.091356
0.115560
0.143999
0.142709
0.117774
0.105737
0.084714
0.065089
0.072569
0.107779
0.100298
0.057372
0.042905
0.024806
0.038885
0.069065
0.099159
0.103931
0.103200
0.069646
0.090819
0.088132
0.079555
0.054685
0.044044
0.100728
0.103222
0.085337
0.082650
0.065153
0.059672
0.036779
0.029943
0.067475
0.174329
0.169815
0.145546
0.109348
0.083102
0.073536
0.042045
0.031298
0.028202
0.036908
0.048601
0.058038
0.075105
0.086520
0.111003
0.123427
0.145546
0.120934
0.125835
0.117903
0.122804
0.100406
0.075643
0.054556
0.074332
0.084198
0.098514
0.061370
0.034221
0.029707
0.062359
0.069603
0.124610
0.177983
0.186775
0.153220
0.108853
0.085337
0.072870
0.048451
0.056082
0.048215
0.069087
0.137937
0.210785
0.223919
0.295972
0.258355
0.235118
0.165473
0.121471
0.143160
0.158831
0.186345
0.253196
0.220824
0.189483
0.118247
0.153027
0.191461
0.172588
0.097826
0.132885
0.220974
0.450869
0.440702
