0.275226
0.392726
0.415929
0.339228
0.298406
0.240972
0.206511
0.088920
0.074321
0.040456
0.078989
0.203903
0.260902
0.186558
0.081415
0.054002
0.065626
0.069974
0.069539
0.077799
0.141663
0.147933
0.170792
0.119674
0.193743
0.211797
0.178572
0.079538
0.033019
0.053773
0.080088
0.106814
0.131870
0.109857
0.113999
0.092192
0.085259
0.112809
0.162166
0.181478
0.141000
0.093794
0.029106
0.047389
0.053773
0.053018
0.054460
0.080728
0.127225
0.152510
0.101963
0.048213
0.031394
0.051416
0.098897
0.114800
0.119811
0.151709
0.192805
0.231727
0.197839
0.152143
0.134250
0.139901
0.118049
0.125852
0.148780
0.136400
0.225366
0.462082
0.477985
0.482127
0.314538
0.307399
0.225435
0.185689
0.221087
0.222094
0.208845
0.163768
0.185689
0.175231
0.185528
0.164088
0.129353
0.080682
0.020594
0.016590
0.031943
0.092970
0.104022
0.159763
0.170541
0.175552
0.147292
0.150587
0.176673
0.173584
0.110956
0.070569
0.082101
0.153242
0.215687
0.177794
0.212072
0.191890
0.191752
0.116974
0.115921
0.162852
0.215161
0.193949
0.136332
0.143883
0.322112
0.375816
0.290443
0.146034
0.099812
0.079401
0.066747
0.086037
0.085488
0.131824
0.162875
0.282457
0.310511
0.298292
0.194155
0.202965
0.215413
0.206305
0.219577
0.121367
0.143425
0.138620
0.250788
0.262527
0.365748
0.445744
0.423869
0.260856
0.105464
0.106837
0.145119
0.169328
0.200745
0.262229
0.235412
0.169259
0.059516
0.022356
0.056656
0.063841
0.073909
0.057457
0.058441
0.094069
0.102604
0.103839
0.146446
0.198731
0.208388
0.268957
0.330533
0.357602
0.273945
0.203903
0.162646
0.176765
0.191180
0.101002
0.076312
0.089149
0.156674
0.201706
0.247219
0.334445
0.392246
0.463798
0.391079
0.394763
0.343141
0.290466
0.257561
0.209532
0.254221
0.209829
0.178641
0.238043
0.211683
0.182874
0.138185
0.233238
0.424784
0.469519
0.466453
0.289276
0.265158
0.177497
0.181616
0.291038
0.347832
0.431191
0.413229
0.342340
0.219074
0.276142
0.303005
0.302456
0.268705
0.342866
0.396387
0.441008
0.512308
0.606583
0.691109
0.607361
0.544366
0.356138
0.291038
0.178778
0.207816
0.278910
0.264037
0.236693
0.267012
0.241933
0.242276
0.197359
0.317787
0.498373
0.582602
0.488397
0.365657
0.274037
0.255502
0.267401
0.273625
0.347465
0.323210
0.497916
0.663948
0.652942
0.483271
0.325888
0.258111
0.281496
0.403206
0.458810
0.520683
0.569743
0.664635
0.639716
0.764309
0.675389
0.663765
0.572031
0.467116
0.338175
0.297422
0.287949
0.349433
0.496543
0.475926
0.519585
0.380027
0.430161
0.515878
0.507526
0.533337
0.517228
0.480754
0.426866
0.206992
0.178961
0.176810
0.242002
0.412634
0.676717
0.887873
0.862588
0.793873
0.685091
0.341562
0.304722
0.160999
0.135668
0.153196
0.190265
0.223376
0.270787
0.312868
0.247837
0.298589
0.382384
0.359524
0.469999
0.467345
0.442998
0.465675
0.458444
0.442312
0.385587
0.304333
0.367830
0.310007
0.281267
0.198228
0.144226
0.144020
0.256463
0.334240
0.345200
0.386136
0.374169
0.377487
0.357854
0.490181
0.525214
0.507457
0.252916
0.194498
0.179579
0.320098
0.326139
0.342797
0.277560
0.379111
0.349342
0.268385
0.171410
0.167589
0.331288
0.406089
0.494300
0.587064
0.562237
0.601160
0.508762
0.511485
0.577614
0.355932
0.326071
0.308840
0.369203
0.375542
0.287423
0.262893
0.260696
0.310511
0.654429
1.467844
1.663990
1.532280
0.955879
0.827190
0.694771
0.788290
0.722412
0.487756
0.437392
0.419979
0.548096
0.801790
0.826457
0.714129
0.421489
0.395129
0.411421
0.357030
0.434212
0.541803
0.717149
0.772341
0.551574
0.345498
0.236075
0.314652
0.344948
0.281542
0.306827
0.396090
0.585577
0.631890
0.659280
0.742114
0.861192
1.008874
1.020338
0.935788
1.010087
1.088733
1.296228
1.178980
1.068802
1.103720
1.039307
1.395376
1.171154
1.235979
0.572122
0.427370
0.423274
0.348587
0.462654
0.499105
0.717355
0.755729
0.706852
0.634796
0.701589
0.890916
1.001231
0.925514
0.775659
0.784400
1.044501
1.248313
1.174632
1.041984
0.901671
0.986060
0.982720
0.644933
0.457803
0.371057
0.453318
0.630220
0.731107
0.921807
0.949678
0.915354
0.635048
0.495421
0.820554
1.120379
1.190970
1.291514
1.138135
1.139897
0.859659
0.583014
0.639670
0.557684
0.700766
0.528257
0.394397
0.327672
0.424029
0.485056
0.616537
0.506176
0.566242
0.448925
0.402520
0.369364
0.299459
0.255914
0.296301
0.504117
0.584204
0.700926
0.704038
0.677769
0.669738
0.785269
0.832590
0.974139
1.093469
1.098526
1.017546
0.693581
0.445950
0.641455
0.856822
0.856685
0.623218
0.437438
0.490410
0.768268
1.227009
1.008027
1.048940
0.942333
0.987571
1.201976
1.308332
1.319087
1.085071
0.780281
0.539561
0.631318
0.715868
0.838493
0.754676
0.857829
0.835038
0.951417
0.844786
0.677952
0.610633
0.595508
0.638114
0.671911
0.601389
0.662118
0.713191
0.868950
0.807419
0.842749
0.650013
0.618115
0.804879
0.781517
0.827464
0.797992
0.821904
0.743304
0.640334
0.384695
0.499838
0.694679
0.839637
0.858630
1.017478
1.301147
1.580836
2.345489
2.283249
2.146894
1.651519
1.699686
1.868533
1.688474
1.197903
0.704518
0.564251
0.656649
0.923409
0.974047
0.971004
0.873595
0.885539
0.697745
0.747171
0.866410
0.944804
0.964391
0.906545
0.898582
0.763966
0.599146
0.609397
0.699965
0.765202
0.816160
0.985786
1.246596
1.448394
1.289592
1.361785
1.066377
1.183053
0.975351
0.621708
0.414304
0.374970
0.453616
0.558301
0.687059
0.726439
0.776460
0.658663
0.560315
0.448925
0.621250
0.683856
1.714124
2.706683
2.711443
1.921437
0.236693
0.277972
0.548165
1.094018
1.223234
1.427960
1.465464
1.521594
1.432399
0.287125
0.349250
0.399682
0.449268
0.415357
0.390598
0.516175
0.574960
0.580955
0.614820
0.682757
0.771700
1.314122
1.409632
1.963471
2.264143
1.761399
1.396406
0.941074
1.088229
0.897529
0.455011
0.503911
0.577660
0.811149
1.103629
1.415924
1.271355
0.992170
0.897964
0.877370
0.582854
0.490067
0.550316
0.524848
0.567569
0.548348
0.796276
1.018187
1.054432
0.920617
0.668204
0.718888
0.708088
0.826503
0.932173
0.901991
0.709507
0.574159
0.548737
0.563679
0.652324
0.736393
0.902838
0.769298
0.599878
0.439269
0.492675
0.488099
0.440390
0.523635
0.931784
1.226918
1.580813
1.208932
1.032831
1.128273
1.301720
1.315952
0.855747
0.596263
0.589101
0.508075
0.411970
0.522354
0.692826
0.815337
0.856433
0.733304
0.809227
1.027500
1.149073
1.434207
1.405696
1.222524
0.938374
0.792226
0.741885
0.694313
0.682277
0.670859
0.645116
0.785109
0.724746
0.592785
0.446225
0.656351
0.810692
0.990408
0.865197
0.957297
1.250029
1.700784
1.779934
1.856749
1.164427
