0.602897
0.557688
0.530574
0.693333
0.901800
1.037695
0.993825
0.908695
1.183074
1.099908
1.070454
0.766388
0.517374
0.559028
0.872453
1.390523
1.451522
1.329257
1.101998
1.046858
0.876901
0.846857
0.749509
0.607363
0.484365
0.283792
0.297546
0.411720
0.615847
0.743864
0.960388
0.928558
0.806381
0.569852
0.676328
0.689939
0.787126
0.667272
0.741721
0.728896
0.742185
1.263917
1.467544
1.393078
1.109357
1.042267
1.058182
1.164747
1.235302
1.199310
0.958709
0.661485
0.749330
0.936971
1.041053
1.104892
1.043357
0.859825
0.712106
0.699334
0.775891
0.958459
1.104713
1.190219
1.366267
1.319325
1.152565
0.971409
0.769157
0.671577
0.606773
0.453535
0.522018
0.528788
0.513194
0.813973
1.112144
1.049198
0.809186
0.580712
0.424580
0.334859
0.406772
0.511747
0.509872
0.739417
0.874793
0.966300
0.874847
0.578676
0.355061
0.342951
0.299511
0.328643
0.376835
0.527680
0.525429
0.394572
0.919627
1.205973
1.211242
0.834139
0.382712
0.355151
0.315997
0.334770
0.447015
0.550168
0.878240
1.093835
1.229533
1.139794
0.900014
0.660073
0.693475
0.689760
0.622438
0.612989
0.886796
1.162014
1.359747
1.284959
0.876543
0.715428
0.711891
0.667111
0.616508
0.407272
0.330233
0.494439
1.203615
1.323719
1.122593
0.873078
1.008026
1.291711
1.612656
1.501714
1.160210
0.742346
0.405272
0.187301
0.175709
0.268645
0.447694
0.506603
0.436762
0.227276
0.155560
0.343505
0.689046
0.906069
1.162193
1.343689
1.494445
1.446682
1.571466
1.600813
1.835216
1.516218
1.216601
0.835872
0.872149
0.983948
1.010955
1.176161
1.217226
1.090923
1.176697
1.016975
0.917626
0.851626
0.781249
1.143563
1.909040
1.790883
1.364070
1.007776
0.785572
0.793378
0.586839
0.477309
0.329554
0.349774
0.466520
0.611721
0.802327
1.047965
1.116484
1.173732
0.914429
0.724573
0.768496
0.734451
0.665896
0.412827
0.192624
0.243102
0.402307
0.566298
0.763780
0.795789
0.923806
0.923628
0.822868
0.951564
0.877133
0.810043
0.787448
0.686027
0.649839
0.710141
0.715910
0.622260
0.388088
0.267788
0.382247
0.365993
0.520660
0.586000
0.664771
0.660556
0.648124
0.551651
0.465127
0.408826
0.474183
0.434029
0.450105
0.531770
0.526305
0.469325
0.377818
0.373656
0.406165
0.428617
0.534378
0.532985
0.453785
0.513551
0.660038
0.671130
0.563797
0.551222
0.555384
0.539826
0.548989
0.670273
0.743900
0.680150
0.567941
0.404843
0.355794
0.260661
0.285882
0.361117
0.494492
0.428671
0.395662
0.280559
0.354794
0.509675
0.716071
0.739935
0.779303
0.817116
0.807221
0.846303
0.794467
0.674381
0.576604
0.649160
0.999166
0.981179
0.879830
0.851965
0.821582
0.993450
0.895299
0.639586
0.425974
0.334163
0.328447
0.244460
0.344469
0.482436
0.542023
0.646641
0.811936
0.813348
0.783572
0.555402
0.494010
0.478685
0.548186
0.439120
0.523268
0.661824
0.735880
0.799487
0.774926
0.784911
0.903283
0.963049
1.010330
0.834246
0.773712
0.637692
0.460590
0.285185
0.310085
0.712034
1.082618
1.171892
1.025816
0.742489
0.723734
0.715142
0.739952
0.686831
0.830781
0.778267
0.730396
0.743239
0.791413
0.831424
0.761905
0.554598
0.611024
0.605969
0.554169
0.710266
1.035158
1.082975
1.121378
1.058843
1.074526
1.148028
1.158799
1.097104
0.882599
0.819153
1.042982
0.938078
0.847857
0.715303
0.570745
0.563690
0.692618
0.727020
0.731968
0.614722
0.520857
0.372048
0.409148
0.363135
0.507585
0.712088
0.844535
0.780410
0.651714
0.948527
1.008115
1.035783
0.938007
0.809400
0.868702
0.751438
0.642658
0.494903
0.268966
0.262679
0.407558
0.437691
0.437030
0.373191
0.298260
0.205217
0.184533
0.181978
0.207843
0.255445
0.290705
0.246853
0.164241
0.251765
0.276897
0.214648
0.131179
0.159776
0.220007
0.211915
0.200287
0.166688
0.153899
0.151952
0.156579
0.176120
0.201430
0.256356
0.281970
0.225883
0.324035
0.379372
0.413863
0.246425
0.146004
0.170118
0.136823
0.127606
0.131840
0.144522
0.176441
0.169600
0.217363
0.184497
0.230313
0.202931
0.195232
0.187801
0.162884
0.146129
0.169886
0.143486
0.169904
0.140646
0.136448
0.144557
0.144361
0.115996
0.123534
0.235136
0.231242
0.238923
0.154596
0.180174
0.134305
0.122051
0.071252
0.072448
0.109780
0.133822
0.119211
0.098295
0.106315
0.186104
0.226669
0.256749
0.233975
0.242370
0.252373
0.187212
0.174494
0.187373
0.186301
0.204163
0.183765
0.132876
0.086024
0.049031
0.092686
0.153042
0.224419
0.198912
0.196232
0.174012
0.224436
0.226401
0.169296
0.088649
0.066447
0.092650
0.093365
0.159972
0.168314
0.180817
0.109119
0.058230
0.045209
0.029044
0.059284
0.123105
0.116550
0.136805
0.115067
0.110173
0.140056
0.190802
0.278916
0.306959
0.291723
0.274504
0.308977
0.371727
0.397716
0.442585
0.417221
0.400967
0.287757
0.254945
0.262107
0.279326
0.293295
0.400467
0.385498
0.345166
0.295956
0.357366
0.436530
0.355454
0.326089
0.332930
0.344308
0.335735
0.281041
0.297349
0.302761
0.259678
0.202216
0.183264
0.188855
0.244478
0.232456
0.214577
0.167724
0.121301
0.118800
0.107512
0.102760
0.165349
0.212594
0.247996
0.231581
0.182639
0.162723
0.155810
0.139967
0.186765
0.184818
0.168314
0.114603
0.137877
0.213808
0.261375
0.536004
0.767710
0.703014
0.592662
0.329483
0.347095
0.316051
0.318498
0.319998
0.342183
0.311728
0.220739
0.162455
0.170600
0.095097
0.122962
0.144218
0.168885
0.174191
0.176923
0.167314
0.307513
0.331680
0.338253
0.274021
0.216541
0.198697
0.152863
0.126034
0.166528
0.127374
0.134644
0.162473
0.173458
0.185229
0.152131
0.088399
0.129482
0.116014
0.121498
0.088560
0.135948
0.108976
0.080433
0.011843
0.008467
0.027650
0.057230
0.104136
0.107637
0.107029
0.095544
0.096133
0.121247
0.136287
0.120211
0.103903
0.091650
0.047763
0.029740
0.039279
0.038403
0.040529
0.026239
0.030365
0.030973
0.032241
0.036974
0.049335
0.061124
0.045941
0.051139
0.050835
0.049442
0.063839
0.120926
0.124320
0.107833
0.131089
0.121605
0.102957
0.027990
0.073306
0.111816
0.112709
0.060838
0.063303
0.096419
0.098759
0.065679
0.050139
0.077485
0.080826
0.084327
0.045905
0.057444
0.068269
0.075931
0.073949
0.065589
0.069948
0.086649
0.070037
0.062571
0.018255
0.012057
0.031044
0.034670
0.062428
0.080290
0.097580
0.084487
0.081647
0.088471
0.085059
0.096759
0.066179
0.067715
0.062821
0.049371
0.038368
0.033831
0.086809
0.126160
0.117532
0.046352
0.040243
0.077646
0.101974
0.092597
0.104939
0.100260
0.079950
0.045548
0.074431
0.090293
0.084005
0.048013
0.022899
0.042512
0.067733
0.081844
0.090096
0.075003
0.051139
0.059927
0.074110
0.123123
0.140789
0.143807
0.087435
0.042905
0.036564
