0.085906
0.110457
0.105795
0.102552
0.101493
0.133094
0.146293
0.166520
0.223347
0.284230
0.232222
0.169943
0.082348
0.000698
0.001059
0.035115
0.106809
0.149604
0.154537
0.192805
0.197062
0.229226
0.151676
0.098227
0.074329
0.020272
0.058269
0.057954
0.084465
0.094488
0.102822
0.086852
0.101921
0.235398
0.284860
0.270558
0.192129
0.144919
0.108610
0.059373
0.018853
0.011127
0.013965
0.033921
0.065612
0.055184
0.040971
0.041331
0.082730
0.097979
0.084825
0.043674
0.051805
0.058562
0.078789
0.080388
0.088294
0.058630
0.021916
0.023065
0.032412
0.037930
0.066108
0.100795
0.157555
0.119625
0.080591
0.039957
0.035655
0.032660
0.028763
0.054125
0.107597
0.120593
0.105097
0.085591
0.077212
0.044485
0.001126
0.000698
0.000698
0.000698
0.006937
0.024776
0.032209
0.059959
0.065319
0.065319
0.057774
0.065094
0.096673
0.092078
0.111561
0.157352
0.130842
0.065387
0.027164
0.070905
0.094578
0.095727
0.076604
0.048922
0.056873
0.072820
0.143455
0.126922
0.149694
0.142284
0.135144
0.106178
0.000698
0.000698
0.000698
0.008109
0.024866
0.027029
0.029326
0.041264
0.090231
0.078451
0.052143
0.025542
0.043268
0.053427
0.092866
0.123048
0.108228
0.080523
0.060995
0.074802
0.075545
0.039710
0.028425
0.019753
0.023110
0.070207
0.134423
0.164695
0.107957
0.095254
0.075861
0.080050
0.048269
0.027029
0.026961
0.043223
0.124445
0.180597
0.197130
0.141000
0.147599
0.070725
0.085884
0.043922
0.043809
0.086762
0.074329
0.051805
0.030385
0.050048
0.070793
0.173389
0.176498
0.148320
0.056535
0.033786
0.084893
0.153388
0.176588
0.198886
0.092236
0.098069
0.075951
0.033966
0.037592
0.087731
0.074329
0.099736
0.058427
0.056400
0.047345
0.086672
0.123837
0.201274
0.304208
0.344436
0.322993
0.340922
0.444938
0.463881
0.408922
0.222807
0.090749
0.039845
0.030227
0.020272
0.008289
0.042548
0.071221
0.093745
0.074261
0.044057
0.040813
0.039957
0.072189
0.090163
0.093046
0.062459
0.045431
0.090952
0.075455
0.055995
0.018582
0.025452
0.099038
0.111268
0.087573
0.072707
0.117327
0.132125
0.126247
0.129986
0.125098
0.151203
0.109962
0.088902
0.080748
0.120436
0.199314
0.181070
0.154694
0.092618
0.066243
0.058923
0.035903
0.056175
0.045273
0.056693
0.079960
0.132756
0.202310
0.273306
0.255376
0.256525
0.209157
0.160235
0.201634
0.131562
0.205486
0.268193
0.187196
0.127305
0.209923
0.298600
0.354369
0.309952
0.278328
0.214991
0.109894
0.074779
0.104691
0.151676
0.166835
0.148883
0.031038
0.068766
0.135391
0.184291
0.121562
0.107552
0.099961
0.125571
0.166520
0.176115
0.155280
0.079735
0.063337
0.092078
0.149311
0.240736
0.252336
0.254430
0.224834
0.290626
0.321597
0.350855
0.326304
0.338918
0.265332
0.188548
0.200283
0.193278
0.174065
0.128319
0.110818
0.036218
0.027862
0.039620
0.048156
0.141991
0.247583
0.288194
0.348873
0.232109
0.187534
0.107890
0.042976
0.027997
0.076581
0.131292
0.249385
0.299568
0.410138
0.440028
0.431446
0.266954
0.101583
0.025249
0.030407
0.097596
0.120728
0.112777
0.112935
0.095411
0.097033
0.126112
0.172443
0.199314
0.201004
0.179651
0.162600
0.132486
0.101380
0.121382
0.124017
0.160934
0.170731
0.178615
0.199404
0.316439
0.309299
0.217874
0.053539
0.004054
0.022073
0.053562
0.071086
0.062842
0.065387
0.085028
0.116629
0.163704
0.179719
0.174808
0.215149
0.280063
0.245984
0.264837
0.168366
0.118971
0.068721
0.070320
0.070658
0.093632
0.127350
0.217221
0.300019
0.296280
0.430410
0.507487
0.596794
0.462259
0.527421
0.612336
0.688872
0.563662
0.446898
0.326282
0.359978
0.271796
0.222739
0.195057
0.234835
0.342026
0.387862
0.458993
0.291505
0.249272
0.169898
0.140279
0.114827
0.076244
0.129670
0.143996
0.150730
0.163817
0.225217
0.218482
0.142644
0.185057
0.308826
0.548571
0.545845
0.470593
0.318534
0.276008
0.260715
0.241952
0.196161
0.106110
0.097213
0.123341
0.166452
0.223257
0.288915
0.336350
0.276999
0.183840
0.185124
0.243056
0.215149
0.178097
0.257539
0.330156
0.434442
0.471877
0.472214
0.440771
0.388853
0.294861
0.544989
1.011956
1.012699
0.663848
0.164515
0.159402
0.186408
0.234474
0.301460
0.400341
0.385768
0.327431
0.272855
0.330269
0.348693
0.326192
0.292654
0.267427
0.262832
0.205193
0.140910
0.276121
0.427054
0.554382
0.501563
0.345157
0.293847
0.319750
0.446740
0.414711
0.300987
0.545913
0.695472
0.745069
0.636910
0.480368
0.510347
0.617088
0.621436
0.619386
0.504266
0.510302
0.471291
0.362748
0.343558
0.420635
0.461245
0.545034
0.421243
0.434374
0.290762
0.330269
0.349639
0.394642
0.322047
0.266210
0.257584
0.327543
0.455367
0.452101
0.280446
0.272089
0.354324
0.370023
0.351869
0.284207
0.345202
0.371420
0.428045
0.428405
0.519087
0.481404
0.462867
0.489716
0.547309
0.660762
0.774959
0.862171
0.870167
0.863275
0.854175
0.748335
0.532962
0.500437
0.542016
0.626053
0.545417
0.523501
0.484715
0.453790
0.553886
0.575397
0.482643
0.519717
0.775589
0.872600
0.883366
0.892151
1.024592
1.005784
0.924202
0.635806
0.642698
0.481066
0.447776
0.309321
0.251705
0.502892
0.859581
1.003194
0.812258
0.476697
0.270445
0.077505
0.046107
0.074397
0.135459
0.264318
0.331800
0.278103
0.155708
0.114106
0.115615
0.156519
0.168930
0.215374
0.293442
0.387412
0.603371
0.779486
0.765994
0.492689
0.358896
0.410116
0.441469
0.441897
0.329525
0.376488
0.472935
0.520596
0.515032
0.417797
0.344774
0.283554
0.186228
0.246952
0.512217
0.632337
0.720586
0.638103
0.533367
0.400183
0.257922
0.375361
0.450682
0.523974
0.487801
0.319164
0.343197
0.292248
0.388155
0.416603
0.502284
0.509897
0.462642
0.538457
0.574270
0.600060
0.505370
0.510325
0.688174
0.761647
0.903796
0.672610
0.654275
0.876857
1.201945
1.256318
1.021821
0.587762
0.601367
0.851202
1.001505
0.935487
0.746376
0.764012
0.850684
0.886835
0.739371
0.652541
0.612156
0.384596
0.309231
0.246277
0.232762
0.277810
0.348085
0.254836
0.350382
0.394146
0.391984
0.396444
0.419126
0.443046
0.666799
0.640941
0.516947
0.374979
0.368244
0.368830
0.371983
0.490977
0.574315
0.659343
0.885844
1.197350
1.416531
1.260778
0.941636
0.886452
0.917941
0.759395
0.877488
1.159510
1.564378
1.738961
1.910999
1.510816
1.326412
0.695832
0.754800
0.704256
0.662947
0.561792
0.440298
0.745430
1.381055
1.660330
2.178786
2.037561
2.062450
1.155411
1.356887
1.713734
2.027763
1.739119
1.711189
2.066437
2.184124
2.146689
1.482841
1.291748
1.560256
1.776711
1.740830
1.857797
1.905075
2.198697
2.352693
2.225838
2.338503
2.173425
2.527276
2.093713
1.969584
1.515884
1.241632
1.047724
0.726307
0.626616
0.880236
0.908841
0.902399
1.169398
1.657064
1.892417
1.439460
1.008622
0.632900
0.731825
0.822980
1.146649
1.595709
1.862009
2.365081
2.629648
2.192616
1.696571
0.630738
0.421220
0.572829
0.740812
0.961772
0.873524
0.539674
0.437190
0.631819
0.884876
0.925171
0.761647
0.561387
0.743966
0.903931
1.156559
1.283684
1.396665
1.512595
1.280351
1.005919
0.743268
0.849063
1.292649
1.314813
1.229064
0.702274
0.457056
0.207603
0.161812
0.184539
0.246119
0.295672
0.471313
0.460592
0.451245
0.324052
0.385497
0.494783
0.832935
0.978598
0.767346
0.477215
0.691305
0.742997
0.792257
0.938392
1.144869
1.553499
1.337382
1.510230
1.336728
1.272558
1.035290
0.962426
1.157595
0.978868
0.925509
0.709211
0.409958
0.388831
0.419689
0.663600
0.905643
0.995085
0.839287
0.998194
1.420337
1.728713
1.601024
1.447997
1.263863
1.254764
1.245529
1.031574
0.859626
0.840548
0.656460
0.779734
0.764755
0.736443
0.713243
0.712117
0.753020
0.724708
0.877645
1.119868
1.243141
1.576023
1.321930
1.098650
0.972471
0.936726
1.096263
0.942649
0.787009
0.890034
1.033421
1.179309
1.378150
1.248480
1.042408
0.785252
0.498477
0.679277
0.696778
0.649320
0.448271
0.750633
1.158361
1.199535
0.966232
0.596119
0.579992
0.879673
1.078852
1.243254
1.535727
2.325957
2.692197
2.495765
1.095902
0.614994
0.695539
0.847148
1.061486
1.636590
1.582374
1.739659
1.441735
1.399255
1.047341
0.963259
1.071689
1.125679
1.050044
1.072297
1.225460
1.467638
1.412048
1.604403
1.276567
1.621161
1.386416
1.457412
0.750813
0.717523
0.474737
0.415567
0.577491
0.875393
0.875303
0.974206
1.107998
1.145387
1.018735
0.770657
0.626548
0.627720
0.488995
0.500932
0.561725
0.585622
0.481111
0.404598
0.367253
0.340202
0.123769
0.050611
0.295334
0.527849
0.759102
0.943348
0.958912
0.949992
0.824151
0.646617
1.025943
1.298753
1.766913
2.056121
2.128738
2.217167
2.153311
1.947645
1.855793
1.522281
1.227510
1.153203
0.977877
0.876136
0.937627
0.809308
1.027317
1.195391
1.466264
1.219604
1.136513
0.989634
1.963637
2.226717
2.232731
1.398827
0.872375
0.854063
0.921567
0.924270
0.896385
0.735091
0.779756
0.936546
0.994184
0.966300
0.812731
0.950353
1.265643
1.466196
1.490207
1.411193
1.492324
1.351076
1.239020
0.944384
0.703873
0.514086
0.503297
0.636436
0.803474
0.885731
1.028668
1.346053
1.247962
0.863590
0.195733
0.185214
0.235826
0.445343
0.564788
0.686214
0.664997
0.764530
0.867983
1.094709
1.359545
1.726753
2.173358
1.953479
1.686142
1.288775
0.969498
0.913999
1.197283
1.426847
1.421914
0.813655
0.549539
0.644410
0.882871
1.040741
1.195008
1.290892
1.144824
0.963754
0.788090
0.828295
0.834535
0.869492
0.852351
0.941073
1.023713
1.342810
1.235078
1.031687
0.845504
0.785500
0.865325
0.831561
0.831922
0.600691
0.381691
0.287496
0.309231
0.542151
0.766287
1.255372
1.315714
1.363937
0.836584
0.633463
0.538908
0.624454
0.658803
0.724392
0.841810
0.830435
0.782504
1.452096
3.812290
4.321871
3.894998
0.521632
0.318286
0.341666
0.521519
0.531295
0.589880
0.450389
0.376060
0.394732
0.565238
0.644365
0.633171
0.477440
0.454691
0.330561
0.378695
0.410093
0.394710
0.411670
0.385069
0.339233
0.427279
0.421018
0.431491
0.398449
0.447123
0.684728
1.373645
1.508834
1.397971
0.734393
0.676011
0.780657
0.715360
0.507847
0.375384
0.262607
0.413585
0.657316
0.927919
0.855910
0.775567
0.518997
0.281977
0.358964
0.607561
0.760296
1.089258
1.054503
0.908481
0.915148
0.883839
0.789329
0.440478
0.237920
0.267359
0.456403
0.709414
0.764778
0.813948
0.489986
0.407593
0.222582
0.132418
0.161609
0.157577
0.196184
0.358829
0.497126
0.640288
0.657001
0.751128
0.605128
0.430658
0.293982
0.503365
0.692228
0.790072
0.598191
0.662857
0.666889
0.760611
0.968282
0.944451
1.172484
1.111129
0.869041
0.613710
0.583348
0.382952
0.294365
0.482283
0.627810
0.735542
0.950353
1.366573
1.425901
1.294811
1.028398
0.899471
0.742885
0.579091
0.669772
0.664839
0.559878
0.434419
0.573820
1.043602
1.208455
1.204693
0.597876
0.638847
0.693242
0.697589
0.697814
0.891858
0.951186
1.130837
1.363307
1.759570
1.571833
1.552328
1.133089
1.009365
1.085834
1.085969
0.857532
0.687070
0.640761
0.368830
0.292428
0.272675
0.302114
0.451177
0.642721
0.791807
0.726870
0.620782
0.879785
1.072162
1.297762
1.117751
1.075045
1.034840
0.928076
0.897196
0.633598
0.538795
0.701756
1.045832
1.387205
1.408355
1.072568
0.913323
0.869109
0.853207
0.799104
0.771355
0.927401
1.110678
1.052499
1.027948
0.934023
0.942672
1.016393
0.882781
0.840954
0.597943
0.853139
0.902377
0.852193
0.695359
0.499356
0.508073
0.416625
0.523839
0.605263
0.692724
0.700630
0.733875
0.922153
1.478269
1.931000
2.005442
1.663528
1.166583
1.061103
0.759935
0.710766
0.697093
0.974160
1.173385
1.235934
1.044480
0.835075
0.675876
0.704369
0.495437
0.502194
0.353829
0.278689
0.137306
0.116899
0.343986
0.608124
0.793811
0.531880
0.416017
0.645311
1.087253
1.214266
1.119553
0.800884
0.681101
0.396849
0.223573
0.165934
0.208594
0.241930
0.264656
0.168254
0.146473
0.183863
0.262111
0.343513
0.362951
0.312767
0.262967
0.270287
0.202468
0.208324
0.272405
0.251705
0.235781
0.162983
0.104444
0.052638
0.066783
0.072887
0.122395
0.125729
0.130819
0.120683
0.150888
0.331170
0.597673
0.584609
0.485954
0.208797
0.385768
0.404913
0.306326
0.236411
0.216027
0.237673
0.213099
0.310988
0.329300
0.315065
0.151113
0.168592
0.168547
0.217874
0.254295
0.335854
0.354121
0.273598
0.120368
0.058405
0.030993
0.083406
0.111201
0.120075
0.056986
0.077730
0.115210
0.131022
0.117980
0.140009
0.088429
0.203819
0.210599
0.200666
0.062166
0.060612
0.074329
0.071784
0.025790
0.041804
0.077955
0.126900
0.111381
0.074532
0.058765
0.141631
0.203301
0.205396
0.131878
0.124873
0.156136
0.182602
0.148027
0.138793
0.141360
0.142149
0.170191
0.169808
0.180935
0.110435
0.093429
0.037592
0.020925
0.054012
0.122035
0.179043
0.173592
0.114714
0.108453
0.097754
0.099871
0.087258
0.085478
0.104151
0.056648
0.040340
0.072933
0.103993
0.113971
0.052075
0.019889
0.019866
0.059824
0.059914
0.079892
0.094465
0.087280
0.072752
0.054260
0.098880
0.093925
0.055859
0.044665
0.039484
0.054057
0.045093
0.041444
0.041669
0.036601
0.033718
0.060139
0.073383
0.083992
0.118251
0.166700
0.164582
0.159965
0.246952
0.295109
0.298465
0.099691
0.052616
0.114692
0.175124
0.165416
0.110750
0.028448
0.024686
0.062279
0.069374
0.076311
0.063788
0.039102
0.079510
0.088970
0.069779
0.041151
0.071806
0.095817
0.103948
0.032885
0.007005
0.068518
0.116381
0.121269
0.064261
0.017659
0.007883
0.002050
0.000698
0.022794
0.037165
0.037165
0.029687
0.060161
0.144018
0.159334
0.126967
0.090862
0.144018
0.189539
0.184606
0.123454
0.077685
0.080816
0.101132
0.099038
0.129513
0.199022
0.218099
0.199945
0.161880
0.133905
0.125661
0.146541
0.133252
0.161362
0.178773
0.184606
0.182174
0.088564
0.079532
0.081829
0.120999
0.096425
0.088970
0.042052
0.044440
0.105322
0.121742
0.102304
0.085095
0.054057
0.061738
0.107101
0.165866
0.139153
0.105660
0.051647
0.064013
0.079735
0.100254
0.120075
0.119084
0.167893
0.211004
0.229294
0.171317
0.140775
0.114332
0.116066
0.196657
0.171362
0.135955
0.107282
0.174448
0.162893
0.135414
0.172578
0.203008
0.190215
0.247200
0.290807
0.307091
0.335945
0.286054
0.330764
0.315560
0.293645
0.205779
0.193796
0.182669
0.194201
0.166046
0.107349
0.108723
0.175732
0.179719
0.108092
0.079825
0.205171
0.391534
0.548886
0.578009
0.579361
0.902940
1.509892
1.445519
1.130251
0.289973
0.245669
0.169245
0.280671
0.458002
0.582627
0.692611
0.526339
0.618665
0.538322
0.517533
0.499243
0.393336
0.290311
0.292969
0.308240
0.302316
0.270963
0.372343
0.412166
0.374663
0.401264
0.415071
0.431153
0.412436
0.327543
0.370091
0.656978
0.770612
0.755138
0.557828
0.474872
0.626616
0.766828
0.678331
0.419373
0.140865
0.109692
0.191093
0.304321
0.402480
0.360811
0.502960
0.741758
1.128652
1.265733
1.071982
0.457056
0.276459
0.221838
0.274995
0.340112
0.370113
0.475188
0.405881
0.374528
0.247516
0.283959
0.279545
0.284365
0.406602
0.795726
1.074572
1.134891
0.792843
0.714347
0.844648
0.725001
0.539065
0.409328
0.539426
0.625828
0.666348
0.633283
0.702274
0.644478
0.626211
0.576793
0.677993
0.853477
1.143203
1.016528
0.871136
0.409463
0.406445
0.767120
1.197575
1.823606
1.981679
1.780090
1.495162
1.164420
1.095677
1.027047
0.929969
0.958033
0.760386
0.462462
0.454691
0.480503
0.616908
0.603552
0.802190
0.908098
0.978102
1.156672
1.077140
0.974543
1.016596
0.829444
0.875776
0.948528
0.796582
0.512014
0.122508
0.177939
0.209856
0.261278
0.366712
0.639702
0.913121
0.864874
0.643306
0.455321
0.399552
0.365406
0.346373
0.306033
0.221298
0.283058
0.307632
0.364505
0.326349
0.327791
0.454691
0.449127
0.438766
0.524155
0.628598
0.878254
1.260124
1.233456
1.414233
1.142031
1.127886
0.690674
0.447348
0.380474
0.350247
0.532826
1.030448
1.332021
1.171741
0.751016
0.306416
0.353558
0.445411
0.707477
1.040403
1.157393
0.914517
0.661844
0.521880
0.500932
0.509109
0.377862
0.284252
0.068811
0.145234
0.246209
0.324074
0.253687
0.243551
0.477260
0.682903
0.681304
0.476674
0.236321
0.197152
0.257651
0.445861
0.514875
0.564045
0.666686
0.999680
1.061824
1.051936
0.739844
0.762999
0.732276
0.800050
0.656393
0.557513
0.441920
0.511203
0.567536
0.479039
0.482936
0.417661
0.410341
0.428000
0.373267
0.499941
0.439329
0.438721
0.730136
0.910958
0.828025
0.558323
0.201319
0.218933
0.348693
0.340134
0.324570
0.231253
0.274589
0.419013
0.572806
0.631999
0.731938
0.760386
0.800906
0.700067
0.499694
0.540102
0.453610
0.273666
0.184471
0.243889
0.379258
0.466764
0.324300
0.226321
0.175529
0.102642
0.072212
0.059148
0.046399
0.102687
0.111336
