0.802055
0.913504
0.921139
1.002833
0.510167
0.468340
0.294996
0.235871
0.211905
0.251119
0.206995
0.264589
0.186273
0.171925
0.137103
0.134423
0.161925
0.206364
0.209720
0.131810
0.104331
0.086199
0.071716
0.123161
0.156384
0.167646
0.195530
0.198188
0.228122
0.114309
0.052053
0.072617
0.166001
0.289838
0.285626
0.205801
0.245060
0.248011
0.409328
0.419508
0.450389
0.522173
0.666010
0.748020
0.655041
0.550530
0.423135
0.420680
0.397075
0.234767
0.168975
0.225442
0.257989
0.296302
0.195373
0.139784
0.240984
0.265062
0.290874
0.218955
0.219924
0.218167
0.268688
0.224046
0.217649
0.276594
0.249115
0.231343
0.167601
0.190553
0.236006
0.229249
0.228528
0.178818
0.257787
0.319007
0.408967
0.419576
0.390588
0.233753
0.210464
0.229249
0.298532
0.379889
0.366014
0.327453
0.246885
0.267900
0.378109
0.443767
0.258057
0.206702
0.191994
0.255759
0.263891
0.248709
0.251750
0.422234
0.563234
0.564247
0.446154
0.393178
0.398426
0.278058
0.219563
0.202107
0.233416
0.168569
0.173930
0.197963
0.210441
0.207986
0.173547
0.202738
0.319412
0.365992
0.349144
0.230442
0.255534
0.342319
0.291572
0.317813
0.314457
0.328512
0.339729
0.159447
0.179583
0.140527
0.144716
0.189561
0.344549
0.403854
0.391263
0.329435
0.327093
0.268373
0.301010
0.266278
0.358942
0.294253
0.205891
0.169335
0.370924
0.544404
0.580892
0.412864
0.206364
0.143117
0.204112
0.216433
0.179065
0.186386
0.184561
0.128274
0.143252
0.240038
0.295469
0.241186
0.174110
0.140369
0.142194
0.236209
0.284455
0.319750
0.418990
0.295334
0.305627
0.269454
0.407796
0.491833
0.465705
0.357095
0.277180
0.198526
0.177962
0.278711
0.228370
0.232402
0.165213
0.176430
0.266729
0.375677
0.404935
0.326349
0.126765
0.079262
0.099984
0.099263
0.080793
0.091965
0.091627
0.184674
0.262494
0.297406
0.227402
0.122598
0.123431
0.194337
0.265850
0.336237
0.291190
0.470210
0.551183
0.505505
0.374145
0.211928
0.170078
0.170123
0.139288
0.091290
0.108633
0.190575
0.302204
0.285604
0.264994
0.224474
0.248101
0.307857
0.399169
0.629702
0.959205
1.034322
0.966300
0.539809
0.422887
0.289027
0.301303
0.401444
0.639545
0.752975
0.621008
0.260444
0.061378
0.028448
0.018650
0.035768
0.042795
0.076919
0.185034
0.291325
0.327791
0.210306
0.173479
0.313668
0.432843
0.577717
0.751984
0.847846
0.813024
0.615422
0.500955
0.433676
0.348963
0.328985
0.615917
1.032430
1.165254
0.883344
0.715338
0.918909
0.796942
0.612809
0.270490
0.293915
0.313150
0.221568
0.279364
0.286122
0.297226
0.306866
0.374956
0.413968
0.454060
0.546183
0.519402
0.562738
0.421243
0.529763
0.563301
0.552963
0.438091
0.336936
0.199855
0.176340
0.321597
0.431379
0.558369
0.673624
0.653915
0.556431
0.467912
0.440726
0.450434
0.605061
0.576162
0.746984
0.838589
0.948663
0.957718
0.662497
0.591389
0.549562
0.443924
0.367838
0.245579
0.414553
0.508050
0.528772
0.465728
0.485076
0.427910
0.429847
0.521925
0.622855
0.624724
0.582920
0.296122
0.203842
0.126832
0.156023
0.223212
0.313353
0.311191
0.203504
0.313556
0.336823
0.518051
0.631999
0.712950
0.720316
0.926297
0.761625
0.635085
0.210666
0.170213
0.172894
0.216410
0.266706
0.301776
0.450186
0.518952
0.469196
0.396894
0.535417
0.855031
1.103155
1.039457
0.790680
0.669547
0.527038
0.516046
0.429847
0.427640
0.407661
0.725338
0.994387
1.238254
0.936478
0.527916
0.265940
0.473296
0.586951
0.705135
0.687859
0.524830
0.322746
0.219541
0.198886
0.226929
0.255849
0.454038
0.623215
0.627314
0.690066
0.771197
0.865280
0.917468
0.726420
0.560306
0.512555
0.481945
0.678556
0.692408
0.633711
0.476584
0.253439
0.195440
0.250038
0.451447
0.595601
0.695134
0.695337
0.661641
0.594362
0.544291
0.478431
0.433901
0.405972
0.633013
0.733695
0.831336
0.690877
0.549584
0.471156
0.476764
0.421513
0.406445
0.339278
0.235691
0.225712
0.220329
0.291933
0.342724
0.422346
0.383065
0.417526
0.376871
0.470615
0.640739
0.689976
0.590465
0.417571
0.400836
0.389439
0.439870
0.586704
0.703197
0.752007
0.770904
0.717207
0.834963
0.672272
0.498477
0.419779
0.463655
0.593055
0.826696
0.935014
0.815682
0.802393
0.794510
0.951727
1.163699
1.221766
1.223410
0.827867
0.598371
0.462124
0.365158
0.340202
0.398494
0.350382
0.453902
0.824759
1.423085
1.501784
1.225032
0.740047
0.662790
0.737997
0.699684
0.723199
0.563864
0.717613
1.001550
1.064819
0.952537
1.292356
1.660713
2.084568
2.097227
1.432185
1.012834
0.583032
0.727568
0.634274
0.827034
0.982224
1.110498
0.894178
0.669412
0.861270
1.118584
1.286140
0.835030
0.850211
0.823205
0.769170
0.670267
0.672970
0.715248
0.618823
0.532489
0.426536
0.568977
0.605263
0.565554
0.357455
0.203797
0.094375
0.034056
0.005924
0.037615
0.319615
0.745092
1.064819
1.123674
1.138157
1.177844
0.995536
0.668420
1.009591
1.363171
1.437253
1.203702
0.965241
0.876204
0.975332
0.947515
1.522844
1.600619
1.784414
1.390921
1.117683
1.048670
0.906679
0.737164
0.893502
1.018217
0.939744
0.909292
0.687836
0.872127
1.346526
1.550098
1.514127
1.226203
1.605304
1.981634
1.952488
1.864915
2.056571
2.326858
2.703819
2.055760
2.173155
1.889759
1.121264
0.849918
0.586073
0.618868
0.610264
0.614070
0.775950
0.857779
0.950015
0.924653
0.733695
0.581208
0.333399
0.333197
0.404102
0.604227
0.710833
0.776130
0.683917
0.498185
0.454848
0.568662
0.652068
0.548008
0.669524
0.722726
0.870077
1.591632
1.916855
2.188899
1.756710
1.502257
1.157370
0.929158
0.902827
1.156222
1.285824
1.208905
1.218343
1.659857
1.925144
1.902124
1.563612
1.394975
1.440654
1.845837
1.929581
1.827773
1.181583
0.661911
0.461155
0.357658
0.478363
0.631459
0.673669
0.666956
0.622562
0.948844
1.214536
1.399097
1.493315
1.640644
1.745178
1.568883
1.014140
0.767301
0.505235
0.446470
0.357365
0.392007
0.468183
0.526610
0.456200
0.568842
0.565982
0.542151
0.582537
0.588438
0.731555
0.948641
1.139554
1.296320
1.199580
1.153496
0.956299
0.993126
0.752142
0.783630
0.763111
0.961682
0.923752
0.987630
0.694346
0.364100
0.241659
0.193886
0.403088
0.487936
0.476404
0.439194
0.591884
0.583055
0.453047
0.230870
0.240781
0.348535
0.339075
0.346486
0.284590
0.241930
0.247921
0.219924
0.225555
0.085906
0.110457
0.105795
0.102552
0.101493
0.133094
0.146293
0.166520
0.223347
0.284230
0.232222
0.169943
0.082348
0.000698
0.001059
0.035115
0.106809
0.149604
0.154537
0.192805
0.197062
0.229226
0.151676
0.098227
0.074329
0.020272
0.058269
0.057954
0.084465
0.094488
0.102822
0.086852
0.101921
0.235398
0.284860
0.270558
0.192129
0.144919
0.108610
0.059373
0.018853
0.011127
0.013965
0.033921
0.065612
0.055184
0.040971
0.041331
0.082730
0.097979
0.084825
0.043674
0.051805
0.058562
0.078789
0.080388
0.088294
0.058630
0.021916
0.023065
0.032412
0.037930
0.066108
0.100795
0.157555
0.119625
0.080591
0.039957
0.035655
0.032660
0.028763
0.054125
0.107597
0.120593
0.105097
0.085591
0.077212
0.044485
0.001126
0.000698
0.000698
0.000698
0.006937
0.024776
0.032209
0.059959
0.065319
0.065319
0.057774
0.065094
0.096673
0.092078
0.111561
0.157352
0.130842
0.065387
0.027164
0.070905
0.094578
0.095727
0.076604
0.048922
0.056873
0.072820
0.143455
0.126922
0.149694
0.142284
0.135144
0.106178
0.000698
0.000698
0.000698
0.008109
0.024866
0.027029
0.029326
0.041264
0.090231
0.078451
0.052143
0.025542
0.043268
0.053427
0.092866
0.123048
0.108228
0.080523
0.060995
0.074802
0.075545
0.039710
0.028425
0.019753
0.023110
0.070207
0.134423
0.164695
0.107957
0.095254
0.075861
0.080050
0.048269
0.027029
0.026961
0.043223
0.124445
0.180597
0.197130
0.141000
0.147599
0.070725
0.085884
0.043922
0.043809
0.086762
0.074329
0.051805
0.030385
0.050048
0.070793
0.173389
0.176498
0.148320
0.056535
0.033786
0.084893
0.153388
0.176588
0.198886
0.092236
0.098069
0.075951
0.033966
0.037592
0.087731
0.074329
0.099736
0.058427
0.056400
0.047345
0.086672
0.123837
0.201274
0.304208
0.344436
0.322993
0.340922
0.444938
0.463881
0.408922
0.222807
0.090749
0.039845
0.030227
0.020272
0.008289
0.042548
0.071221
0.093745
0.074261
0.044057
0.040813
0.039957
0.072189
0.090163
0.093046
0.062459
0.045431
0.090952
0.075455
0.055995
0.018582
0.025452
0.099038
0.111268
0.087573
0.072707
0.117327
0.132125
0.126247
0.129986
0.125098
0.151203
0.109962
0.088902
0.080748
0.120436
0.199314
0.181070
0.154694
0.092618
0.066243
0.058923
0.035903
0.056175
0.045273
0.056693
0.079960
0.132756
0.202310
0.273306
0.255376
0.256525
0.209157
0.160235
0.201634
0.131562
0.205486
0.268193
0.187196
0.127305
0.209923
0.298600
0.354369
0.309952
0.278328
0.214991
0.109894
0.074779
0.104691
0.151676
0.166835
0.148883
0.031038
0.068766
0.135391
0.184291
0.121562
0.107552
0.099961
0.125571
0.166520
0.176115
0.155280
0.079735
0.063337
0.092078
0.149311
0.240736
0.252336
0.254430
0.224834
0.290626
0.321597
0.350855
0.326304
0.338918
0.265332
0.188548
0.200283
0.193278
0.174065
0.128319
0.110818
0.036218
0.027862
0.039620
0.048156
0.141991
0.247583
0.288194
0.348873
0.232109
0.187534
0.107890
0.042976
0.027997
0.076581
0.131292
0.249385
0.299568
0.410138
0.440028
0.431446
0.266954
0.101583
0.025249
0.030407
0.097596
0.120728
0.112777
0.112935
0.095411
0.097033
0.126112
0.172443
0.199314
0.201004
0.179651
0.162600
0.132486
0.101380
0.121382
0.124017
0.160934
0.170731
0.178615
0.199404
0.316439
0.309299
0.217874
0.053539
0.004054
0.022073
0.053562
0.071086
0.062842
0.065387
0.085028
0.116629
0.163704
0.179719
0.174808
0.215149
0.280063
0.245984
0.264837
0.168366
0.118971
0.068721
0.070320
0.070658
0.093632
0.127350
0.217221
0.300019
0.296280
0.430410
0.507487
0.596794
0.462259
0.527421
0.612336
0.688872
0.563662
0.446898
0.326282
0.359978
0.271796
0.222739
0.195057
0.234835
0.342026
0.387862
0.458993
0.291505
0.249272
0.169898
0.140279
0.114827
0.076244
0.129670
0.143996
0.150730
0.163817
0.225217
0.218482
0.142644
0.185057
0.308826
0.548571
0.545845
0.470593
0.318534
0.276008
0.260715
0.241952
0.196161
0.106110
0.097213
0.123341
0.166452
0.223257
0.288915
0.336350
0.276999
0.183840
0.185124
0.243056
0.215149
0.178097
0.257539
0.330156
0.434442
0.471877
0.472214
0.440771
0.388853
0.294861
0.544989
1.011956
1.012699
0.663848
0.164515
0.159402
0.186408
0.234474
0.301460
0.400341
0.385768
0.327431
0.272855
0.330269
0.348693
0.326192
0.292654
0.267427
0.262832
0.205193
0.140910
0.276121
0.427054
0.554382
0.501563
0.345157
0.293847
0.319750
0.446740
0.414711
0.300987
0.545913
0.695472
0.745069
0.636910
0.480368
0.510347
0.617088
0.621436
0.619386
0.504266
0.510302
0.471291
0.362748
0.343558
0.420635
0.461245
0.545034
0.421243
0.434374
0.290762
0.330269
0.349639
0.394642
0.322047
0.266210
0.257584
0.327543
0.455367
0.452101
0.280446
0.272089
0.354324
0.370023
0.351869
0.284207
0.345202
0.371420
0.428045
0.428405
0.519087
0.481404
0.462867
0.489716
0.547309
0.660762
0.774959
0.862171
0.870167
0.863275
0.854175
0.748335
0.532962
0.500437
0.542016
0.626053
0.545417
0.523501
0.484715
0.453790
0.553886
0.575397
0.482643
0.519717
0.775589
0.872600
0.883366
0.892151
1.024592
1.005784
0.924202
0.635806
0.642698
0.481066
0.447776
0.309321
0.251705
0.502892
0.859581
1.003194
0.812258
0.476697
0.270445
0.077505
0.046107
0.074397
0.135459
0.264318
0.331800
0.278103
0.155708
0.114106
0.115615
0.156519
0.168930
0.215374
0.293442
0.387412
0.603371
0.779486
0.765994
0.492689
0.358896
0.410116
0.441469
0.441897
0.329525
0.376488
0.472935
0.520596
0.515032
0.417797
0.344774
0.283554
0.186228
0.246952
0.512217
0.632337
0.720586
0.638103
0.533367
0.400183
0.257922
0.375361
0.450682
0.523974
0.487801
0.319164
0.343197
0.292248
0.388155
0.416603
0.502284
0.509897
0.462642
0.538457
0.574270
0.600060
0.505370
0.510325
0.688174
0.761647
0.903796
0.672610
0.654275
0.876857
1.201945
1.256318
1.021821
0.587762
0.601367
0.851202
1.001505
0.935487
0.746376
0.764012
0.850684
0.886835
0.739371
0.652541
0.612156
0.384596
0.309231
0.246277
0.232762
0.277810
0.348085
0.254836
0.350382
0.394146
0.391984
0.396444
0.419126
0.443046
0.666799
0.640941
0.516947
0.374979
0.368244
0.368830
0.371983
0.490977
0.574315
0.659343
0.885844
1.197350
1.416531
1.260778
0.941636
0.886452
0.917941
0.759395
0.877488
1.159510
1.564378
1.738961
1.910999
1.510816
1.326412
0.695832
0.754800
0.704256
0.662947
0.561792
0.440298
0.745430
1.381055
1.660330
2.178786
2.037561
2.062450
1.155411
1.356887
1.713734
2.027763
1.739119
1.711189
2.066437
2.184124
2.146689
1.482841
1.291748
1.560256
1.776711
1.740830
1.857797
1.905075
2.198697
2.352693
2.225838
2.338503
2.173425
2.527276
2.093713
1.969584
1.515884
1.241632
1.047724
0.726307
0.626616
0.880236
0.908841
0.902399
1.169398
1.657064
1.892417
1.439460
1.008622
0.632900
0.731825
0.822980
1.146649
1.595709
1.862009
2.365081
2.629648
2.192616
1.696571
0.630738
0.421220
0.572829
0.740812
0.961772
0.873524
0.539674
0.437190
0.631819
0.884876
0.925171
0.761647
0.561387
0.743966
0.903931
1.156559
1.283684
1.396665
1.512595
1.280351
1.005919
0.743268
0.849063
1.292649
1.314813
1.229064
0.702274
0.457056
0.207603
0.161812
0.184539
0.246119
0.295672
0.471313
0.460592
0.451245
0.324052
0.385497
0.494783
0.832935
0.978598
0.767346
0.477215
0.691305
0.742997
0.792257
0.938392
1.144869
1.553499
1.337382
1.510230
1.336728
1.272558
1.035290
0.962426
1.157595
0.978868
0.925509
0.709211
0.409958
0.388831
0.419689
0.663600
0.905643
0.995085
0.839287
0.998194
1.420337
1.728713
1.601024
1.447997
1.263863
1.254764
1.245529
1.031574
0.859626
0.840548
0.656460
0.779734
0.764755
0.736443
0.713243
0.712117
0.753020
0.724708
0.877645
1.119868
1.243141
1.576023
1.321930
1.098650
0.972471
0.936726
1.096263
0.942649
0.787009
0.890034
1.033421
1.179309
1.378150
1.248480
1.042408
0.785252
0.498477
0.679277
0.696778
0.649320
0.448271
0.750633
1.158361
1.199535
0.966232
0.596119
0.579992
0.879673
1.078852
1.243254
1.535727
2.325957
2.692197
2.495765
1.095902
0.614994
0.695539
0.847148
1.061486
1.636590
1.582374
1.739659
1.441735
1.399255
1.047341
0.963259
1.071689
1.125679
1.050044
1.072297
1.225460
1.467638
1.412048
1.604403
1.276567
1.621161
1.386416
1.457412
0.750813
0.717523
0.474737
0.415567
0.577491
0.875393
0.875303
0.974206
1.107998
1.145387
1.018735
0.770657
0.626548
0.627720
0.488995
0.500932
0.561725
0.585622
0.481111
0.404598
0.367253
0.340202
0.123769
0.050611
0.295334
0.527849
0.759102
0.943348
0.958912
0.949992
0.824151
0.646617
1.025943
1.298753
1.766913
2.056121
2.128738
2.217167
2.153311
1.947645
1.855793
1.522281
1.227510
1.153203
0.977877
0.876136
0.937627
0.809308
1.027317
1.195391
1.466264
1.219604
1.136513
0.989634
1.963637
2.226717
2.232731
1.398827
0.872375
0.854063
0.921567
0.924270
0.896385
0.735091
0.779756
0.936546
0.994184
0.966300
0.812731
0.950353
1.265643
1.466196
1.490207
1.411193
1.492324
1.351076
1.239020
0.944384
0.703873
0.514086
0.503297
0.636436
0.803474
0.885731
1.028668
1.346053
1.247962
0.863590
0.195733
0.185214
0.235826
0.445343
0.564788
0.686214
0.664997
0.764530
0.867983
1.094709
1.359545
1.726753
2.173358
1.953479
1.686142
1.288775
0.969498
0.913999
1.197283
1.426847
1.421914
0.813655
0.549539
0.644410
0.882871
1.040741
1.195008
1.290892
1.144824
0.963754
0.788090
0.828295
0.834535
0.869492
0.852351
0.941073
1.023713
1.342810
1.235078
1.031687
0.845504
0.785500
0.865325
0.831561
0.831922
0.600691
0.381691
0.287496
0.309231
0.542151
0.766287
1.255372
1.315714
1.363937
0.836584
0.633463
0.538908
0.624454
0.658803
0.724392
0.841810
0.830435
0.782504
1.452096
3.812290
4.321871
3.894998
0.521632
0.318286
0.341666
0.521519
0.531295
0.589880
0.450389
0.376060
0.394732
0.565238
0.644365
0.633171
0.477440
0.454691
0.330561
0.378695
0.410093
0.394710
0.411670
0.385069
0.339233
0.427279
0.421018
0.431491
0.398449
0.447123
0.684728
1.373645
1.508834
1.397971
0.734393
0.676011
0.780657
0.715360
0.507847
0.375384
0.262607
0.413585
0.657316
0.927919
0.855910
0.775567
0.518997
0.281977
0.358964
0.607561
0.760296
1.089258
1.054503
0.908481
0.915148
0.883839
0.789329
0.440478
0.237920
0.267359
0.456403
0.709414
0.764778
0.813948
0.489986
0.407593
0.222582
0.132418
0.161609
0.157577
0.196184
0.358829
0.497126
0.640288
0.657001
0.751128
0.605128
0.430658
0.293982
0.503365
0.692228
0.790072
0.598191
0.662857
0.666889
0.760611
0.968282
0.944451
1.172484
1.111129
0.869041
0.613710
0.583348
0.382952
0.294365
0.482283
0.627810
0.735542
0.950353
1.366573
1.425901
1.294811
1.028398
0.899471
0.742885
0.579091
0.669772
0.664839
0.559878
0.434419
0.573820
1.043602
1.208455
1.204693
0.597876
0.638847
0.693242
0.697589
0.697814
0.891858
0.951186
1.130837
1.363307
1.759570
1.571833
1.552328
1.133089
1.009365
1.085834
1.085969
0.857532
0.687070
0.640761
0.368830
0.292428
0.272675
0.302114
0.451177
0.642721
0.791807
0.726870
0.620782
0.879785
1.072162
1.297762
1.117751
1.075045
1.034840
0.928076
0.897196
0.633598
0.538795
0.701756
1.045832
1.387205
1.408355
1.072568
0.913323
0.869109
0.853207
0.799104
0.771355
0.927401
1.110678
1.052499
1.027948
0.934023
0.942672
1.016393
0.882781
0.840954
0.597943
0.853139
0.902377
0.852193
0.695359
0.499356
0.508073
0.416625
0.523839
0.605263
0.692724
0.700630
0.733875
0.922153
1.478269
1.931000
2.005442
1.663528
1.166583
1.061103
0.759935
0.710766
0.697093
0.974160
1.173385
1.235934
1.044480
0.835075
0.675876
0.704369
0.495437
0.502194
0.353829
0.278689
0.137306
0.116899
0.343986
0.608124
0.793811
0.531880
0.416017
0.645311
1.087253
1.214266
1.119553
0.800884
0.681101
0.396849
0.223573
0.165934
0.208594
0.241930
0.264656
0.168254
0.146473
0.183863
0.262111
0.343513
0.362951
0.312767
0.262967
0.270287
0.202468
0.208324
0.272405
0.251705
0.235781
0.162983
0.104444
0.052638
0.066783
0.072887
0.122395
0.125729
0.130819
0.120683
0.150888
0.331170
0.597673
0.584609
0.485954
0.208797
0.385768
0.404913
0.306326
0.236411
0.216027
0.237673
0.213099
0.310988
0.329300
0.315065
0.151113
0.168592
0.168547
0.217874
0.254295
0.335854
0.354121
0.273598
