0.774011
1.634862
1.678272
1.586790
0.769331
0.663620
0.677488
0.753390
0.869640
1.047734
0.985053
1.205283
1.898255
1.957607
1.915927
1.917677
1.733667
1.383205
0.781068
0.506280
0.278022
0.267236
0.505500
0.613494
0.869697
1.063599
1.908052
1.735684
1.438353
1.068031
0.809945
0.919975
0.642847
0.541549
0.305549
0.251770
0.308003
0.440669
0.577369
0.684355
0.693182
0.644387
0.509438
0.560058
0.761018
0.941109
1.216792
1.225789
1.050054
0.906088
0.911091
0.965135
0.834656
0.500402
0.411355
0.539932
0.589810
0.595841
0.895891
1.076439
1.353605
1.206272
0.972269
0.810934
0.636455
0.511930
0.467739
0.672047
0.849570
1.069363
1.074994
1.017829
1.045470
0.997855
0.932986
0.862924
0.967380
1.220178
1.382482
2.277993
2.474064
2.264982
1.599136
1.575947
1.529892
1.603930
1.258072
0.944305
0.902340
0.911395
1.061335
0.842627
0.652701
0.596735
0.542062
0.716846
0.897794
0.937305
1.223240
1.745538
1.676960
1.205207
0.745590
0.630919
0.635351
0.577864
0.562493
0.506470
0.603183
0.588174
0.689415
0.903881
1.013568
1.138112
1.342458
1.357981
1.353149
1.503260
1.301787
1.225181
1.109730
0.987982
0.963043
0.850122
0.860832
0.904509
0.887179
0.660957
0.317191
0.326208
0.393359
0.869868
0.994678
0.753618
0.418336
0.438463
0.626658
0.965649
0.821435
0.946797
1.058386
1.032020
0.965192
1.160407
1.313505
1.363745
0.994031
0.808157
0.753390
0.855182
0.814092
1.185556
1.689268
1.616485
1.359027
1.077999
1.120478
1.132082
1.030518
0.716409
0.532893
0.319530
0.217434
0.159356
0.180738
0.334387
0.733948
0.898364
1.232143
0.943430
0.659225
0.342682
0.331553
0.527377
0.615206
0.950754
0.997855
0.900057
0.673341
0.480789
0.472019
0.522830
0.492755
0.437835
0.361438
0.677069
0.785424
0.799273
0.656239
0.422674
0.367887
0.283406
0.249354
0.158995
0.122071
0.166775
0.337241
0.702294
1.210628
1.662902
1.778961
1.854083
2.144375
2.509561
2.719785
2.096418
1.609523
1.329085
1.420319
1.387923
1.189284
0.924711
1.043548
1.233532
1.092514
0.932682
0.853128
0.820237
0.985091
1.076668
1.034722
1.056161
1.753261
1.994188
1.930442
1.401220
1.041494
1.100180
1.126470
0.966619
0.757974
0.478468
0.605181
0.488208
0.374773
0.247947
0.206895
0.487542
0.672884
0.730410
0.519330
0.422103
0.270470
0.248289
0.423644
0.536622
0.626848
0.532323
0.385674
0.420866
0.912099
1.307551
1.395761
1.620575
1.564324
1.425360
0.997684
0.685877
0.611516
0.437588
0.502837
0.526520
0.537611
0.555740
0.559602
0.798684
1.520894
1.826310
1.589054
1.285256
1.123426
1.159894
1.222308
0.983226
1.001488
0.776465
0.889233
0.713536
0.968959
0.833629
0.792672
0.776122
0.583989
0.470212
0.363284
0.224225
0.211118
0.273799
0.297730
0.307717
0.369105
0.417747
0.439680
0.874833
1.329865
1.583328
1.654113
1.343371
1.422222
1.316301
1.090497
0.759268
0.680341
0.575562
0.586329
0.546875
0.690176
0.684640
0.699269
0.646803
0.541549
0.469756
0.375515
0.336366
0.348255
0.356568
0.370760
0.425394
0.778595
1.520856
1.802265
1.899054
1.619129
1.282459
0.907895
0.791721
0.761798
0.834181
0.874338
1.125538
1.287519
1.307284
0.944457
1.003543
0.928307
0.792006
0.433136
0.343728
0.409719
0.418774
0.349929
0.302448
0.588022
1.332376
1.798175
1.894698
1.409096
1.170261
1.137351
1.084125
1.220596
1.223259
1.078494
1.252422
1.284761
1.235301
1.087549
0.885181
0.841581
1.191225
1.188314
1.203590
1.266727
1.144409
0.978261
0.561352
0.402148
0.282816
0.243666
0.181214
0.159699
0.150872
0.123098
0.117734
0.111304
0.151994
0.170789
0.239424
0.374355
0.494790
0.562322
0.709085
0.670963
0.486154
0.268568
0.288428
0.285936
0.343633
0.583304
1.034265
1.259403
1.343847
1.416286
1.286834
1.074214
0.870838
0.691336
0.581383
0.575467
0.662174
0.863666
0.696206
0.588669
0.408768
0.548074
1.057435
1.196836
1.131169
0.745419
0.335947
0.232291
0.283900
0.629017
0.870610
0.935117
0.755825
0.831441
0.920146
0.937913
0.956328
1.144219
1.173096
0.945294
0.621845
0.340323
0.421361
0.516857
0.810345
0.985414
0.958116
0.939492
0.767410
0.766116
0.562075
0.497415
0.403689
0.426022
0.500097
0.785234
0.930818
1.168815
1.135164
1.102482
1.226569
1.195676
1.196075
1.309909
1.569669
1.432285
1.015908
0.770663
0.709637
0.686257
0.565118
0.385845
0.593006
0.833020
1.018933
0.983778
0.882195
0.741671
0.531276
0.479667
0.499888
0.473884
0.465685
0.516800
0.593310
0.888396
1.029909
1.201744
1.003904
0.949194
1.114923
1.218294
1.153483
1.136438
1.009079
0.855848
0.536641
0.392142
0.291452
0.414551
0.729192
0.809222
0.812704
0.599778
0.569265
0.615758
0.605086
0.699878
0.615796
0.526616
0.391324
0.462489
0.675718
0.794479
0.675015
0.363093
0.253311
0.281389
0.453738
0.479553
0.415369
0.316848
0.285365
0.231739
0.321414
0.447423
0.556387
0.600254
0.551764
0.476471
0.624413
0.663924
0.597876
0.519082
0.490909
0.796496
0.773383
0.944419
0.862867
0.862943
0.604896
0.368363
0.270679
0.293279
0.403479
0.550509
0.620437
0.511036
0.562455
0.665275
0.804314
0.789248
0.706840
0.568714
0.721602
0.694646
0.503921
0.243134
0.160345
0.286468
0.430378
0.571986
0.715039
0.863666
1.041532
0.967551
0.882214
0.840002
0.729801
0.737734
1.018305
1.071836
1.147567
0.961179
0.813769
0.873007
0.922010
0.827294
0.936848
1.114067
1.225314
1.131606
0.854345
0.551726
0.394995
0.297844
0.385217
0.407170
0.411355
0.468367
0.503940
0.580622
0.660937
0.583019
0.397164
0.266875
0.224815
0.285346
0.285841
0.512272
0.730372
0.957697
1.015927
0.889233
0.553590
0.418108
0.552183
0.565746
0.531276
0.382307
0.262994
0.223407
0.299556
0.326988
0.331781
0.381260
0.404373
0.407798
0.309562
0.301782
0.343633
0.273514
0.470498
0.616633
0.640754
0.513490
0.250819
0.269291
0.238606
0.155533
0.182736
0.229951
0.483110
0.586862
0.695160
0.679428
0.723828
0.566735
0.401292
0.412744
0.347323
0.384437
0.384228
0.386891
0.305491
0.399503
0.437017
0.414322
0.451912
0.397430
0.454518
0.481759
0.455374
0.523477
0.452407
0.431082
0.316639
0.139915
0.074704
0.167802
0.235753
0.294135
0.289455
0.285898
0.307146
0.215398
0.192114
0.163503
0.158272
0.191258
0.180301
0.143453
0.129376
0.099396
0.116003
0.106377
0.088457
0.077690
0.102420
0.196756
0.239558
0.238930
0.156103
0.093536
0.056099
0.102839
0.174575
0.241973
0.218119
0.185056
0.138964
0.157302
0.155533
0.142216
0.139572
0.117582
0.114176
0.114272
0.123441
0.164074
0.150206
0.121672
0.086574
0.035231
0.033823
0.118552
0.149407
0.126579
0.101716
0.108850
0.127778
0.188747
0.166699
0.150130
0.084558
0.094488
0.108869
0.096371
0.068825
0.086802
0.177333
0.196832
0.168088
0.129281
0.088819
0.078660
0.082712
0.070576
0.108260
0.123365
0.094297
0.049536
0.023303
0.025757
0.052009
0.134455
0.226222
0.264896
0.306062
0.323430
0.294591
0.304312
0.339638
0.332675
0.202501
0.114195
0.021534
0.084329
0.194701
0.283139
0.371387
0.269614
0.166471
0.076967
0.089542
0.093670
0.092433
0.082617
0.091862
0.150910
0.135634
0.167042
0.147086
0.111057
0.111589
0.182070
0.194568
0.164074
0.189793
0.207237
0.256735
0.245131
0.268282
0.245112
0.216844
0.182298
0.130327
0.121310
0.276500
0.390905
0.391647
0.315536
0.129186
0.151557
0.151994
0.127302
0.100993
0.118190
0.123231
0.096352
0.053036
0.031198
0.041870
0.064450
0.096713
0.091368
0.089732
0.060094
0.049936
0.084596
0.064678
0.096181
0.095477
0.111361
0.101222
0.116041
0.080753
0.085090
0.094545
0.104246
0.125305
0.085471
0.062586
0.053055
0.046511
0.051096
0.087487
0.165710
0.187453
0.160364
0.132857
0.102116
0.089542
0.031788
0.009512
0.030855
0.040500
0.027488
0.043106
0.034242
0.064602
0.093270
0.160916
0.141855
0.105426
0.081533
0.080962
0.097037
0.125096
0.140105
0.133618
0.113111
0.136795
0.243191
0.297007
0.315555
0.258124
0.225747
0.173605
0.164645
0.150530
0.104227
0.074019
0.073505
0.061730
0.116802
0.104056
0.104513
0.102249
0.106434
0.130289
0.108546
0.099700
0.101773
0.088324
0.090588
0.096257
0.088533
0.088134
0.083321
0.119769
0.141132
0.150739
0.082979
0.057545
0.025491
0.066980
0.088514
0.100689
0.103390
0.120663
0.146154
0.152641
0.155723
0.218176
0.252056
0.215265
0.102382
0.067266
0.143396
0.203604
0.205773
0.173776
0.168335
0.114671
0.116155
0.184048
0.171988
0.135749
0.127169
0.090512
0.144785
0.168050
0.250248
0.322993
0.227573
0.130593
0.039910
0.037647
0.082408
0.114100
0.108926
0.137270
0.119864
0.165387
0.133390
0.127778
0.087202
0.063061
0.077405
0.094126
0.144918
0.113377
0.094221
0.038274
0.040405
0.060474
0.097512
0.114595
0.095020
0.091938
0.079897
0.075769
0.052580
0.032396
0.011927
0.000114
0.001294
0.016170
0.028953
0.073962
0.094944
0.089332
0.068407
0.083740
0.100632
0.115432
0.157758
0.260578
0.249754
0.243115
0.170618
0.144785
0.127949
0.120949
0.098692
0.081362
0.068483
0.058325
0.047501
0.070766
0.089142
0.091596
0.063023
0.023246
0.005155
0.008579
0.027355
0.154277
0.232234
0.307850
0.252512
0.158557
0.135197
0.116668
0.101545
0.071241
0.067151
0.054216
0.052313
0.096333
0.125609
0.119560
0.076815
0.040329
0.030266
0.117296
0.150282
0.117163
0.046587
0.071184
0.129110
0.155228
0.113891
0.049460
0.025681
0.040139
0.054216
0.050506
0.036410
0.025681
0.031160
0.066505
0.067532
0.085490
0.120644
0.115432
0.145241
0.159356
0.165501
0.164702
0.084729
0.052694
0.052827
0.056936
0.135806
0.255366
0.280077
0.265809
0.178170
0.072782
0.083702
0.072896
0.071964
0.083949
0.077576
0.066143
0.056251
0.076359
0.099985
0.099015
0.061673
0.036448
0.064907
0.073638
0.074647
0.084348
0.093346
0.062833
0.057297
0.047653
0.046587
0.066295
0.077120
0.124259
0.127302
0.106491
0.091672
0.163884
0.190098
0.186160
0.165729
0.206914
0.177847
0.173490
0.178988
0.198373
0.168411
0.129909
0.139097
0.127017
0.115413
0.081076
0.119161
0.142064
0.138126
0.102116
0.105388
0.087316
0.158348
0.166090
0.153250
0.180624
0.204441
0.205145
0.102002
0.089085
0.094963
0.104151
0.181956
0.153060
0.171512
0.109059
0.096504
0.062567
0.084367
0.060455
0.070290
0.091311
0.122185
0.084291
0.064526
0.078432
0.131735
0.155894
0.120930
0.115451
0.107537
0.222361
0.284014
0.290711
0.178627
0.170466
0.162476
0.110885
0.042117
0.015314
0.005593
0.036676
0.068673
0.093632
0.080962
0.076777
0.045427
0.051058
0.031179
0.036981
0.067113
0.084120
0.062186
0.039035
0.032301
0.053093
0.081305
0.078870
0.114918
0.120435
0.162019
0.159813
0.099871
0.034888
0.021877
0.021972
0.031692
0.068959
0.143168
0.185113
0.153592
0.073011
0.031065
0.061616
0.073372
0.070576
0.044095
0.031464
0.015085
0.029866
0.060588
0.106605
0.105654
0.092129
0.071869
0.075465
0.111684
0.110714
0.093118
0.078166
0.019594
0.072135
0.104323
0.119560
0.092699
0.027374
0.042383
0.066181
0.073144
0.068312
0.050373
0.013716
0.005022
0.023113
0.049460
0.049460
0.064393
0.037970
0.026157
0.035630
0.105521
0.117620
0.105026
0.062263
0.064051
0.047044
0.059790
0.067056
0.066010
0.054216
0.062966
0.073467
0.078318
0.049175
0.058553
0.061977
0.060436
0.078565
0.051667
0.067189
0.084310
0.107918
0.107518
0.124544
0.096637
0.089618
0.038997
0.072078
0.098178
0.088705
0.078508
0.061406
0.111627
0.135330
0.096105
0.061939
0.049840
0.042954
0.038997
0.024692
0.013278
0.041147
0.049460
0.049460
0.026499
0.000114
0.014743
0.038940
0.062110
0.067969
0.048699
0.048319
0.062776
0.057126
0.064945
0.119636
0.127245
0.108717
0.071470
0.099110
0.078432
0.060703
0.043791
0.041622
0.023151
0.030056
0.044628
0.049936
0.035079
0.009150
0.002435
0.021800
0.034242
0.054767
0.059675
0.069624
0.098939
0.124639
0.206039
0.323944
0.274332
0.255061
0.153041
0.108241
0.089256
0.084291
0.106948
0.103543
0.144081
0.133751
0.088533
0.073182
0.113187
0.110353
0.205601
0.280514
0.292004
0.197326
0.160403
0.336727
0.446186
0.384627
0.332124
0.327958
0.330069
0.277661
0.371311
0.568390
0.648782
0.753161
0.626544
0.700410
0.564433
0.538924
0.315574
0.279259
0.234098
0.381812
0.584217
0.688806
0.678724
0.480998
0.247509
0.096447
0.061920
0.070766
0.101393
0.167213
0.207447
0.243514
0.245169
0.524314
0.932891
1.194801
0.973467
0.672161
0.464467
0.416206
0.456820
0.381584
0.391400
0.414437
0.466712
0.510294
0.472438
0.562170
0.713974
0.838841
0.871314
0.757365
0.637901
0.773478
0.619163
0.561447
0.388832
0.283900
0.225328
0.464867
0.514650
0.614027
0.615339
0.551041
0.508049
0.321090
0.343652
0.303399
0.315117
0.336670
0.394405
0.753998
1.029452
1.006168
0.941147
0.717759
0.899068
1.105050
1.253772
1.257824
1.234331
1.091525
0.982351
0.701095
0.488817
0.539304
0.626886
0.806806
0.757442
1.125709
1.094949
1.025515
1.077942
1.077448
1.049693
0.685515
0.510769
0.449135
0.417651
0.505253
0.666854
0.618288
1.095139
1.493349
1.579600
1.166076
0.926519
0.778519
0.792292
0.857921
0.888510
1.098658
1.154130
1.134764
0.889024
0.691317
0.816660
0.795145
0.716428
0.664248
0.654013
0.602822
0.416434
0.319930
0.395490
0.473998
0.554560
0.506128
0.782419
0.913659
0.837091
0.623044
0.441849
0.619905
0.734138
0.927755
0.838898
0.721754
0.856133
1.024621
1.129114
1.137884
0.859538
0.780878
0.996371
1.153958
1.362908
1.234274
1.093864
1.140052
1.165201
1.041075
1.101778
1.352483
1.494357
1.278065
0.795126
0.787650
0.921972
0.973144
0.987449
0.742280
0.722877
0.687494
0.861802
1.325832
1.251528
1.026903
0.562018
0.479476
0.433992
0.542272
0.731760
0.930856
1.031621
0.837472
0.724855
0.570255
0.530325
0.528936
0.584141
0.854783
0.895188
1.067822
1.132177
1.076002
0.948395
0.754074
0.566241
0.513585
0.551954
0.605257
0.578244
0.627704
0.805227
0.756357
0.725863
0.660005
0.869430
0.908979
1.024069
0.985871
1.303385
1.301026
1.161282
0.814263
0.577597
0.466103
0.379948
0.454347
0.551289
0.640126
0.639137
0.811144
0.744411
0.759800
0.734614
0.626525
0.697081
1.019655
1.107732
0.970157
0.757632
0.587432
0.697595
0.610983
0.586082
0.622758
0.482596
0.508468
0.579690
0.514726
0.503369
0.601452
0.718996
0.736630
0.720518
0.560971
0.474055
0.436694
0.342396
0.268739
0.156065
0.081171
0.056384
0.094469
0.135482
0.238074
0.336119
0.575600
0.664267
0.622111
0.622283
0.507155
0.430834
0.311522
0.170599
0.149654
0.162780
0.238778
0.273114
0.277813
0.280419
0.258371
0.275739
0.431976
0.535518
0.571814
0.431291
0.322137
0.265695
0.295048
0.294420
0.328509
0.309353
0.221105
0.165634
0.159756
0.140181
0.145469
0.169039
0.208303
0.290235
0.326474
0.316239
0.426155
0.470631
0.500421
0.377418
0.263508
0.129148
0.098787
0.071203
0.104969
0.120911
0.210110
0.219850
0.273837
0.227307
0.187244
0.169419
0.202900
0.231606
0.409072
0.374773
0.309886
0.270318
0.274256
0.246520
0.224130
0.220401
0.165539
0.113701
0.073543
0.043620
0.105844
0.112864
0.130746
0.121710
0.112902
0.107423
0.101697
0.108203
0.158348
0.158881
0.186255
0.184714
0.140086
0.122394
0.058001
0.054482
0.079764
0.065154
0.099662
0.130460
0.103809
0.060227
0.048204
0.126218
0.160022
0.159299
0.127417
0.101830
0.098178
0.150568
0.167156
0.286468
0.245550
0.225537
0.159413
0.172787
0.156978
0.141703
0.106929
0.088457
0.087525
0.110695
0.123916
0.103238
0.112179
0.138887
0.148190
0.121519
0.085585
0.087107
0.094126
0.126637
0.078166
0.088647
0.059675
0.088343
0.102268
0.128406
0.164397
0.174499
0.179654
0.174879
0.201131
0.183059
0.241365
0.177428
0.155076
0.159585
0.154068
0.172768
0.121082
0.105064
0.083093
0.096637
0.070576
0.071679
0.067418
0.077938
0.058724
0.037399
0.053360
0.081495
0.117753
0.095876
0.100841
0.039340
0.032111
0.078565
0.091044
0.181252
0.210719
0.187434
0.187130
0.154315
0.149693
0.130803
0.112065
0.156579
0.171265
0.193217
0.285707
0.281389
0.314527
0.253539
0.162514
0.139154
0.119617
0.110106
0.097760
0.086213
0.069643
0.113435
0.109345
0.102477
0.041014
0.032529
0.073924
0.073848
0.040900
0.022143
0.019099
0.066714
0.136852
0.151367
0.123612
0.110943
0.092452
0.091120
0.089408
0.100004
0.105521
0.103276
0.115641
0.124487
0.129490
0.110904
0.097094
0.068978
0.058077
0.060360
0.067456
0.064945
0.064241
0.067304
0.077690
0.170371
0.214086
0.205107
0.137974
0.075503
0.034242
0.076910
0.079650
0.099224
0.089542
0.128615
0.263013
0.375934
0.433897
0.467435
0.360887
0.354628
0.368211
0.295999
0.175735
0.167498
0.222475
0.312473
0.397544
0.458836
0.758412
0.763719
0.685820
