2.193071
2.618907
2.700525
2.682903
2.153084
1.664188
1.499245
1.346155
1.183598
1.040958
0.971465
1.013595
1.005366
1.139836
1.210613
1.307105
1.344540
1.330390
1.247080
1.207532
1.131637
1.018941
0.986732
0.891432
0.835167
0.656120
0.759619
0.790273
0.626976
0.560684
0.483294
0.559582
0.695426
1.026597
1.294904
2.288250
2.385588
2.040887
1.382533
0.939512
0.880997
0.743190
0.714740
0.689915
0.763500
0.895992
1.029874
1.194485
1.025570
0.864402
0.716371
0.799243
0.826046
0.942215
1.017990
0.877902
0.878385
0.762111
0.708020
0.641382
0.598828
0.625345
0.631249
0.545568
0.559385
0.627685
0.831196
0.817998
0.773965
0.593845
0.481889
0.427180
0.564761
0.669982
0.675524
0.735201
0.677185
0.691455
0.778676
0.784535
0.686140
0.592139
0.552726
0.560911
0.652511
0.806506
0.855387
0.826077
0.869204
0.758441
0.735367
0.951487
1.252426
1.303662
1.123497
0.806461
0.494982
0.452745
0.444908
0.430774
0.441677
0.539498
0.541823
0.718953
0.816231
0.782753
0.741770
0.569624
0.725446
0.936190
0.940478
0.802369
0.534907
0.428599
0.404408
0.433190
0.521287
0.549193
0.564505
0.938576
1.102583
1.197837
1.277342
1.286916
1.152053
1.111432
0.931765
0.940161
0.852578
0.752295
0.624212
0.531072
0.416157
0.346030
0.277307
0.204069
0.182430
0.271810
0.317052
0.466653
0.685928
1.182616
1.259810
1.578508
1.508260
1.380056
1.061253
0.821380
0.856534
0.936643
0.983138
0.964911
1.021357
1.215535
1.369395
1.598878
1.489731
1.398962
1.358070
1.392257
1.410438
1.189895
1.005728
0.736681
0.583622
0.527025
0.437645
0.456837
0.470217
0.574577
0.908692
1.248726
1.322266
1.133645
0.964941
0.957391
1.058021
1.021085
0.962646
0.908994
0.884621
0.803788
0.712762
0.531751
0.465249
0.506760
0.766882
0.869234
0.831362
0.659155
0.462334
0.411672
0.449770
0.628576
0.674603
0.837674
1.024664
1.013188
0.855749
0.692014
0.890224
0.845889
0.772047
0.728633
0.685626
0.760404
0.758819
0.617009
0.624303
0.732951
0.819961
1.206822
1.288305
1.219280
1.053310
0.915970
0.770265
0.720795
0.588605
0.587125
0.659532
0.949403
0.913237
0.919866
0.911546
1.163272
1.271996
1.069332
1.045246
0.861729
0.702237
0.607919
0.762413
0.768226
0.795196
0.748173
0.778902
0.754198
0.745228
0.862771
0.864915
0.942623
0.806265
0.742223
0.684524
0.933789
1.017220
1.059713
0.984995
0.984935
1.020406
0.954537
0.789322
0.696937
0.828870
1.050909
0.928338
0.835107
0.870427
0.994780
0.987743
1.020874
0.882266
0.852699
0.725748
0.702750
0.822649
0.881586
0.884652
0.828236
0.745394
1.065949
1.108140
1.057463
0.843518
0.699081
0.754711
0.747554
0.772726
0.754183
0.634103
0.514446
0.452896
0.465732
0.612600
0.687650
0.946277
1.157066
1.157051
1.147945
1.175670
1.119979
1.147054
1.122184
1.120236
0.986339
0.715087
0.653251
0.593301
0.703384
0.642665
0.629950
0.501309
0.444380
0.406613
0.347706
0.442688
0.603222
0.945643
1.071899
1.151509
1.018292
0.821486
0.629452
0.534741
0.508134
0.599840
0.881601
1.022837
0.915049
0.839712
0.834895
0.776562
0.784626
0.847006
0.793308
0.700077
0.502094
0.502804
0.435259
0.466124
0.494015
0.537308
0.679873
0.746678
0.748550
1.007646
1.387274
1.676858
1.641326
1.715077
1.618887
1.299525
1.034359
0.829550
0.691078
0.664395
0.602618
0.775671
1.756755
2.076993
1.949091
1.508698
1.182314
1.387818
1.299389
1.248666
1.335932
1.449217
1.428680
1.192205
0.977837
0.982654
0.863194
0.772470
0.618172
0.590810
0.531978
0.494710
0.410358
0.468042
0.478446
0.516122
0.461609
0.447913
0.551684
0.615846
0.614533
0.580511
0.597378
0.673516
0.778344
0.833506
1.289830
1.453339
1.597127
1.653950
1.591993
1.341701
0.770325
0.705046
0.775520
0.822785
0.768000
0.623185
0.485513
0.402475
0.487930
0.521694
0.525892
0.421155
0.379507
0.417621
0.605110
0.749305
0.830788
0.778797
0.663655
0.519142
0.386861
0.390259
0.562270
0.620754
0.675479
0.464765
0.476680
0.416217
0.492279
0.456264
0.429717
0.360496
0.353731
0.382165
0.398912
0.400829
0.509644
0.557921
0.531948
0.357944
0.364377
0.352115
0.363108
0.356373
0.412442
0.474535
0.467378
0.533579
0.506503
0.409089
0.376623
0.447687
0.465415
0.697948
0.752733
0.758094
0.818723
0.717670
0.670299
0.594781
0.514038
0.427724
0.400180
0.473765
0.481542
0.596457
0.958493
0.980223
1.122033
1.085776
1.062778
0.880288
0.684524
0.671130
0.601999
0.585872
0.538849
0.513827
0.458816
0.389187
0.363591
0.305756
0.287409
0.277896
0.313110
0.355316
0.535240
0.658566
0.664047
0.869596
1.002678
1.024830
0.803788
0.806068
0.853545
0.859464
0.842234
0.806325
0.752627
0.515503
0.281913
0.240159
0.268579
0.326263
0.470066
0.668608
0.771050
0.804921
0.867331
1.008824
1.019470
0.983258
1.147235
1.077441
1.103248
1.031626
1.191420
1.123784
1.042136
0.770884
0.629075
0.657735
0.746013
0.756342
0.761114
0.690640
0.496567
0.332817
0.307553
0.379658
0.593951
0.650729
0.852397
0.869370
0.940509
0.969351
0.939497
0.875199
0.765644
0.849573
0.839833
0.818073
0.687015
0.532099
0.431333
0.353791
0.325583
0.408516
0.431408
0.486540
0.502139
0.559642
0.602513
0.583380
0.512710
0.465339
0.532144
0.527085
0.465203
0.478854
0.538637
0.679239
0.714076
0.724676
0.571587
0.538879
0.440755
0.335323
0.278470
0.302057
0.339476
0.422997
0.467952
0.501550
0.653809
0.620875
0.551035
0.535511
0.603011
0.635945
0.811550
0.840769
0.962495
1.019047
1.234411
1.218389
1.065813
0.750075
0.649355
0.643269
0.623049
0.764255
0.885784
0.787978
0.986037
1.305218
1.388754
1.223946
1.346940
1.559587
1.640314
1.638910
1.477983
1.429223
1.383680
1.196297
0.990794
1.626633
2.049268
2.031902
1.754882
1.487466
1.181333
0.979121
0.968535
0.971752
1.123180
1.140757
1.100816
1.091107
1.037907
0.996094
0.687031
0.585011
0.568989
0.486359
0.430819
0.410101
0.510248
0.542896
0.516349
0.587306
0.620769
0.691893
0.629845
0.627655
0.563840
0.516455
0.433160
0.367940
0.494347
0.563402
0.499481
0.362595
0.301271
0.366461
0.482795
0.507258
0.488564
0.475789
0.465656
0.500086
0.498002
0.488337
0.525258
0.576328
0.521408
0.510973
0.480515
0.509659
0.483837
0.426893
0.454829
0.530921
0.528641
0.506503
0.414692
0.350046
0.470775
0.585978
0.569865
0.489757
0.468782
0.480832
0.539030
0.573263
0.715510
0.804135
0.841434
0.832857
0.830637
0.711267
0.815265
0.843065
0.972673
1.180427
1.222346
1.099910
0.879125
0.602498
0.524080
0.465067
0.410403
0.360722
0.352870
0.406779
0.722864
0.745077
0.779522
0.866501
0.955806
1.161037
1.589546
1.755109
1.878163
1.785521
1.619038
1.143853
1.119194
0.999627
0.832645
0.641835
0.543349
0.501943
0.408470
0.401192
0.407338
0.330929
0.429445
0.786800
1.082484
1.045896
0.887989
0.692421
0.453817
0.451839
0.529547
0.916121
1.076686
1.149032
1.135865
0.963899
1.043389
0.919066
0.746406
0.733827
0.736742
0.805721
0.853665
0.998223
0.923083
0.835711
0.653930
0.672051
0.699156
0.651469
0.616662
0.487326
0.574365
0.586536
0.936341
1.138507
1.134672
1.040973
0.977158
0.791043
0.733963
0.826137
0.875637
1.041592
1.164178
1.143158
0.970665
0.718576
0.472557
0.486329
0.612977
0.871106
0.873915
0.776517
0.644251
0.571209
0.730460
0.736289
0.810191
0.640476
0.515518
0.453832
0.402732
0.398459
0.424084
0.449106
0.428811
0.412578
0.468661
0.585389
0.574818
0.454874
0.389172
0.449635
0.632638
0.642227
0.527584
0.564203
0.637924
0.791466
0.950384
0.854481
0.747780
0.458982
0.350862
0.328241
0.730505
0.886358
1.000413
0.902636
0.808107
0.675282
0.566558
0.511351
0.514612
0.494287
0.542986
0.591414
0.577974
0.547728
0.498319
0.763832
0.835545
0.803033
0.646395
0.651635
0.543771
0.562013
0.541612
0.595068
0.555595
0.584981
0.572931
0.577476
0.508466
0.444062
0.333330
0.239722
0.248933
0.338600
0.473886
0.610531
0.669801
0.603464
0.428705
0.378979
0.321038
0.294552
0.252074
0.328166
0.417893
0.398534
0.370991
0.335610
0.305394
0.276960
0.284162
0.312823
0.379492
0.337362
0.333134
0.381727
0.410841
0.368937
0.377514
0.286186
0.270466
0.305545
0.436044
0.485559
0.491735
0.522298
0.661450
1.052630
1.409306
1.390868
1.154001
0.891477
0.594902
0.636293
0.606197
0.596035
0.545810
0.563357
0.740653
0.758532
0.708413
0.585600
0.646818
0.710150
0.792085
0.828629
0.843321
0.694989
0.560246
0.439638
0.454527
0.535798
0.659955
0.645444
0.578850
0.447234
0.325885
0.335595
0.315375
0.296409
0.275782
0.241503
0.248253
0.267189
0.270089
0.347298
0.481331
0.655969
0.585026
0.460990
0.315949
0.238513
0.351541
0.535617
0.609776
0.572342
0.523069
0.582897
0.655908
0.712747
0.721445
0.629014
0.601561
0.819281
0.818964
0.684947
0.494045
0.360058
0.274347
0.213492
0.267431
0.431227
0.556154
0.661964
0.611754
0.601954
0.477465
0.354863
0.241866
0.243300
0.342662
0.384823
0.370115
0.381516
0.455146
0.475713
0.541823
0.574818
0.505220
0.534590
0.552424
0.541854
0.553647
0.497020
0.596759
0.723997
0.889197
0.898756
0.858452
0.856081
0.894407
0.784882
0.909477
0.862378
0.771730
0.867981
0.886207
0.816382
0.885830
0.868252
0.811640
0.827949
1.080234
1.518619
1.435596
1.189774
0.694098
0.773753
1.029013
0.988997
0.804437
0.611452
0.450239
0.387783
0.275193
0.205791
0.351617
0.444984
0.476680
0.412759
0.400633
0.395741
0.403548
0.345954
0.311479
0.275721
0.317233
0.372154
0.422136
0.367654
0.339476
0.300683
0.287681
0.257314
0.250956
0.363999
0.446343
0.478945
0.501263
0.431318
0.481255
0.455614
0.336743
0.277956
0.236384
0.168855
0.139152
0.192019
0.196232
0.161893
0.154811
0.152395
0.180769
0.289720
0.399168
0.449514
0.400376
0.290777
0.230148
0.245490
0.252466
0.222522
0.197817
0.165668
0.160685
0.186477
0.168145
0.190630
0.272263
0.343160
0.475517
0.558464
0.523235
0.479624
0.456853
0.501460
0.521045
0.466185
0.389081
0.307191
0.236339
0.200822
0.317640
0.346785
0.345214
0.353066
0.414405
0.551307
0.540419
0.504389
0.379236
0.306330
0.358699
0.413589
0.553043
0.609081
0.547622
0.485393
0.578941
0.575754
0.652360
0.550657
0.509070
0.413106
0.381002
0.332801
0.276084
0.219351
0.235524
0.260062
0.332862
0.375189
0.445799
0.345410
0.372380
0.410131
0.573716
0.680266
0.601320
0.529652
0.420672
0.424552
0.414465
0.364769
0.368741
0.363682
0.460356
0.490013
0.562813
0.782240
0.932928
0.973851
0.840271
0.561847
0.474762
0.408682
0.427754
0.375687
0.262584
0.248993
0.298402
0.269892
0.294959
0.252738
0.264864
0.271312
0.265347
0.239510
0.275661
0.262856
0.291985
0.318622
0.283468
0.262161
0.258416
0.219185
0.209354
0.206002
0.248963
0.279315
0.258658
0.275585
0.326973
0.337301
0.383992
0.467030
0.463648
0.404499
0.356222
0.366113
0.286458
0.247513
0.243602
0.243935
0.236475
0.242455
0.328709
0.333073
0.351345
0.327652
0.305288
0.362867
0.346830
0.361779
0.283921
0.218007
0.263988
0.247831
0.301317
0.345682
0.575241
0.613098
0.620271
0.519339
0.411657
0.397613
0.376593
0.426531
0.521815
0.562587
0.507122
0.482463
0.386877
0.395076
0.609187
0.659306
0.621630
0.559295
0.499330
0.440680
0.328603
0.309199
0.328135
0.293691
0.257193
0.260515
0.208554
0.195250
0.187262
0.206681
0.177250
0.156638
0.177764
0.217750
0.216603
0.272792
0.270059
0.258763
0.252195
0.244161
0.219457
0.172690
0.133293
0.141296
0.181856
0.253312
0.295503
0.283468
0.256664
0.179395
0.150930
0.127494
0.099256
0.071184
0.098486
0.129850
0.196126
0.195900
0.180286
0.104269
0.095979
0.119914
0.118962
0.126815
0.133127
0.142806
0.150673
0.129638
0.114221
0.101702
0.165019
0.201049
0.267778
0.260017
0.252285
0.210517
0.215062
0.197757
0.175816
0.133821
0.131028
0.109192
0.080531
0.070323
0.112892
0.191460
0.220287
0.299973
0.290278
0.340337
0.396692
0.473629
0.579681
0.616435
0.600716
0.592894
0.725250
0.714891
0.769721
1.000156
1.155813
1.155027
1.050652
0.873130
0.904509
0.915049
0.771292
0.595974
0.496446
0.386650
0.352175
0.332228
0.396163
0.459737
0.479277
0.349669
0.325840
0.279617
0.345214
0.458091
0.423586
0.450873
0.447113
0.442462
0.477208
0.590130
0.605699
0.713668
0.672459
0.616904
0.540253
0.587382
0.624318
0.758970
0.804271
0.789790
0.826968
0.821999
1.354204
1.326811
1.510163
1.317947
1.073575
0.879865
1.155375
1.280241
1.356590
1.291159
1.188626
1.224867
1.034646
0.780458
0.651635
0.603358
0.686713
0.696408
0.909356
1.392907
1.489565
1.304583
1.095561
1.068984
1.416509
1.278852
1.085504
0.909885
0.594524
0.472497
0.445890
0.521845
0.559295
0.547214
0.478597
0.436255
0.431906
0.449166
0.532959
0.593603
0.764361
0.961997
1.203002
1.279320
1.165643
1.059728
0.969910
0.897548
0.801342
0.661571
0.736923
1.014411
0.997876
0.965983
0.784535
0.533533
0.414571
0.408485
0.424039
0.405964
0.464191
0.458755
0.399576
0.274634
0.167103
0.175635
0.205791
0.286428
0.324632
0.318275
0.303974
0.298916
0.393158
0.458348
0.648373
0.720705
0.707265
0.816956
0.752522
0.740230
0.732091
0.769359
0.673818
0.660771
0.749532
0.779688
0.763288
0.656588
0.639328
0.753262
0.806567
0.822981
0.859781
0.950656
0.940161
0.840860
0.737950
0.736772
0.587956
0.457185
0.445180
0.362852
0.356509
0.301271
0.471530
0.525500
0.599900
0.537973
0.736772
0.791360
0.789684
0.711675
0.705650
0.719074
0.860612
0.795000
0.700062
0.554629
0.451567
0.430593
0.394925
0.355905
0.538969
0.527991
0.598496
0.454769
0.365449
0.240507
0.315179
0.595204
1.037802
1.131229
1.050441
1.035808
0.903316
0.709213
0.622883
0.694732
0.710195
0.691485
0.623820
0.622023
0.561213
0.618972
0.585978
0.514280
0.492928
0.428569
0.397734
0.379870
0.409935
0.439834
0.518463
0.530241
0.495102
0.416172
0.387043
0.318305
0.369707
0.396058
0.329494
0.245928
0.231688
0.455871
0.620241
0.689643
0.660605
0.621147
0.553632
0.404227
0.247438
0.316312
0.311177
0.312869
0.256075
0.197546
0.158631
0.161319
0.134999
0.216497
0.327637
0.415990
0.688163
0.585268
0.513631
0.337981
0.346332
0.336199
0.319151
0.320102
0.420974
0.480062
0.550506
0.503015
0.776350
0.729780
0.661148
0.361281
0.277246
0.287772
0.307916
0.394261
0.370749
0.397719
0.418029
0.553874
0.614820
0.580526
0.542201
0.463889
0.409512
0.416428
0.378768
0.349503
0.342541
0.680160
0.925348
1.225728
1.146979
1.156930
1.245329
1.496451
1.476262
1.283261
1.123830
1.075009
1.008537
0.754409
0.661224
0.497609
0.478537
0.436225
0.363154
0.376019
0.436014
0.391814
0.380308
0.251802
0.303703
0.359439
0.423948
0.535859
0.503891
0.520245
0.527508
0.527750
0.720644
0.761129
0.721837
0.637682
0.559703
0.502502
0.346075
0.247453
0.232685
0.282064
0.290550
0.327697
0.365419
0.346649
0.415130
0.429354
0.392479
0.310226
0.287062
0.300199
0.238997
0.234542
0.226992
0.221027
0.172056
0.078206
0.064600
0.066518
0.088882
0.120321
0.191415
0.243497
0.352070
0.431091
0.451824
0.357098
0.298886
0.309380
0.315798
0.374887
0.362006
0.312718
0.236973
0.147502
0.152606
0.254701
0.303446
0.402838
0.438792
0.411641
0.356253
0.298025
0.275072
0.235146
0.213779
0.230238
0.279074
0.293872
0.269983
0.222099
0.338993
0.442175
0.441586
0.428932
0.426289
0.458544
0.547229
0.514461
0.479534
0.368016
0.241700
0.219925
0.200490
0.156774
0.098169
0.085137
0.072211
0.079308
0.325840
0.509478
0.548966
0.459963
0.279859
0.216150
0.206817
0.196322
0.202952
0.206244
0.240869
0.170047
0.167224
0.172282
0.190086
0.215289
0.264532
0.254505
0.303597
0.266072
0.237230
0.173732
0.177356
0.247453
0.360556
0.420264
0.398051
0.428192
0.336229
0.279798
0.211136
0.179848
0.148182
0.118026
0.119702
0.157922
0.160444
0.145856
0.158541
0.186039
0.318592
0.370447
0.367216
0.271750
0.242636
0.214594
0.208720
0.224259
0.272399
0.286080
0.275344
0.229604
0.309531
0.352583
0.348129
0.345350
0.354894
0.388825
0.368680
0.304307
0.287968
0.311615
0.357159
0.294567
0.255064
0.167178
0.130363
0.200732
0.355362
0.385835
0.440906
0.388764
0.355105
0.384536
0.359680
0.279859
0.180135
0.136479
0.217765
0.246577
0.280916
0.250851
0.216587
0.277126
0.232715
0.252104
0.246955
0.279753
0.332333
0.357038
0.342103
0.287485
0.302102
0.260953
0.234180
0.188395
0.164143
0.140632
0.146174
0.247453
1.296021
1.341157
1.142403
0.700077
0.421759
0.348068
0.361236
0.426259
0.423360
0.407836
0.355633
0.370689
0.267703
0.265347
0.287696
0.324345
0.428584
0.544134
0.531827
0.492158
0.411098
0.464992
0.531585
0.780790
0.746270
0.666856
0.425579
0.367291
0.308535
0.250216
0.188455
0.214941
0.288738
0.363667
0.320389
0.228472
0.168643
0.164611
0.190267
0.198542
0.199992
0.166589
0.139469
0.117180
0.177885
0.274498
0.317414
0.371293
0.437177
0.347071
0.310196
0.304125
0.285869
0.293359
0.413861
0.362927
0.306964
0.199645
0.142866
0.148031
0.190010
0.174427
0.145871
0.118298
0.136373
0.191853
0.182370
0.152546
0.142987
0.135573
0.270602
0.296575
0.316266
0.245354
0.176254
0.168568
0.220287
0.235131
0.219079
0.274634
0.326384
0.285567
0.228215
0.190962
0.209052
0.199992
0.168356
0.175378
0.246955
0.336441
0.356373
0.358291
0.294688
0.252708
0.210759
0.204356
0.178504
0.157121
0.169987
0.136524
0.132613
0.093080
0.132689
0.205383
0.237713
0.262554
0.254882
0.259956
0.198905
0.174366
0.143440
0.119325
0.145645
0.120412
0.106761
0.074627
0.051931
0.056431
0.201502
0.394744
0.437343
0.433779
0.370492
0.323862
0.310936
0.260153
0.201502
0.148016
0.128883
0.142625
0.131148
0.170274
0.188123
0.171044
0.150824
0.153965
0.154917
0.157725
0.157876
0.174034
0.153195
0.119038
0.147125
0.149314
0.149556
0.155053
0.164098
0.215077
0.233711
0.204582
0.115972
0.087765
0.062803
0.110340
0.148333
0.156865
0.129382
0.147578
0.168583
0.157272
0.097701
0.063875
0.056446
0.060538
0.060402
0.054513
0.040107
0.018876
0.022530
0.026215
0.038204
0.026245
0.012971
0.012111
0.002945
0.004515
0.013832
0.084412
0.176193
0.298553
0.419494
0.497081
0.439245
0.485060
0.647920
