0.056892
0.061329
0.060728
0.042959
0.071301
0.130619
0.119527
0.092988
0.043249
0.040326
0.063609
0.060126
0.027845
0.006469
0.068814
0.110923
0.106361
0.090998
0.054943
0.072421
0.051377
0.043063
0.060106
0.077998
0.092449
0.059587
0.073002
0.113017
0.215211
0.220622
0.175486
0.064646
0.041259
0.020443
0.005598
0.006718
0.024362
0.052828
0.064418
0.067963
0.034334
0.028550
0.013103
0.002073
0.011258
0.015571
0.015550
0.019033
0.020567
0.032136
0.039559
0.069871
0.085006
0.073541
0.067673
0.080590
0.075863
0.089277
0.082124
0.044576
0.077853
0.098980
0.107688
0.081461
0.049096
0.085462
0.135326
0.172334
0.145713
0.101759
0.171712
0.195348
0.169390
0.112125
0.138394
0.142396
0.102754
0.035786
0.008998
0.034832
0.042026
0.059774
0.062469
0.060230
0.046919
0.042503
0.071965
0.102028
0.107149
0.089153
0.039414
0.023781
0.052061
0.095311
0.090459
0.088158
0.131449
0.158775
0.167110
0.101448
0.069788
0.077936
0.098047
0.068420
0.062324
0.037776
0.072566
0.141753
0.116686
0.080113
0.095767
0.103625
0.140467
0.171090
0.127592
0.201195
0.214630
0.171547
0.051522
0.057307
0.058965
0.040513
0.008521
0.047728
0.052870
0.044390
0.007692
0.017291
0.020899
0.040202
0.041466
0.065434
0.117516
0.129562
0.124627
0.086209
0.078351
0.119257
0.140032
0.153218
0.129769
0.056208
0.068814
0.215128
0.247347
0.226199
0.121642
0.128442
0.151456
0.090210
0.050506
0.038191
0.052849
0.102318
0.097840
0.075884
0.053906
0.074266
0.063361
0.075365
0.071571
0.114800
0.138912
0.119320
0.075303
0.070762
0.065144
0.151456
0.170779
0.188465
0.094336
0.117765
0.157510
0.206959
0.141400
0.146770
0.122430
0.113514
0.071861
0.030270
0.058219
0.104537
0.108269
0.118946
0.078890
0.127924
0.107108
0.100121
0.090977
0.092843
0.060499
0.047458
0.068295
0.060147
0.071530
0.097508
0.117143
0.088054
0.066243
0.105822
0.105221
0.105470
0.149403
0.162839
0.160247
0.117454
0.136528
0.187822
0.199972
0.119900
0.052517
0.081564
0.120418
0.105739
0.095539
0.099810
0.069373
0.053678
0.034977
0.033049
0.034728
0.043871
0.067010
0.074474
0.101510
0.099851
0.124835
0.095829
0.093756
0.064107
0.058157
0.059338
0.060251
0.059919
0.056933
0.029400
0.040450
0.029566
0.060728
0.060147
0.082062
0.077397
0.259911
0.314108
0.285434
0.179591
0.093424
0.082767
0.085504
0.065952
0.052828
0.023760
0.015695
0.039559
0.071364
0.073935
0.078019
0.096161
0.104931
0.074370
0.068627
0.086333
0.101821
0.105262
0.116915
0.125498
0.118179
0.120294
0.096720
0.098566
0.087225
0.099810
0.095601
0.089381
0.044908
0.089588
0.099519
0.099830
0.118718
0.115463
0.126825
0.065144
0.066948
0.118221
0.131324
0.102754
0.063527
0.046359
0.040596
0.012419
0.020443
0.068668
0.137586
0.164518
0.122119
0.077563
0.068731
0.080777
0.069000
0.078517
0.082435
0.110964
0.115152
0.089360
0.078911
0.059525
0.022019
0.004002
0.011237
0.048350
0.072960
0.093237
0.061764
0.041446
0.042690
0.038398
0.039352
0.082332
0.104433
0.102878
0.117868
0.103666
0.103231
0.122036
0.143059
0.114986
0.062511
0.090252
0.117848
0.175382
0.173578
0.228957
0.155147
0.125540
0.114675
0.112892
0.100867
0.064480
0.057203
0.038170
0.058136
0.084695
0.082788
0.037817
0.008273
0.041881
0.054943
0.054943
0.055420
0.084467
0.149507
0.224292
0.195908
0.149694
0.048993
0.023449
0.043291
0.038771
0.073333
0.081938
0.111835
0.115318
0.080880
0.085296
0.090998
0.096451
0.102920
0.077832
0.067466
0.052828
0.071405
0.101904
0.124524
0.114219
0.069373
0.055980
0.103355
0.148263
0.191430
0.117744
0.078123
0.053533
0.053699
0.076008
0.059131
0.024507
0.041632
0.063174
0.061121
0.047396
0.042462
0.042669
0.039683
0.088966
0.148429
0.185272
0.166654
0.137731
0.154234
0.162030
0.151871
0.101468
0.057721
0.037278
0.050817
0.067963
0.169618
0.198624
0.225328
0.260430
0.248612
0.282863
0.312449
0.342720
0.348359
0.330923
0.197961
0.166819
0.205632
0.261964
0.307038
0.242724
0.175092
0.128484
0.209530
0.275192
0.306395
0.217097
0.153073
0.145361
0.202563
0.243802
0.235177
0.243594
0.176937
0.081212
0.044784
0.056042
0.110591
0.169992
0.149051
0.106714
0.089775
0.143287
0.198520
0.148906
0.139141
0.158713
0.157614
0.130370
0.133501
0.147247
0.174532
0.119092
0.140011
0.100763
0.096969
0.071011
0.101199
0.171754
0.226531
0.195950
0.112125
0.054943
0.046111
0.087701
0.122326
0.109886
0.063444
0.041052
0.076381
0.144531
0.181975
0.217574
0.204264
0.236441
0.219959
0.151746
0.093051
0.089858
0.175361
0.251577
0.257734
0.163191
0.030105
0.063257
0.170448
0.295946
0.357855
0.295262
0.231507
0.138208
0.102671
0.092159
0.089505
0.079761
0.110591
0.081088
0.089298
0.066056
0.050734
0.024880
0.054839
0.113659
0.138062
0.125685
0.087536
0.119942
0.112872
0.110570
0.130080
0.079097
0.078911
0.021065
0.035267
0.075054
0.111793
0.158174
0.170925
0.162113
0.129520
0.136051
0.095103
0.141007
0.162300
0.176357
0.134745
0.087162
0.072836
0.071778
0.045426
0.065268
0.084301
0.151269
0.226096
0.244776
0.219461
0.149880
0.132112
0.134040
0.137689
0.131179
0.107046
0.139700
0.204326
0.251017
0.298911
0.277120
0.186205
0.157469
0.100204
0.079761
0.065766
0.066616
0.120128
0.133833
0.157635
0.190082
0.217139
0.227423
0.189626
0.160579
0.151622
0.113763
0.097031
0.083410
0.107211
0.131884
0.117101
0.086810
0.077832
0.059401
0.053616
0.073624
0.078061
0.085151
0.103127
0.149632
0.133024
0.149673
0.120999
0.116272
0.086229
0.056664
0.042503
0.052725
0.046546
0.049760
0.062552
0.071612
0.123466
0.132485
0.097197
0.168582
0.210732
0.215418
0.182038
0.151435
0.169515
0.161595
0.188776
0.215853
0.209405
0.206793
0.136943
0.080797
0.097322
0.147828
0.177518
0.147330
0.092719
0.169100
0.163108
0.141649
0.132651
0.144614
0.179591
0.204471
0.228335
0.183924
0.108518
0.117744
0.181395
0.180317
0.103023
0.103396
0.134745
0.194353
0.191347
0.269179
0.387006
0.362043
0.312201
0.248695
0.246725
0.343446
0.340626
0.304363
0.198500
0.123217
0.139037
0.147848
0.161802
0.208576
0.246020
0.214692
0.190123
0.227651
0.282573
0.285600
0.254334
0.135388
0.105760
0.118635
0.149528
0.204077
0.205922
0.259518
0.293707
0.350495
0.341206
0.265240
0.190683
0.212826
0.293458
0.294805
0.265800
0.204740
0.256615
0.283029
0.228584
0.127426
0.085524
0.059027
0.098960
0.181312
0.186785
0.213428
0.233269
0.253878
0.241666
0.242827
0.238079
0.231922
0.234389
0.216185
0.233871
0.233953
0.160537
0.169452
0.105387
0.142064
0.090500
0.093465
0.066657
0.050506
0.064936
0.091102
0.164642
0.254915
0.272828
0.329264
0.312346
0.433987
0.433096
0.440705
0.273201
0.098669
0.088780
0.082643
0.095331
0.125996
0.181270
0.260844
0.275648
0.178430
0.113224
0.111130
0.126473
0.145174
0.196965
0.199205
0.241189
0.245771
0.260409
0.265261
0.242496
0.250872
0.269532
0.258128
0.192321
0.235591
0.350640
0.435231
0.386778
0.174843
0.109969
0.075801
0.074557
0.057783
0.065310
0.066139
0.081979
0.114364
0.148408
0.156930
0.226344
0.182680
0.136155
0.123425
0.151394
0.207125
0.222488
0.161760
0.117288
0.074743
0.097446
0.107771
0.141525
0.135471
0.169950
0.148657
0.128504
0.154297
0.170365
0.196053
0.232108
0.199060
0.239614
0.236504
0.205010
0.183986
0.122326
0.179218
0.253339
0.248322
0.194084
0.131967
0.160351
0.153156
0.220788
0.228293
0.235343
0.244527
0.173806
0.191554
0.231590
0.320287
0.527080
0.508088
0.389328
0.296257
0.235612
0.227360
0.204637
0.155333
0.202460
0.241003
0.297003
0.276933
0.242599
0.210940
0.225287
0.233663
0.226572
0.292172
0.271128
0.245730
0.207208
0.132568
0.073665
0.118801
0.199433
0.310252
0.310107
0.217885
0.192052
0.254521
0.359846
0.517439
0.566556
0.522435
0.488143
0.401561
0.297708
0.404712
0.471743
0.692095
0.819895
0.803826
0.757052
0.795346
0.717410
0.510016
0.566597
0.653635
0.603627
0.513852
0.493056
0.548476
0.510431
0.592804
0.626557
0.624422
0.554613
0.420532
0.324267
0.308945
0.236317
0.169992
0.119465
0.111814
0.103023
0.114551
0.250395
0.392687
0.374856
0.269304
0.155789
0.187325
0.383772
0.386135
0.421174
0.317964
0.301233
0.234762
0.171028
0.134538
0.150171
0.189004
0.201216
0.174325
0.164767
0.224665
0.168665
0.237893
0.432142
0.715772
0.780895
0.554261
0.307536
0.209157
0.187511
0.393744
0.537902
0.565934
0.376992
0.277846
0.374068
0.577689
0.561455
0.472530
0.342720
0.429841
0.540992
0.505662
0.343881
0.227630
0.263167
0.316555
0.364241
0.363826
0.382383
0.361794
0.476325
0.479393
0.564690
0.478522
0.398824
0.281806
0.355388
0.429198
0.350889
0.245025
0.297231
0.309609
0.385845
0.351780
0.375582
0.347343
0.350599
0.360011
0.306416
0.358125
0.353646
0.452129
0.461625
0.485489
0.459862
0.591456
0.727010
0.844629
0.669724
0.470602
0.232564
0.197131
0.146252
0.146770
0.191181
0.163813
0.170821
0.293396
0.471535
0.525587
0.464590
0.320307
0.205570
0.219565
0.174449
0.154670
0.215833
0.259393
0.256449
0.185687
0.169722
0.124710
0.067217
0.075614
0.129603
0.304799
0.393765
0.350039
0.189128
0.129769
0.144282
0.169204
0.141774
0.106776
0.105283
0.206337
0.351780
0.469545
0.535373
0.572983
0.713761
0.584034
0.520321
0.339257
0.473152
0.675384
0.700347
0.816930
0.668459
0.660539
0.713264
0.795657
0.728627
0.565457
0.339942
0.353522
0.479787
0.575326
0.706671
0.884002
0.772955
0.718426
0.511136
0.409895
0.380019
0.466912
0.755394
1.262300
1.290601
1.062494
0.568898
0.783777
0.860656
0.797980
0.744840
0.604912
0.661866
0.613786
0.606674
0.532429
0.497576
0.579804
0.765532
0.886075
0.964011
0.805941
0.712289
0.738911
0.930465
1.118702
1.372082
1.552212
1.313096
1.130457
0.809756
0.916967
0.839570
0.608271
0.564690
0.530749
0.494010
0.462330
0.295904
0.341289
0.464963
0.833102
0.962000
1.003943
0.823088
1.124341
1.312329
0.988995
0.786307
0.439129
0.420055
0.534751
0.612376
0.579908
0.373322
0.208307
0.264286
0.323790
0.451134
0.481715
0.457146
0.373550
0.387587
0.555484
0.638375
0.816868
0.908716
0.857982
0.893871
0.822320
0.845790
0.682413
0.745773
0.491771
0.519491
0.521088
0.556666
0.538172
0.712206
0.758130
0.712662
0.604539
0.558304
0.759416
0.806480
0.580115
0.451072
0.417111
0.330985
0.296423
0.341911
0.411264
0.494197
0.505019
0.487832
0.495814
0.541489
0.665308
0.878113
1.031581
0.992001
0.659917
0.298641
0.350163
0.330985
0.417111
0.539706
0.909586
1.489971
1.505687
1.405463
1.027745
1.078106
1.052957
0.804822
1.017378
1.073876
1.115861
0.748096
0.444147
0.461998
0.410932
0.446262
0.457603
0.418272
0.724791
0.843406
0.793004
0.663981
0.397165
0.441700
0.408817
0.500354
0.570868
0.844816
0.867788
0.740860
0.570827
0.518931
0.530003
0.401478
0.273243
0.217429
0.219710
0.199744
0.443898
0.633565
0.649758
0.560066
0.360239
0.421859
0.429592
0.404899
0.381781
0.511758
0.525151
0.461065
0.331876
0.413130
0.470519
0.509560
0.546735
0.569209
0.599127
0.709863
0.594380
0.490403
0.347986
0.290306
0.352112
0.457872
0.534606
0.555961
0.519325
0.462019
0.464486
0.414436
0.415120
0.593488
0.662944
0.716208
1.135413
1.368723
1.335260
1.104375
0.978773
0.911660
0.993784
1.323629
1.367542
1.074664
0.741274
0.812742
1.101680
1.337292
1.374280
1.262258
0.938862
1.160272
1.296862
1.180652
1.217931
1.270365
1.418276
1.665664
1.315397
1.103048
1.057539
0.913940
0.736050
0.605575
0.741399
1.011511
1.581591
2.185384
1.923461
1.844758
1.256536
1.330927
1.006079
0.656849
0.568276
0.361110
0.401416
0.457043
0.457354
0.296692
0.229662
0.290120
0.366148
0.421216
0.407884
0.412383
1.075597
1.622726
1.804224
1.207212
0.618326
0.372431
0.381636
0.712828
1.208891
1.305404
0.924183
0.646378
0.666490
0.697403
0.603129
0.306520
0.294391
0.363391
0.351469
0.222177
0.115982
0.092097
0.108621
0.135243
0.190808
0.220601
0.199910
0.279048
0.281744
0.344524
0.318110
0.230657
0.194457
0.167110
0.156453
0.157427
0.153882
0.234389
0.208700
0.194602
0.153384
0.205819
0.244880
0.201257
0.121269
0.164497
0.142893
0.205155
0.210152
0.181436
0.153757
0.126037
0.163668
0.159687
0.093714
0.060810
0.025937
0.058219
0.095082
0.107315
0.138187
0.182971
0.179612
0.145195
0.088821
0.072774
0.123694
0.131490
0.105511
0.072089
0.114675
0.226054
0.299180
0.297874
0.196198
0.097218
0.073271
0.170883
0.229890
0.276228
0.248591
0.211582
0.165492
0.133646
0.205321
0.234347
0.260886
0.192632
0.165161
0.197173
0.203102
0.236773
0.263208
0.275420
0.318151
0.314481
0.282200
0.240111
0.186143
0.141193
0.140550
0.158526
0.140592
0.121020
0.099312
0.129894
0.121393
0.090936
0.103604
0.108352
0.199080
0.230615
0.327688
0.315207
0.248487
0.214775
0.251846
0.254770
0.168623
0.135554
0.157178
0.211375
0.241417
0.275793
0.286740
0.250685
0.307950
0.290389
0.377863
0.376370
0.318732
0.321385
0.288959
0.265468
0.246953
0.197546
0.228024
0.240132
0.216102
0.170593
0.161014
0.145112
0.136839
0.199993
0.187117
0.160185
0.078185
0.078206
0.064397
0.142810
0.224043
0.215024
0.143080
0.123466
0.212557
0.235944
0.242205
0.257672
0.460754
0.550010
0.523348
0.332167
0.196219
0.202149
0.176958
0.243968
0.208120
0.194934
0.138332
0.096347
0.066948
0.099561
0.131905
0.146522
0.207892
0.327543
0.371332
0.365506
0.325470
0.220746
0.219544
0.260077
0.320846
0.519242
0.496830
0.432225
0.263208
0.235965
0.153757
0.159521
0.144199
0.121476
0.120978
0.128110
0.158526
0.236421
0.250913
0.243511
0.153675
0.205839
0.258771
0.426855
0.445598
0.410061
0.309961
0.299823
0.430131
0.478543
0.441140
0.287341
0.321655
0.369466
0.648659
0.579182
0.496685
0.190621
0.244175
0.283278
0.259476
0.253152
0.190165
0.301316
0.456981
0.446655
0.419702
0.236130
0.174719
0.138290
0.132112
0.093051
0.071530
0.115899
0.298226
0.515863
0.832583
0.960113
0.888667
0.584220
0.495192
0.520756
0.529236
0.488993
0.374919
0.366418
0.356196
0.350163
0.457271
0.518413
0.430421
0.316285
0.270713
0.263312
0.144697
0.218963
0.212598
0.356383
0.462703
0.440850
0.321904
0.313963
0.331379
0.383087
0.398762
0.445411
0.443400
0.365423
0.273450
0.240091
0.206378
0.264950
0.467078
0.726409
0.756949
0.585319
0.295096
0.223628
0.120543
0.081668
0.092512
0.105677
0.144531
0.118739
0.118034
0.118532
0.129748
0.167939
0.163253
0.257258
0.268163
0.306333
0.237395
0.147019
0.129334
0.142105
0.303970
0.516008
0.613537
0.458142
0.264618
0.196074
0.137109
0.131490
0.113742
0.194166
0.275441
0.285517
0.208763
0.197712
0.278737
0.286346
0.311496
0.329368
0.295386
0.340709
0.352610
0.372700
0.404028
0.388831
0.334738
0.297915
0.195037
0.203787
0.257050
0.256200
0.351345
0.343155
0.449164
0.561144
0.571739
0.972242
0.956817
1.016736
0.640718
0.504854
0.445868
0.521544
0.594649
0.548373
0.464548
0.443276
0.453124
0.397103
0.453995
0.577669
0.722760
0.963742
0.956920
0.861133
0.769865
0.546963
0.436683
0.244652
0.141172
0.127571
0.359203
0.837435
0.992395
0.903947
0.384331
0.329969
0.343549
0.500437
0.721287
0.803889
0.585837
0.493720
0.438445
0.433635
0.322298
0.325055
0.465937
0.691369
0.740155
0.487728
0.339216
0.199101
0.345540
0.605472
0.725082
0.554427
0.291944
0.093424
0.076713
0.123777
0.240961
0.517750
0.776604
0.978877
0.943527
0.810399
0.592783
0.700575
0.728751
0.907803
1.036868
1.114057
1.021090
0.715461
0.639101
0.681044
0.840130
0.758068
0.686497
0.555940
0.635286
0.653531
0.646026
0.716208
0.747764
0.569562
0.359141
0.229641
0.370813
0.538815
0.553639
0.596391
0.648286
0.964758
1.059799
1.046301
0.985988
0.739595
0.625749
0.655853
0.668045
0.510763
0.402038
0.376950
0.358291
0.364034
0.417131
0.432598
0.679282
1.253633
1.372352
1.206755
0.367227
0.293085
0.324267
0.295801
0.357378
0.323438
0.377427
0.392956
0.495586
0.632384
0.628341
0.635680
0.390593
0.289021
0.238639
0.176875
0.140944
0.160268
0.170862
0.262607
0.462993
0.624505
0.546196
0.458411
0.511799
0.637463
0.563155
0.492559
0.454244
0.553722
0.600143
0.560771
0.681086
0.788981
0.812555
0.546071
0.538607
0.455177
0.438113
0.385679
0.323334
0.292172
0.229682
0.206420
0.178886
0.190082
0.331441
0.461687
0.593986
0.736381
0.675820
0.644098
0.395755
0.371373
0.286844
0.208203
0.215024
0.255620
0.411824
0.640656
0.608271
0.484162
0.196198
0.295531
0.378775
0.324558
0.170510
0.085732
0.089982
0.179467
0.292297
0.415825
0.507424
0.507279
0.507756
0.541779
0.696097
0.814960
0.672502
0.485385
0.731986
1.057725
1.244614
1.209928
1.027123
0.867560
0.792278
0.840483
0.673497
0.480679
0.340688
0.347924
0.444167
0.571635
0.602590
0.586066
0.656227
0.773349
0.868514
0.791490
0.704473
0.579141
0.428535
0.267956
0.250934
0.336293
0.593198
0.738745
0.730928
0.692448
0.696885
0.624754
0.444416
0.155230
0.123632
0.066948
0.119029
0.193254
0.496249
0.871458
0.966416
0.995671
0.485240
0.311662
0.251556
0.366418
0.420407
0.467886
0.545594
0.955573
1.101763
1.023515
0.574102
0.455426
0.437927
0.381221
0.322920
0.314751
0.385783
0.385845
0.466062
0.576549
0.692406
0.797544
0.828001
0.880104
0.993432
0.876102
0.638832
0.458349
0.399446
0.385244
0.503692
0.707479
0.746727
0.903346
1.069336
1.417239
2.043776
2.227430
2.215426
1.492832
1.039397
1.033136
0.779880
0.453497
0.338387
0.246248
0.255454
0.175569
0.158298
0.180959
0.215895
0.264805
0.240381
0.220809
0.251701
0.286512
0.346224
0.425549
0.585464
0.543314
0.468218
0.325574
0.296070
0.394511
0.572755
0.838492
1.057456
0.950369
0.614491
0.560108
0.572962
0.587600
0.489387
0.621167
0.986942
1.136657
0.945724
0.737480
0.771566
1.072425
1.354127
1.379629
1.077899
0.746001
0.843365
1.070124
1.823631
2.054412
2.322596
2.142093
2.652150
2.634485
2.397857
2.436318
2.542326
2.042552
1.343843
0.175693
0.098877
0.212868
0.237146
0.284460
0.385907
0.712994
1.576594
1.683557
1.423106
0.258833
0.249275
