0.606985
0.484224
0.468259
0.470519
0.404194
0.335567
0.300486
0.273430
0.286243
0.281868
0.299719
0.348919
0.281909
0.230698
0.220083
0.263726
0.287756
0.208431
0.155914
0.059442
0.044369
0.118117
0.212971
0.244527
0.241231
0.217471
0.210753
0.177746
0.118884
0.174097
0.186868
0.214153
0.347758
0.430691
0.413731
0.193524
0.080362
0.150088
0.225515
0.262835
0.325345
0.405313
0.452896
0.410725
0.357855
0.284584
0.324392
0.320204
0.281806
0.167006
0.103396
0.107709
0.126265
0.128774
0.169224
0.171401
0.196198
0.235426
0.290037
0.345104
0.370254
0.374898
0.326071
0.366148
0.366584
0.336127
0.327211
0.299823
0.340066
0.257237
0.302933
0.243118
0.231777
0.233249
0.267396
0.298102
0.273305
0.199910
0.161076
0.110632
0.124731
0.132900
0.134330
0.164000
0.219731
0.284874
0.236213
0.219440
0.239780
0.206959
0.285496
0.325574
0.353024
0.364946
0.222509
0.196779
0.228936
0.349417
0.523700
0.445204
0.419744
0.510141
0.557723
0.536741
0.222322
0.091268
0.140778
0.217844
0.383917
0.577150
0.609784
0.579866
0.521958
0.709221
0.745068
0.558366
0.354932
0.419640
0.456566
0.507715
0.443317
0.375395
0.327274
0.289975
0.290265
0.375292
0.446448
0.484680
0.375623
0.304820
0.234700
0.168001
0.147144
0.128442
0.091060
0.037797
0.045219
0.051460
0.053284
0.062594
0.043063
0.171236
0.344524
0.389681
0.339423
0.172003
0.149528
0.307536
0.472593
0.449765
0.319768
0.240878
0.286948
0.309733
0.222467
0.235695
0.381159
0.428307
0.432474
0.319354
0.289995
0.264887
0.209260
0.222799
0.225494
0.322070
0.439710
0.392334
0.395196
0.372493
0.443172
0.407781
0.342160
0.159086
0.154483
0.354165
0.500230
0.433718
0.311910
0.244362
0.380537
0.688861
0.705551
0.729995
0.815126
0.833185
0.957356
0.737708
0.638002
0.419744
0.469275
0.484058
0.315248
0.154068
0.217222
0.434630
0.491107
0.439627
0.343839
0.326589
0.492787
0.661099
0.833122
0.805941
0.709905
0.533714
0.540204
0.507487
0.440290
0.409709
0.491812
0.439668
0.302083
0.199930
0.161947
0.164207
0.160040
0.330591
0.511613
0.569375
0.615154
0.522373
0.754461
0.958372
0.904051
0.854374
0.758835
0.668542
0.698958
0.629191
0.606695
0.447049
0.321095
0.305006
0.425031
0.644367
0.766009
0.796259
0.519242
0.498799
0.491667
0.484805
0.419744
0.358995
0.380206
0.419640
0.508026
0.683615
0.639578
0.534834
0.421237
0.650753
0.793149
0.797005
0.586646
0.493430
0.451880
0.553307
1.018871
1.270365
1.106117
0.684880
0.583329
0.545159
0.627967
0.586584
0.545346
0.530438
0.547916
0.746292
0.974398
1.201303
1.329061
0.964426
0.674285
0.552540
0.263623
0.290161
0.352195
0.703187
1.014579
0.897706
0.647664
0.204388
0.144904
0.273554
0.377552
0.475869
0.643538
0.697444
0.743990
0.851824
0.772312
0.854167
0.889537
0.825990
0.771877
0.806273
0.639412
0.395465
0.320328
0.370482
0.313839
0.291778
0.346825
0.369196
0.369321
0.453933
0.505289
0.438528
0.338718
0.360074
0.512525
0.955656
1.160272
1.049619
0.887858
0.402162
0.307515
0.153446
0.267914
0.303741
0.262503
0.221679
0.492953
0.725724
0.718115
0.473360
0.394905
0.362831
0.355056
0.275005
0.172355
0.245979
0.332519
0.549948
0.667008
0.544060
0.421859
0.355699
0.452834
0.435107
0.297086
0.289415
0.488785
0.576072
0.663317
0.573439
0.492123
0.538545
0.565229
0.787883
0.841084
0.670242
0.464507
0.270133
0.282780
0.298620
0.280645
0.250374
0.254998
0.326921
0.534233
0.599459
0.838181
0.940313
1.087664
0.901812
0.460650
0.258274
0.321448
0.376515
0.425300
0.288440
0.261176
0.375872
0.598775
0.690167
0.734121
0.847573
0.780253
0.749194
0.673311
0.832397
0.789520
0.752802
0.588491
0.741896
0.698771
0.662426
0.673062
0.753673
0.535891
0.371290
0.351594
0.561621
0.552664
0.646254
0.595748
0.593115
0.690623
0.556106
0.506844
0.431873
0.382051
0.324454
0.215522
0.151580
0.287507
0.407200
0.610925
0.651831
0.562492
0.439938
0.381139
0.397165
0.407594
0.492497
0.643870
1.018996
1.175780
1.134832
0.955034
0.832314
0.894970
0.984454
0.999444
0.986486
0.766983
0.758960
1.845110
2.397235
2.510439
1.867336
0.845770
0.839840
1.253882
1.570271
1.578647
1.171779
0.833848
1.459908
1.575102
1.397397
0.629688
0.587662
0.814877
1.235803
1.444462
1.135931
0.824912
0.495482
0.559527
0.620420
0.518994
0.557018
0.605161
0.667195
0.843323
0.809880
0.789085
0.693422
0.610116
0.694708
0.608603
0.608831
0.414415
0.240920
0.189522
0.421340
0.618285
0.949498
0.971931
1.139186
1.073151
0.891569
0.872453
0.716229
0.576819
0.374981
0.470146
0.606840
0.645611
0.504854
0.682164
0.747308
0.737667
0.483125
0.447319
0.458266
0.504688
0.694459
1.097160
1.365572
1.571826
1.205449
0.934798
0.665743
0.842307
0.895820
0.866793
0.643123
0.502345
0.468923
0.527349
0.426088
0.312429
0.237872
0.338884
0.427809
0.549347
0.786556
0.684942
0.636261
0.303513
0.273865
0.286802
0.343425
0.757280
0.784254
0.721412
0.361504
0.488702
0.474231
0.555090
0.615942
1.242230
1.602013
1.511471
0.918564
0.592140
0.656932
0.627428
0.824767
0.863476
1.048893
0.863331
0.728337
0.568525
0.594504
0.703602
0.944501
0.900070
0.919414
0.764330
1.003964
1.101908
1.146360
1.161163
1.055963
1.052625
1.574521
2.090322
2.123806
1.512363
0.738372
0.691452
0.913111
0.996998
0.848817
0.627615
0.768808
1.057870
1.098404
1.510766
1.616423
1.686957
1.424350
1.090774
1.190480
0.994095
1.127202
1.262113
1.104562
1.298500
0.926961
0.854768
0.921301
1.126124
1.403514
1.560319
1.828378
1.814591
1.450391
0.844712
0.892689
0.906456
0.829245
0.748096
0.886656
1.171115
1.235948
0.837145
0.857235
0.942138
1.341770
1.463536
1.647626
1.628863
1.898125
1.871980
1.774783
1.739557
1.569524
1.774970
1.684075
1.898809
1.987133
1.804846
1.441248
0.877180
0.541904
0.385990
0.458059
0.890574
1.320311
1.615179
1.306275
1.319440
1.690109
1.795931
1.450682
0.992747
0.836979
0.791905
0.820454
0.888190
0.741067
0.561082
0.628154
0.968158
1.127824
1.470171
2.521614
3.080685
2.776695
1.360306
0.656786
0.395921
0.503402
0.547274
0.468964
0.508088
0.501661
0.681231
0.754233
0.616129
0.617062
0.666593
0.811518
0.785146
0.874568
0.891777
1.040641
0.992540
0.801297
0.644658
0.639474
0.768207
0.789168
1.106345
1.094071
0.949892
0.728959
0.530314
0.548601
0.456856
0.571656
0.702959
0.788650
0.853420
0.907472
0.849066
0.897603
1.104064
1.096102
0.930216
0.493886
0.078807
0.047956
0.021977
0.045530
0.061889
0.062075
0.035205
0.047686
0.086167
0.137627
0.187698
0.411222
0.540059
0.622286
0.608520
0.711107
0.892710
1.261968
1.446120
1.539834
1.156913
0.671756
0.670056
0.705758
0.914500
1.191869
1.236632
1.204330
0.936726
0.629066
0.473152
0.640843
1.100311
1.300967
1.642485
1.755895
1.542509
1.296738
0.978504
1.162946
1.513524
1.534879
1.494491
0.970936
0.774634
0.575575
0.717307
1.015284
1.775177
2.478240
2.343142
1.847204
0.461044
0.368367
0.390966
0.349624
0.369569
0.435916
1.355205
2.090073
2.319030
1.971396
1.286889
1.010889
1.275196
2.100460
2.595963
3.010150
2.095007
1.754651
1.543235
1.084430
1.003072
0.812078
0.911992
0.841436
0.854726
0.825638
0.607918
0.475350
0.188714
0.319582
0.364635
0.406620
0.305110
0.423538
0.673788
0.875232
1.017088
1.164169
1.155026
0.936042
0.506450
0.408444
0.492953
0.732898
1.958645
2.802051
2.903022
2.805141
2.048109
2.072636
0.967971
0.805609
0.838161
0.692406
0.580716
0.675612
0.557516
0.518268
0.454576
0.391381
0.386197
0.458079
0.524985
0.526748
0.474956
0.624733
0.736837
0.824954
0.829577
0.739553
0.807724
0.740549
0.814711
0.842141
0.871997
0.740279
0.710942
0.603523
0.639993
0.468529
0.383834
0.477175
0.499421
0.445930
0.387669
0.666241
0.856281
0.768393
0.629066
0.618928
0.897209
0.941225
0.786887
0.484576
0.453373
0.789292
1.718969
2.093452
1.869368
1.292923
1.237192
1.493351
1.572551
1.928354
2.592480
2.748705
2.687791
1.797714
1.185794
0.827898
0.819770
1.112025
1.232713
1.436832
1.642713
1.699190
1.581964
1.355185
1.072218
1.043150
1.321493
2.355396
2.447348
2.070273
0.688881
0.629771
0.638313
0.552685
0.601097
0.833413
0.832521
0.874651
0.785685
0.825099
0.773432
0.520549
0.529360
0.566410
0.640615
0.804925
0.671839
0.782554
0.438300
0.519761
0.740072
0.865134
0.919124
0.452689
0.334903
0.401105
0.517915
0.476781
0.384373
0.416157
0.639225
0.770550
0.720313
0.469213
0.243947
0.190061
0.247845
0.505227
0.609038
0.724149
0.590212
0.568587
0.667692
0.720873
0.676442
0.591539
0.462143
0.584573
0.633814
1.065873
1.381599
1.406375
1.434966
1.521029
1.634191
1.641572
1.735722
2.226104
2.138070
1.815462
1.056564
0.671466
0.783757
1.245485
1.323981
1.386616
1.181979
1.034317
1.045721
1.001144
1.251643
1.642733
1.868684
2.408411
2.890769
2.751773
2.072077
0.729104
0.503402
0.564814
0.610945
0.651251
0.684880
0.708599
0.630435
0.519450
0.446220
0.466456
0.378588
0.316036
0.570744
1.231863
1.692887
1.666805
1.230847
0.953873
1.501582
1.633984
1.606823
0.664375
0.573501
0.574745
0.571594
0.962933
1.094464
1.181938
0.731094
0.621125
0.461272
0.380206
0.407884
0.469939
0.514971
0.591809
0.930029
1.287180
1.336359
0.863123
0.652350
0.790868
0.810876
0.756057
0.377697
0.506346
1.021318
1.469798
1.809117
1.509751
1.346539
1.333166
1.479397
2.067246
2.266119
2.188494
1.875878
1.937953
1.480931
1.190376
1.085010
1.206631
1.294581
1.417363
1.494823
1.440025
1.205947
0.971828
1.112896
1.164543
1.155151
1.530712
1.796429
1.768169
0.966810
0.613267
0.598505
0.463325
0.421174
0.530086
0.620234
0.753611
0.895426
0.995795
0.957086
0.748137
0.699269
0.734806
0.654423
0.476947
0.255848
0.260616
0.364096
0.442778
0.583184
0.720645
0.663960
0.435688
0.112457
0.048868
0.056892
0.061329
0.060728
0.042959
0.071301
0.130619
0.119527
0.092988
0.043249
0.040326
0.063609
0.060126
0.027845
0.006469
0.068814
0.110923
0.106361
0.090998
0.054943
0.072421
0.051377
0.043063
0.060106
0.077998
0.092449
0.059587
0.073002
0.113017
0.215211
0.220622
0.175486
0.064646
0.041259
0.020443
0.005598
0.006718
0.024362
0.052828
0.064418
0.067963
0.034334
0.028550
0.013103
0.002073
0.011258
0.015571
0.015550
0.019033
0.020567
0.032136
0.039559
0.069871
0.085006
0.073541
0.067673
0.080590
0.075863
0.089277
0.082124
0.044576
0.077853
0.098980
0.107688
0.081461
0.049096
0.085462
0.135326
0.172334
0.145713
0.101759
0.171712
0.195348
0.169390
0.112125
0.138394
0.142396
0.102754
0.035786
0.008998
0.034832
0.042026
0.059774
0.062469
0.060230
0.046919
0.042503
0.071965
0.102028
0.107149
0.089153
0.039414
0.023781
0.052061
0.095311
0.090459
0.088158
0.131449
0.158775
0.167110
0.101448
0.069788
0.077936
0.098047
0.068420
0.062324
0.037776
0.072566
0.141753
0.116686
0.080113
0.095767
0.103625
0.140467
0.171090
0.127592
0.201195
0.214630
0.171547
0.051522
0.057307
0.058965
0.040513
0.008521
0.047728
0.052870
0.044390
0.007692
0.017291
0.020899
0.040202
0.041466
0.065434
0.117516
0.129562
0.124627
0.086209
0.078351
0.119257
0.140032
0.153218
0.129769
0.056208
0.068814
0.215128
0.247347
0.226199
0.121642
0.128442
0.151456
0.090210
0.050506
0.038191
0.052849
0.102318
0.097840
0.075884
0.053906
0.074266
0.063361
0.075365
0.071571
0.114800
0.138912
0.119320
0.075303
0.070762
0.065144
0.151456
0.170779
0.188465
0.094336
0.117765
0.157510
0.206959
0.141400
0.146770
0.122430
0.113514
0.071861
0.030270
0.058219
0.104537
0.108269
0.118946
0.078890
0.127924
0.107108
0.100121
0.090977
0.092843
0.060499
0.047458
0.068295
0.060147
0.071530
0.097508
0.117143
0.088054
0.066243
0.105822
0.105221
0.105470
0.149403
0.162839
0.160247
0.117454
0.136528
0.187822
0.199972
0.119900
0.052517
0.081564
0.120418
0.105739
0.095539
0.099810
0.069373
0.053678
0.034977
0.033049
0.034728
0.043871
0.067010
0.074474
0.101510
0.099851
0.124835
0.095829
0.093756
0.064107
0.058157
0.059338
0.060251
0.059919
0.056933
0.029400
0.040450
0.029566
0.060728
0.060147
0.082062
0.077397
0.259911
0.314108
0.285434
0.179591
0.093424
0.082767
0.085504
0.065952
0.052828
0.023760
0.015695
0.039559
0.071364
0.073935
0.078019
0.096161
0.104931
0.074370
0.068627
0.086333
0.101821
0.105262
0.116915
0.125498
0.118179
0.120294
0.096720
0.098566
0.087225
0.099810
0.095601
0.089381
0.044908
0.089588
0.099519
0.099830
0.118718
0.115463
0.126825
0.065144
0.066948
0.118221
0.131324
0.102754
0.063527
0.046359
0.040596
0.012419
0.020443
0.068668
0.137586
0.164518
0.122119
0.077563
0.068731
0.080777
0.069000
0.078517
0.082435
0.110964
0.115152
0.089360
0.078911
0.059525
0.022019
0.004002
0.011237
0.048350
0.072960
0.093237
0.061764
0.041446
0.042690
0.038398
0.039352
0.082332
0.104433
0.102878
0.117868
0.103666
0.103231
0.122036
0.143059
0.114986
0.062511
0.090252
0.117848
0.175382
0.173578
0.228957
0.155147
0.125540
0.114675
0.112892
0.100867
0.064480
0.057203
0.038170
0.058136
0.084695
0.082788
0.037817
0.008273
0.041881
0.054943
0.054943
0.055420
0.084467
0.149507
0.224292
0.195908
0.149694
0.048993
0.023449
0.043291
0.038771
0.073333
0.081938
0.111835
0.115318
0.080880
0.085296
0.090998
0.096451
0.102920
0.077832
0.067466
0.052828
0.071405
0.101904
0.124524
0.114219
0.069373
0.055980
0.103355
0.148263
0.191430
0.117744
0.078123
0.053533
0.053699
0.076008
0.059131
0.024507
0.041632
0.063174
0.061121
0.047396
0.042462
0.042669
0.039683
0.088966
0.148429
0.185272
0.166654
0.137731
0.154234
0.162030
0.151871
0.101468
0.057721
0.037278
0.050817
0.067963
0.169618
0.198624
0.225328
0.260430
0.248612
0.282863
0.312449
0.342720
0.348359
0.330923
0.197961
0.166819
0.205632
0.261964
0.307038
0.242724
0.175092
0.128484
0.209530
0.275192
0.306395
0.217097
0.153073
0.145361
0.202563
0.243802
0.235177
0.243594
0.176937
0.081212
0.044784
0.056042
0.110591
0.169992
0.149051
0.106714
0.089775
0.143287
0.198520
0.148906
0.139141
0.158713
0.157614
0.130370
0.133501
0.147247
0.174532
0.119092
0.140011
0.100763
0.096969
0.071011
0.101199
0.171754
0.226531
0.195950
0.112125
0.054943
0.046111
0.087701
0.122326
0.109886
0.063444
0.041052
0.076381
0.144531
0.181975
0.217574
0.204264
0.236441
0.219959
0.151746
0.093051
0.089858
0.175361
0.251577
0.257734
0.163191
0.030105
0.063257
0.170448
0.295946
0.357855
0.295262
0.231507
0.138208
0.102671
0.092159
0.089505
0.079761
0.110591
0.081088
0.089298
0.066056
0.050734
0.024880
0.054839
0.113659
0.138062
0.125685
0.087536
0.119942
0.112872
0.110570
0.130080
0.079097
0.078911
0.021065
0.035267
0.075054
0.111793
0.158174
0.170925
0.162113
0.129520
0.136051
0.095103
0.141007
0.162300
0.176357
0.134745
0.087162
0.072836
0.071778
0.045426
0.065268
0.084301
0.151269
0.226096
0.244776
0.219461
0.149880
0.132112
0.134040
0.137689
0.131179
0.107046
0.139700
0.204326
0.251017
0.298911
0.277120
0.186205
0.157469
0.100204
0.079761
0.065766
0.066616
0.120128
0.133833
0.157635
0.190082
0.217139
0.227423
0.189626
0.160579
0.151622
0.113763
0.097031
0.083410
0.107211
0.131884
0.117101
0.086810
0.077832
0.059401
0.053616
0.073624
0.078061
0.085151
0.103127
0.149632
0.133024
0.149673
0.120999
0.116272
0.086229
0.056664
0.042503
0.052725
0.046546
0.049760
0.062552
0.071612
0.123466
0.132485
0.097197
0.168582
0.210732
0.215418
0.182038
0.151435
0.169515
0.161595
0.188776
0.215853
0.209405
0.206793
0.136943
0.080797
0.097322
0.147828
0.177518
0.147330
0.092719
0.169100
0.163108
0.141649
0.132651
0.144614
0.179591
0.204471
0.228335
0.183924
0.108518
0.117744
0.181395
0.180317
0.103023
0.103396
0.134745
0.194353
0.191347
0.269179
0.387006
0.362043
0.312201
0.248695
0.246725
0.343446
0.340626
0.304363
0.198500
0.123217
0.139037
0.147848
0.161802
0.208576
0.246020
0.214692
0.190123
0.227651
0.282573
0.285600
0.254334
0.135388
0.105760
0.118635
0.149528
0.204077
0.205922
0.259518
0.293707
0.350495
0.341206
0.265240
0.190683
0.212826
0.293458
0.294805
0.265800
0.204740
0.256615
0.283029
0.228584
0.127426
0.085524
0.059027
0.098960
0.181312
0.186785
0.213428
0.233269
0.253878
0.241666
0.242827
0.238079
0.231922
0.234389
0.216185
0.233871
0.233953
0.160537
0.169452
0.105387
0.142064
0.090500
0.093465
0.066657
0.050506
0.064936
0.091102
0.164642
0.254915
0.272828
0.329264
0.312346
0.433987
0.433096
0.440705
0.273201
0.098669
0.088780
0.082643
0.095331
0.125996
0.181270
0.260844
0.275648
0.178430
0.113224
0.111130
0.126473
0.145174
0.196965
0.199205
0.241189
0.245771
0.260409
0.265261
0.242496
0.250872
0.269532
0.258128
0.192321
0.235591
0.350640
0.435231
0.386778
0.174843
0.109969
0.075801
0.074557
0.057783
0.065310
0.066139
0.081979
0.114364
0.148408
0.156930
0.226344
0.182680
0.136155
0.123425
0.151394
0.207125
0.222488
0.161760
0.117288
0.074743
0.097446
0.107771
0.141525
0.135471
0.169950
0.148657
0.128504
0.154297
0.170365
0.196053
0.232108
0.199060
0.239614
0.236504
0.205010
0.183986
0.122326
0.179218
0.253339
0.248322
0.194084
0.131967
0.160351
0.153156
0.220788
0.228293
0.235343
0.244527
0.173806
0.191554
0.231590
0.320287
0.527080
0.508088
0.389328
0.296257
0.235612
0.227360
0.204637
0.155333
0.202460
0.241003
0.297003
0.276933
0.242599
0.210940
0.225287
0.233663
0.226572
0.292172
0.271128
0.245730
0.207208
0.132568
0.073665
0.118801
0.199433
0.310252
0.310107
0.217885
0.192052
0.254521
0.359846
0.517439
0.566556
0.522435
0.488143
0.401561
0.297708
0.404712
0.471743
0.692095
0.819895
0.803826
0.757052
0.795346
0.717410
0.510016
0.566597
0.653635
0.603627
0.513852
0.493056
0.548476
0.510431
0.592804
0.626557
0.624422
0.554613
0.420532
0.324267
0.308945
0.236317
0.169992
0.119465
0.111814
0.103023
0.114551
0.250395
0.392687
0.374856
0.269304
0.155789
0.187325
0.383772
0.386135
0.421174
0.317964
0.301233
0.234762
0.171028
0.134538
0.150171
0.189004
0.201216
0.174325
0.164767
0.224665
0.168665
0.237893
0.432142
0.715772
0.780895
0.554261
0.307536
0.209157
0.187511
0.393744
0.537902
0.565934
0.376992
0.277846
0.374068
0.577689
0.561455
0.472530
0.342720
0.429841
0.540992
0.505662
0.343881
0.227630
0.263167
0.316555
0.364241
0.363826
0.382383
0.361794
0.476325
0.479393
0.564690
0.478522
0.398824
0.281806
0.355388
0.429198
0.350889
0.245025
0.297231
0.309609
0.385845
0.351780
0.375582
0.347343
0.350599
0.360011
0.306416
0.358125
0.353646
0.452129
0.461625
0.485489
0.459862
0.591456
0.727010
0.844629
0.669724
0.470602
0.232564
0.197131
0.146252
0.146770
0.191181
0.163813
0.170821
0.293396
0.471535
0.525587
0.464590
0.320307
0.205570
0.219565
0.174449
0.154670
0.215833
0.259393
0.256449
0.185687
0.169722
0.124710
0.067217
0.075614
0.129603
0.304799
0.393765
0.350039
0.189128
0.129769
0.144282
0.169204
0.141774
0.106776
0.105283
0.206337
0.351780
0.469545
0.535373
0.572983
0.713761
0.584034
0.520321
0.339257
0.473152
0.675384
0.700347
0.816930
0.668459
0.660539
0.713264
0.795657
0.728627
0.565457
0.339942
0.353522
0.479787
0.575326
0.706671
0.884002
0.772955
0.718426
0.511136
0.409895
0.380019
0.466912
0.755394
1.262300
1.290601
1.062494
0.568898
0.783777
0.860656
0.797980
0.744840
0.604912
0.661866
0.613786
0.606674
0.532429
0.497576
0.579804
0.765532
0.886075
0.964011
0.805941
0.712289
0.738911
0.930465
1.118702
1.372082
1.552212
1.313096
1.130457
0.809756
0.916967
0.839570
0.608271
0.564690
0.530749
0.494010
0.462330
0.295904
0.341289
0.464963
0.833102
0.962000
1.003943
0.823088
1.124341
1.312329
0.988995
0.786307
0.439129
0.420055
0.534751
0.612376
0.579908
0.373322
0.208307
0.264286
0.323790
0.451134
0.481715
0.457146
0.373550
0.387587
0.555484
0.638375
0.816868
0.908716
0.857982
0.893871
0.822320
0.845790
0.682413
0.745773
0.491771
0.519491
0.521088
0.556666
0.538172
0.712206
0.758130
0.712662
0.604539
0.558304
0.759416
0.806480
0.580115
0.451072
0.417111
0.330985
0.296423
0.341911
0.411264
0.494197
0.505019
0.487832
0.495814
0.541489
0.665308
0.878113
1.031581
0.992001
0.659917
0.298641
0.350163
0.330985
0.417111
0.539706
0.909586
1.489971
1.505687
1.405463
1.027745
1.078106
1.052957
0.804822
1.017378
1.073876
1.115861
0.748096
0.444147
0.461998
0.410932
0.446262
0.457603
0.418272
0.724791
0.843406
0.793004
0.663981
0.397165
0.441700
0.408817
0.500354
0.570868
0.844816
0.867788
0.740860
0.570827
0.518931
0.530003
0.401478
0.273243
0.217429
0.219710
0.199744
0.443898
0.633565
0.649758
0.560066
0.360239
0.421859
0.429592
0.404899
0.381781
0.511758
0.525151
0.461065
0.331876
0.413130
0.470519
0.509560
0.546735
0.569209
0.599127
0.709863
0.594380
0.490403
0.347986
0.290306
0.352112
0.457872
0.534606
0.555961
0.519325
0.462019
0.464486
0.414436
0.415120
0.593488
0.662944
0.716208
1.135413
1.368723
1.335260
1.104375
0.978773
0.911660
0.993784
1.323629
1.367542
1.074664
0.741274
0.812742
1.101680
1.337292
1.374280
1.262258
0.938862
1.160272
1.296862
1.180652
1.217931
1.270365
1.418276
1.665664
1.315397
1.103048
1.057539
0.913940
0.736050
0.605575
0.741399
1.011511
1.581591
2.185384
1.923461
1.844758
1.256536
1.330927
1.006079
0.656849
0.568276
0.361110
0.401416
0.457043
0.457354
0.296692
0.229662
0.290120
0.366148
0.421216
0.407884
0.412383
1.075597
1.622726
1.804224
1.207212
0.618326
0.372431
0.381636
0.712828
1.208891
1.305404
0.924183
0.646378
0.666490
0.697403
0.603129
0.306520
0.294391
0.363391
