1.020404
0.986728
0.824396
0.657963
0.569242
0.551756
0.570968
0.543337
0.672426
0.888941
0.923479
0.964926
1.144527
1.327151
1.361258
1.254404
1.375073
1.002487
0.976151
0.981548
0.899950
0.589965
0.482679
0.380574
0.306747
0.605291
0.639182
0.682572
0.811229
0.848789
0.770861
0.860878
0.664439
0.544201
0.525852
0.572048
0.555642
0.885055
0.922184
0.919810
1.004645
0.939238
0.908369
1.048682
1.030765
1.008531
0.845551
1.027096
0.855050
1.091856
1.356725
1.633466
1.577557
1.473293
1.383060
1.261527
1.084732
0.927797
0.590396
0.375825
0.265517
0.289046
0.373666
0.381653
0.431302
0.580467
0.618027
0.518944
0.505992
0.638103
0.765465
0.907937
0.879658
0.820727
0.880954
0.943555
0.812524
0.837133
0.943123
0.901461
1.187917
1.115601
1.154241
1.128121
1.079767
1.273616
1.172158
1.256346
1.195904
0.982411
0.874262
0.839939
0.672426
0.518081
0.379494
0.233784
0.153482
0.136860
0.105343
0.107934
0.135349
0.196655
0.289694
0.384891
0.519160
0.544633
0.654941
0.705885
0.645658
0.550245
0.690559
0.897144
0.955859
0.795686
0.684730
0.661849
0.756398
0.961256
0.959745
0.961688
0.763738
0.680845
0.882249
1.006157
1.075882
1.209719
1.091856
1.034435
1.099195
1.043286
1.239725
1.704918
1.417167
1.277717
1.425370
1.111931
0.785540
0.606587
0.636376
0.401729
0.400002
0.386834
0.487212
0.621697
0.861526
1.061850
1.101570
1.191586
1.374426
1.386514
1.383060
1.227204
1.268219
0.905994
0.723155
0.660553
0.601622
0.455695
0.500596
0.662064
0.661633
0.633786
0.639614
0.747116
0.779280
0.845983
0.966221
1.132655
1.166330
1.157479
1.051704
0.744526
0.690343
0.797629
0.959745
1.054295
1.208640
1.101354
1.248359
1.109773
1.323481
1.152730
1.208424
0.997306
0.879011
0.766328
0.712577
0.658610
0.683867
0.700705
0.654509
0.652134
0.618675
0.567730
0.454400
0.568594
0.504697
0.576149
0.679981
0.796550
1.116249
1.135245
1.095741
0.952621
0.760716
0.832599
0.788347
0.664223
0.676743
0.550029
0.717974
0.730494
0.856992
1.123372
1.549278
1.472861
1.415872
1.278581
1.256131
1.067894
1.111931
0.938590
0.828930
0.727472
0.977662
1.021699
1.050193
1.324992
1.326719
1.235407
1.209719
1.148413
1.333195
1.124452
0.890883
0.863037
0.842745
0.771941
0.630116
0.720996
0.841666
0.761363
0.600326
0.501675
0.441664
0.442959
0.385754
0.384459
0.500164
0.659474
1.053647
1.359531
1.558345
1.326287
1.316573
1.105455
0.929092
1.016518
1.244042
1.050841
1.114306
0.906642
0.915061
0.911607
0.996874
0.959097
1.330821
1.282682
1.539132
1.558129
1.460341
1.327151
1.100490
1.179498
1.242315
1.173238
1.237350
1.290885
1.332548
1.754352
1.742479
1.916468
2.255811
2.296394
2.151116
1.858400
1.515819
1.303837
1.407885
1.242963
1.379175
1.364064
1.323697
1.176476
1.045228
1.070701
1.289590
1.395149
1.351328
0.948088
0.910743
0.856561
0.591044
0.509878
0.351647
0.336105
0.267459
0.236159
0.216083
0.188020
0.474692
0.600326
0.614358
0.534487
0.433461
0.343013
0.191690
0.118079
0.060011
0.053751
0.021371
0.006260
0.017917
0.070157
0.213924
0.433245
0.709123
1.147549
1.282898
1.205834
0.902324
0.638967
0.602485
0.643068
0.506424
0.645443
0.565140
0.644579
0.612847
0.569457
0.642205
0.694229
0.692286
0.713657
0.701352
0.913118
0.898223
0.796981
0.627310
0.550677
0.458070
0.384675
0.373666
0.356181
0.413817
0.394821
0.287967
0.202267
0.118511
0.400865
0.322290
0.358339
0.362657
0.352295
0.307826
0.234000
0.184998
0.205721
0.216299
0.194928
0.211766
0.269402
0.234000
0.273935
0.366542
0.395900
0.451162
0.361793
0.406909
0.383596
0.387050
0.305884
0.293148
0.320778
0.381869
0.428280
0.429360
0.368485
0.373666
0.272856
0.324664
0.388561
0.578956
0.750138
0.737402
0.890236
0.800651
0.741935
0.887430
0.755319
0.600542
0.647170
0.577660
0.515275
0.663791
0.622992
0.625151
0.758557
0.869081
0.807991
0.824828
0.971834
0.847062
0.864332
0.879443
0.588022
0.452242
0.429360
0.376472
0.414465
0.615221
1.091640
1.108262
1.050193
0.935784
0.704374
0.720348
0.655804
0.556721
0.761579
0.854618
0.921321
0.922184
1.075450
0.847926
1.124236
1.214684
1.335786
1.327151
1.333411
1.079120
1.071780
1.029254
0.791369
1.233680
1.125531
1.081062
1.045228
0.961904
1.044149
1.245553
1.336217
1.048466
1.133734
0.918083
0.893042
0.775179
0.649760
0.461308
0.345171
0.306315
0.287535
0.510310
0.573127
0.563413
1.098763
1.283977
1.300383
1.216411
1.224614
1.144743
0.993636
0.909880
0.815546
0.785540
0.903620
0.830225
0.746468
0.805832
0.852027
0.845767
0.979605
0.989535
0.946577
0.843177
0.635944
0.405183
1.007668
1.141073
0.770430
0.669620
0.543769
0.586511
0.822454
0.950895
1.079983
1.212957
1.123156
1.156400
1.128553
1.102433
1.094446
0.920457
0.882033
0.688184
0.681708
0.880306
0.800219
1.037457
1.077609
1.151003
1.243179
1.628070
1.472429
1.654405
1.628717
1.360826
1.347442
1.002055
0.921321
0.701352
0.654077
0.581762
0.371507
0.500164
0.369780
0.382516
0.387697
0.451162
0.470806
0.571616
0.567299
0.466489
0.511389
0.475339
0.665087
0.962551
0.950031
1.043286
1.084300
1.035946
0.711066
0.699841
0.577229
0.494120
0.502754
0.565572
0.507935
0.510310
0.445981
0.354885
0.269618
0.298760
0.405614
0.369564
0.334810
0.327039
0.298112
0.336753
0.370212
0.393310
0.392446
0.323369
0.345171
0.350136
0.264437
0.254291
0.197734
0.155640
0.167297
0.171830
0.114194
0.130815
0.120454
0.101026
0.078791
0.107718
0.110956
0.094550
0.090017
0.057205
0.053319
0.046411
0.083109
0.103616
0.145710
0.213924
0.288830
0.305452
0.464114
0.725961
0.698546
0.579819
0.452026
0.340422
0.262926
0.206369
0.190611
0.227092
0.316893
0.358987
0.441448
0.512900
0.654293
0.673289
0.713657
0.722075
0.587806
0.610040
0.617164
0.479009
0.401297
0.316893
0.248895
0.199029
0.157583
0.168808
0.215004
0.212845
0.227956
0.228603
0.239397
0.238101
0.238749
0.208528
0.157367
0.147437
0.150675
0.134701
0.095845
0.123476
0.177443
0.179601
0.231410
0.240044
0.243930
0.300487
0.298976
0.304157
0.361793
0.293148
0.324880
0.276957
0.298328
0.251053
0.278253
0.319267
0.309338
0.352943
0.471022
0.469295
0.521967
0.738913
0.687321
0.648465
0.564061
0.465625
0.350784
0.229898
0.164275
0.151323
0.157799
0.177659
0.250622
0.350784
0.447492
0.496710
0.598815
0.548087
0.481815
0.414465
0.397195
0.393310
0.324664
0.375393
0.358771
0.449651
0.581978
0.569457
0.779712
0.673289
0.600758
0.713441
0.668325
0.593850
0.707612
0.527363
0.605507
0.525420
0.449219
0.425690
0.412522
0.291852
0.251269
0.238317
0.236159
0.249974
0.238317
0.211334
0.196439
0.271345
0.364168
0.340422
0.369564
0.253860
0.162764
0.168592
0.156720
0.134917
0.153913
0.101889
0.063033
0.048570
0.063681
0.087858
0.105127
0.127362
0.120670
0.118727
0.121533
0.101889
0.094334
0.113978
0.116352
0.104911
0.100594
0.136212
0.130815
0.144631
0.198166
0.176795
0.149164
0.110308
0.124771
0.107070
0.118727
0.116784
0.133190
0.198598
0.216299
0.228603
0.213061
0.198814
0.203994
0.218673
0.168808
0.144631
0.112683
0.093686
0.122828
0.142472
0.152402
0.146574
0.147437
0.158662
0.189531
0.221696
0.249758
0.221264
0.200325
0.133190
0.091959
0.097140
0.127362
0.127146
0.102969
0.091312
0.077928
0.071236
0.106638
0.109013
0.112251
0.125419
0.128009
0.111387
0.142041
0.196655
0.206153
0.313007
0.281275
0.340422
0.341286
0.355317
0.431950
0.434972
0.350784
0.320994
0.244577
0.169240
0.149164
0.150459
0.150891
0.162332
0.145926
0.139234
0.107502
0.118943
0.100162
0.096061
0.112898
0.111819
0.082029
0.124124
0.161037
0.306315
0.454616
0.594282
0.559528
0.452673
0.506640
0.558232
0.543985
0.576797
0.506208
0.409932
0.508799
0.475987
0.441232
0.424611
0.476850
0.343445
0.362873
0.421588
0.489155
0.452026
0.586943
0.555210
0.596873
0.646090
0.623856
0.674585
0.758341
1.062066
0.967516
1.264549
1.245985
1.356293
1.174749
1.168273
1.031629
0.920889
0.910743
0.605075
0.502539
0.434540
0.405398
0.454616
0.412306
0.414681
0.337400
0.260552
0.241987
0.294227
0.366974
0.432814
0.486780
0.533408
0.651919
0.743446
0.819863
0.713441
0.698114
0.710850
0.603564
0.535998
0.738265
0.798924
0.929308
0.877068
0.973776
1.067679
1.088186
1.249223
1.196983
0.946793
0.652566
0.656452
0.813387
0.860878
0.727256
0.628821
0.557585
0.533408
0.445766
0.363520
0.317109
0.306315
0.258825
0.211766
0.169456
0.120022
0.183055
0.253428
0.279116
0.332867
0.247384
0.226229
0.199461
0.294443
0.306963
0.423747
0.605939
0.556937
0.543122
0.409932
0.426122
0.408636
0.486780
0.589965
0.561470
0.580251
0.748411
0.789858
0.618459
0.535782
0.678254
0.651055
0.642205
0.609393
0.410363
0.458070
0.396332
0.305884
0.337400
0.318404
0.295738
0.322505
0.362657
0.325959
0.346251
0.292500
0.177227
0.309122
0.344092
0.389640
0.441880
0.519160
0.389424
0.406694
0.441448
0.668972
1.173454
1.297361
1.622025
1.870920
1.767520
1.119703
0.941181
0.825044
0.592123
0.610040
0.738265
0.700705
0.796118
0.803241
0.750570
0.739561
0.746468
0.837133
0.772804
0.691206
0.672642
0.740424
0.564061
0.450083
0.516354
0.400218
0.467352
0.463683
0.410147
0.350784
0.252996
0.143336
0.171614
0.412522
0.567299
0.612631
0.625583
0.497142
0.310633
0.611767
0.611983
0.655372
0.520024
0.354238
0.286887
0.215867
0.200972
0.210039
0.239612
0.293148
0.319483
0.199677
0.159742
0.235727
0.244793
0.277389
0.265517
0.229035
0.149380
0.188020
0.171183
0.144847
0.119590
0.090880
0.062601
0.060227
0.066487
0.066055
0.071668
0.094334
0.104264
0.117000
0.115057
0.097572
0.123044
0.112683
0.186941
0.229251
0.290557
0.254939
0.222775
0.245657
0.197950
0.196007
0.190179
0.224934
0.206153
0.211334
0.286671
0.393742
0.503186
0.502323
0.523909
0.583489
0.588238
0.449867
0.385754
0.345171
0.222559
0.142688
0.167513
0.165138
0.170103
0.204210
0.239397
0.262710
0.191906
0.180249
0.222127
0.226445
0.245657
0.216731
0.187157
0.202483
0.349921
0.309553
0.408421
0.452889
0.619323
0.743015
0.608313
0.570968
0.632491
0.548734
0.453321
0.492825
0.507072
0.471885
0.387697
0.350136
0.389856
0.403456
0.373882
0.292500
0.311496
0.268323
0.409716
0.610040
0.530385
0.620402
0.454184
0.364384
0.346251
0.329197
0.195791
0.194280
0.209391
0.331140
0.317972
0.298112
0.308474
0.362009
0.382948
0.543337
0.539884
0.670915
0.632059
0.526932
0.445766
0.462603
0.404103
0.340422
0.404751
0.407773
0.302646
0.270266
0.300703
0.295306
0.268755
0.311712
0.339559
0.388561
0.440585
0.381005
0.319267
0.290773
0.215651
0.214356
0.207017
0.140098
0.146358
0.121533
0.108149
0.141825
0.218673
0.389856
0.434109
0.499301
0.567730
0.451810
0.493688
0.376040
0.330277
0.386618
0.401081
0.314950
0.491313
0.499085
0.528011
0.450515
0.489371
0.340638
0.364815
0.378415
0.352079
0.272424
0.211981
0.168160
0.185646
0.186725
0.168376
0.141609
0.149812
0.165138
0.158015
0.210255
0.212197
0.200109
0.259688
0.366111
0.469943
0.393094
0.393310
0.320347
0.285160
0.268755
0.265517
0.237238
0.215219
0.230546
0.227524
0.180897
0.102753
0.085699
0.128873
0.158231
0.145494
0.156504
0.139882
0.161684
0.272208
0.376688
0.316893
0.283218
0.284297
0.265948
0.268323
0.230114
0.211334
0.185862
0.186293
0.184998
0.191690
0.270266
0.246952
0.271993
0.300487
0.279980
0.257961
0.225581
0.188020
0.298112
0.329413
0.305452
0.295306
0.222991
0.181328
0.154777
0.254076
0.322505
0.512900
0.572264
0.526716
0.449651
0.365031
0.330708
0.285808
0.259904
0.230762
0.275878
0.307611
0.281275
0.242203
0.201836
0.169240
0.205505
0.232273
0.196223
0.197303
0.166865
0.204426
0.224934
0.197950
0.222775
0.190179
0.288830
0.301350
0.341933
0.367406
0.256450
0.231841
0.227308
0.115057
0.079223
0.130815
0.153482
0.196007
0.222775
0.273072
0.350352
0.365031
0.316029
0.294874
0.199677
0.175284
0.169887
0.155856
0.213493
0.221911
0.268323
0.263574
0.246088
0.202052
0.178090
0.193849
0.231410
0.238965
0.229035
0.198166
0.161253
0.212845
0.253860
0.254291
0.204642
0.209823
0.239612
0.240476
0.257314
0.211118
0.152402
0.103616
0.095413
0.083756
0.085483
0.089585
0.133190
0.166865
0.155640
0.153482
0.156935
0.129089
0.142256
0.171614
0.235727
0.236590
0.218242
0.211118
0.237238
0.348625
0.487212
0.437994
0.390504
0.442743
0.431950
0.420077
0.420077
0.478577
0.429144
0.456343
0.446413
0.383164
0.306315
0.344092
0.317972
0.310633
0.338480
0.374098
0.313007
0.310417
0.286456
0.247168
0.252349
0.264221
0.336969
0.360498
0.531681
