0.775369
0.793229
0.887902
0.878503
0.700368
0.468674
0.468653
0.332164
0.321166
0.145696
0.151408
0.101898
0.056181
0.069651
0.111403
0.117925
0.172039
0.171570
0.166135
0.140815
0.133036
0.118138
0.063001
0.085742
0.128369
0.184976
0.161084
0.148318
0.065026
0.072507
0.091838
0.101130
0.087149
0.069374
0.055457
0.063278
0.071569
0.111403
0.135295
0.086275
0.044502
0.104200
0.144375
0.167030
0.165134
0.109506
0.082183
0.047699
0.050405
0.087810
0.131416
0.179626
0.215560
0.196975
0.139025
0.122763
0.107311
0.125427
0.105137
0.084805
0.064898
0.093159
0.113726
0.136126
0.147678
0.153944
0.132013
0.167968
0.173190
0.224831
0.199277
0.191754
0.171996
0.207610
0.265326
0.303455
0.242265
0.241861
0.243885
0.152836
0.185551
0.173936
0.200982
0.139835
0.078752
0.146335
0.184635
0.265646
0.306269
0.324363
0.301153
0.270505
0.216242
0.153347
0.163428
0.125981
0.133164
0.188152
0.284039
0.372254
0.426836
0.372382
0.394824
0.439987
0.384530
0.311597
0.190048
0.260488
0.210829
0.247956
0.215944
0.331397
0.448213
0.446210
0.464880
0.515115
0.519591
0.540627
0.524578
0.518014
0.497830
0.502860
0.591373
0.592332
0.364432
0.204392
0.192542
0.258421
0.258037
0.254158
0.232440
0.259806
0.180287
0.215219
0.271677
0.312705
0.225172
0.186020
0.137213
0.220079
0.274256
0.358784
0.392054
0.357185
0.343524
0.353818
0.365945
0.291861
0.233293
0.242692
0.192670
0.166860
0.157397
0.178475
0.239729
0.270782
0.469079
0.527093
0.702137
0.630653
0.535938
0.400579
0.466777
0.347616
0.294909
0.230074
0.417075
0.674729
0.857424
0.761409
0.643739
0.395954
0.416244
0.382974
0.357548
0.361128
0.710790
0.730164
0.673279
0.403009
0.249086
0.317501
0.358763
0.307036
0.285659
0.392288
0.720658
0.873110
0.856977
0.518014
0.235168
0.262236
0.372510
0.443482
0.419590
0.602413
0.633211
0.601518
0.524429
0.568419
0.729439
0.637793
0.803971
0.857829
0.824815
0.745083
0.652925
0.629779
0.816013
1.047217
1.190291
1.221025
0.738071
0.635022
0.637942
0.686728
0.803289
0.687452
0.571318
0.319994
0.158249
0.124383
0.164260
0.208697
0.186788
0.195206
0.190858
0.243566
0.253391
0.405779
0.603991
0.715415
0.681293
0.462536
0.326196
0.247658
0.287193
0.280565
0.326452
0.300258
0.238067
0.317373
0.394398
0.439262
0.395975
0.382569
0.352731
0.317778
0.393524
0.436939
0.513048
0.613368
0.623492
0.653714
0.549642
0.398234
0.224085
0.212832
0.309167
0.430417
0.582422
0.594229
0.614967
0.517332
0.484552
0.489859
0.480801
0.442480
0.428989
0.570700
0.609639
0.590158
0.592204
0.650602
0.680227
0.514582
0.243438
0.216391
0.197849
0.388601
0.570785
0.586663
0.637985
0.509297
0.543589
0.491735
0.565243
0.483401
0.701050
0.755484
0.762943
0.742398
0.580269
0.569208
0.524216
0.488772
0.595849
0.599664
0.577669
0.505716
0.486449
0.409573
0.409381
0.588475
0.534020
0.470507
0.328093
0.345804
0.312854
0.325429
0.420911
0.540179
0.592482
0.605248
0.486470
0.423767
0.461023
0.538176
0.508295
0.445379
0.263983
0.173403
0.141114
0.099809
0.328818
0.526688
0.620316
0.548598
0.278753
0.317692
0.409765
0.373255
0.342479
0.155862
0.161851
0.173446
0.175747
0.242116
0.317778
0.419803
0.369163
0.471061
0.539902
0.610299
0.663667
0.684042
0.669997
0.547980
0.377433
0.444228
0.472127
0.460170
0.410148
0.371742
0.418524
0.518610
0.566480
0.644336
0.648577
0.721106
0.702670
0.758574
0.624813
0.646723
0.505780
0.555056
0.578074
0.399812
0.571808
0.701881
0.627797
0.516117
0.372254
0.461364
0.788050
0.869871
0.827437
0.610875
0.560938
0.553734
0.577797
0.576987
0.548108
0.499834
0.495806
0.647853
0.993295
1.203058
1.190675
0.973623
0.637218
0.739286
0.520294
0.432101
0.360830
0.437237
0.536045
0.660214
0.660811
0.699025
0.819359
0.878822
0.918848
0.666928
0.814798
0.967549
0.778608
0.559105
0.350557
0.341073
0.446530
0.490541
0.625389
0.516586
0.286661
0.246571
0.362066
0.728416
1.058513
1.057063
0.772470
0.331461
0.278285
0.321891
0.540499
0.547191
0.683872
0.794572
0.798131
0.895106
1.020043
1.108875
1.000626
0.692099
0.524962
0.769764
1.193105
1.339760
1.220300
0.963052
0.776903
0.702073
0.766204
0.830378
0.966590
1.212904
1.387757
1.493128
1.469833
1.709626
1.683134
1.273988
0.856550
0.818315
0.766417
0.930272
1.073794
1.322240
1.465272
1.530448
1.436713
1.633240
1.556215
1.503956
0.984471
0.865694
1.009940
1.001330
1.221600
1.376525
1.064907
0.780974
0.469271
0.458209
0.566075
0.817313
0.866674
0.824410
0.692376
0.689882
0.784406
0.934322
1.050648
0.680867
0.368162
0.203604
0.404117
0.458465
0.528351
0.478094
0.685726
0.886943
1.093914
0.959066
1.128931
1.071620
1.021513
0.764222
0.582741
0.774815
0.955848
0.997430
1.033960
0.958512
0.880719
0.762474
0.738284
1.022366
1.170342
1.054378
0.866844
0.984258
1.123624
1.061070
0.921321
0.720935
0.491543
0.447063
0.482464
0.672427
0.614093
0.573641
0.491586
0.478840
0.419036
0.315518
0.550878
0.672874
0.726264
0.333464
0.441095
0.663561
0.854334
0.742952
0.743016
0.724793
0.770573
0.727265
0.610576
0.464838
0.433081
0.485128
0.509936
0.489625
0.718250
0.792973
0.797620
0.374023
0.338217
0.525921
0.767313
0.931423
1.055827
1.290846
1.731792
1.756707
1.935715
1.316166
1.058023
0.435617
0.514156
0.650219
0.716460
0.650261
0.664179
0.730995
1.025712
1.161370
0.983938
0.872450
0.916397
0.957638
0.908554
0.825284
1.191123
1.410860
1.032809
0.698876
0.292841
0.350770
0.393631
0.472596
0.479842
0.546957
0.532443
0.630419
0.857318
1.063713
1.116953
0.937263
0.657486
0.535405
0.515264
0.481718
0.631442
0.850988
1.209686
1.670325
1.498308
1.666169
1.038265
1.114225
0.769870
0.672469
0.589391
0.572106
0.657465
0.705760
0.680036
0.508188
0.566309
0.895233
1.152652
1.162456
1.002587
0.692312
0.587707
0.531569
0.456185
0.581633
0.909066
1.234836
1.164311
0.806742
0.914415
1.235368
1.422071
1.524587
1.115994
0.940993
0.512941
0.390349
0.524131
0.717397
0.737027
0.734853
0.711643
0.579076
0.593973
0.706783
0.979186
1.067443
1.044766
0.873835
0.872684
0.813306
0.816247
0.680398
0.652456
0.685811
0.617546
0.521445
0.398064
0.448789
0.357740
0.255288
0.236149
0.191604
0.237470
0.337577
0.451453
0.567588
0.495592
0.715948
0.866312
1.025328
0.910430
0.776626
0.427284
0.239026
0.280714
0.361832
0.403158
0.380545
0.419228
0.522532
0.632891
0.563709
0.511215
0.401325
0.355182
0.533530
1.175372
1.268212
1.136135
0.331674
0.652883
0.845595
0.827607
0.762517
0.471040
0.515776
0.528777
0.736132
1.170854
1.336158
1.176971
1.063713
1.021897
1.119170
1.240675
1.276886
1.199136
1.133961
0.990886
1.088266
1.385434
1.456918
1.421495
0.981615
0.940374
0.923878
0.949241
1.076885
1.198689
1.378912
1.425097
1.409198
1.943239
2.294265
1.849334
1.449884
1.060026
1.457131
1.418107
1.403102
1.461052
1.297688
1.381725
1.312330
1.526462
2.127938
3.066522
2.908805
1.814103
0.629204
0.443610
0.804227
0.890587
0.971428
0.731677
0.712815
0.789329
1.352185
1.517596
1.427101
0.950967
0.959173
1.495835
1.814870
1.762568
1.377463
1.380233
1.488802
1.551675
1.492915
1.420920
1.252803
1.053930
1.010899
1.139247
1.150862
1.046897
0.831017
1.122729
1.387714
1.315633
0.677563
0.774708
0.838946
0.885898
0.653565
0.543909
0.463538
0.785088
0.981786
0.929888
0.648045
0.534936
0.508721
0.387557
0.381802
0.553436
0.865715
1.322518
1.305297
1.057873
0.669784
0.547959
0.577946
0.721383
0.667866
0.649238
0.651114
0.693207
0.726562
0.816865
1.026479
1.021407
0.883788
0.744998
1.180146
1.280723
1.063202
0.782509
0.675048
0.659000
0.605014
0.508039
0.373383
0.343929
0.331397
0.308677
0.475430
0.659980
0.761537
0.728821
0.611791
0.545124
0.331546
0.361746
0.328860
0.324065
0.333080
0.432271
0.551347
0.621787
0.701072
0.882083
1.002054
0.971065
1.113032
1.693237
2.242282
2.344713
1.496794
1.242657
1.128547
1.293212
1.232896
1.037647
1.091761
1.279167
1.435839
1.605363
1.538014
1.475076
1.359219
1.076735
0.889735
0.921214
0.962924
1.315676
1.354487
1.303677
0.966462
1.171728
1.715999
1.724865
1.448883
1.058108
1.208812
1.044403
1.548372
1.777466
2.044007
1.532792
0.860365
0.577903
0.286639
0.226089
0.287961
0.622959
1.357002
1.747521
1.809840
1.367403
1.025435
1.109451
1.133535
1.211242
1.129720
1.092805
1.162861
1.141847
0.933981
0.891589
1.013564
0.986602
0.795254
0.576710
0.879355
1.164950
1.286541
1.398094
1.224712
1.319576
1.049433
1.058832
0.808830
0.896427
0.891973
0.895681
0.685726
0.736963
0.743762
0.728565
0.659873
0.834449
0.998282
1.137691
0.812858
0.927672
0.988457
1.124711
0.898345
0.896960
1.449053
1.915745
1.970583
1.241784
1.551889
2.034096
2.150487
1.619451
0.996065
0.920489
1.234004
1.302568
1.293510
1.160219
1.160730
0.918955
0.788285
0.718527
0.692973
0.618441
0.423107
0.387855
0.466671
0.511961
0.663390
1.110538
1.457472
1.601782
1.763293
1.661864
1.861418
1.600717
1.485093
1.402889
1.145086
1.199840
1.546134
2.055857
2.431563
2.416708
2.118837
1.658667
1.328080
1.161796
1.232129
1.601015
1.688931
1.608112
1.175841
1.206447
1.321537
1.561927
1.533815
1.144340
0.841034
0.991014
1.202525
1.216997
1.072260
0.882723
0.879078
0.610235
0.576774
0.495550
0.399577
0.372787
0.498427
0.516010
0.564476
0.714094
0.869168
0.966526
0.757189
0.814009
0.910515
0.980017
1.115589
1.140334
1.205978
1.178058
1.112648
1.112499
1.113245
1.051053
0.702734
0.507592
0.454884
0.384402
0.435703
0.597746
0.723514
0.696127
0.620871
0.826179
0.785578
0.735961
0.276217
0.341414
0.427092
0.475196
0.474343
0.413580
0.395208
0.408571
0.447553
0.544463
0.628778
0.484019
0.583253
0.688731
0.875711
1.044403
1.072771
1.080486
0.889244
0.727308
0.769998
0.750752
0.668761
0.477370
0.369504
0.407974
0.555546
0.704034
0.749601
0.822044
0.887944
1.040525
1.059855
1.100990
1.002843
0.933597
1.021513
1.178335
1.329039
1.363524
1.299691
1.425822
1.260390
1.127929
0.979590
0.705121
0.776584
0.723173
0.848707
1.228570
1.247922
1.123496
0.709085
0.407186
0.479053
0.819700
0.881124
0.898089
1.074029
1.142380
1.050265
1.050755
1.072963
1.224286
1.322091
1.435136
1.155658
1.029932
0.929761
1.023048
0.782168
0.599238
0.749218
1.030081
1.236818
1.013883
0.846064
0.794615
0.821597
0.729972
0.739030
0.840374
0.832765
0.968870
1.060495
1.267466
1.166250
0.960835
1.470856
1.856196
2.622507
3.136557
2.822487
1.916342
0.523512
0.450728
0.252858
0.285190
0.351665
0.437323
0.388686
0.349300
0.364965
0.447766
0.486385
0.495081
0.517758
0.497297
0.328221
0.205522
0.271869
0.527946
0.647938
0.907318
0.868017
0.715948
0.444846
0.377390
0.289580
0.362045
0.606314
0.722022
0.606569
0.421530
0.436640
0.498470
0.579715
0.807338
0.962242
1.075073
0.815075
0.598407
0.349321
0.692696
0.912263
1.033363
0.951820
1.132405
1.296302
1.230509
0.937007
0.757423
0.692738
0.742866
0.618590
0.581974
0.591181
0.697917
0.878140
1.103334
1.162137
1.274371
1.068572
1.092550
0.734299
0.438878
0.388217
0.847236
1.125500
1.120726
0.860216
0.968827
1.141250
1.510072
1.430532
1.232598
0.858191
0.422894
0.245462
0.320442
0.435617
0.427092
0.371828
0.166796
0.217414
0.223382
0.480972
0.706570
1.027460
0.963947
0.793485
0.560768
0.551901
0.828545
0.822961
0.803140
0.640052
0.660214
0.581825
0.633722
0.751242
0.752820
0.708957
0.701008
0.834704
0.806678
0.847833
0.895489
0.911858
1.060516
1.524395
1.989339
2.196779
2.225125
2.043218
1.739060
1.286797
1.164055
1.527549
1.851763
1.784137
1.202482
0.729098
0.546467
0.550751
0.651433
0.627115
0.919637
1.008150
1.129549
0.877416
0.598833
0.532443
0.628820
0.560278
0.565584
0.277496
0.214388
0.190219
0.203156
0.535704
1.201502
2.018431
2.165939
1.784755
1.318340
1.094532
0.912369
0.680142
0.772108
0.818592
0.797748
0.956764
1.000989
0.894978
0.868954
1.138714
1.295194
1.272176
1.264823
1.555831
1.858924
1.729853
1.279124
0.936666
0.979740
1.001159
1.077567
1.402399
1.882262
2.334248
2.707077
2.472868
1.887825
1.217785
1.099498
1.279209
1.289610
1.239972
1.109856
1.096109
1.481705
1.646774
1.471261
1.179379
1.147452
1.043189
0.918784
1.042144
1.072089
1.264461
1.242892
0.887753
1.043615
0.884257
1.167742
1.451483
1.639464
1.345280
1.021300
0.561642
0.508423
0.570891
0.756081
1.133620
1.449437
1.683497
1.432898
1.393234
1.134451
0.981381
0.868102
0.844380
1.083129
1.055742
1.344981
1.934032
2.525192
2.559804
1.961525
1.348498
1.226204
1.722201
1.938465
1.797394
1.718642
1.757964
1.512481
0.907787
0.375728
0.244162
0.313707
0.387279
0.487195
0.829206
1.210006
1.402079
1.172090
1.039970
1.056104
1.236796
1.152290
1.254657
1.140397
0.952928
0.856294
1.117870
1.478721
1.700036
1.245023
1.148028
1.229252
1.254721
1.303570
1.100457
1.152823
1.236967
1.295791
1.569664
1.380340
1.194298
1.207640
1.162712
1.045597
1.008811
1.052012
1.443064
1.946500
1.939232
1.597499
0.796703
0.680867
1.025073
1.304188
1.535456
1.418277
1.489612
1.334453
1.192337
1.206468
1.014565
1.149285
1.355105
1.767577
2.161229
1.838528
1.596156
0.964735
0.732167
0.536684
0.365988
0.577776
0.646872
0.824048
0.704908
0.751264
0.748024
0.870212
0.897748
1.109238
1.272837
1.475076
1.290505
0.989096
0.745786
0.550708
0.646254
0.516905
0.634596
0.875071
1.033150
1.147495
1.232278
1.819453
1.713271
1.679959
0.937817
0.950392
0.764861
0.498384
0.484915
0.568781
0.815970
0.961730
0.987370
0.926137
1.219874
1.408644
1.338737
0.787155
0.426282
0.543568
0.989650
1.216144
1.171152
0.879185
0.723365
0.998197
1.688740
1.770070
1.379487
0.740692
0.733339
0.657273
0.934982
1.041505
1.246046
1.041015
0.889223
0.719912
1.219853
1.834564
2.172461
1.529041
1.222389
1.001927
0.910856
0.930016
0.736686
0.613240
0.731507
0.963755
1.129613
1.497263
1.810160
1.706685
1.565529
1.020128
0.956104
0.992187
0.956125
0.950456
0.694784
0.626689
0.669912
0.884321
1.347773
1.340399
1.233962
0.772854
0.957446
0.979228
0.852543
0.755590
0.569357
0.646190
0.915438
0.907339
1.046535
1.224094
1.260156
0.891333
0.517758
0.471040
0.369249
0.351815
0.449940
0.510256
0.523491
0.393929
0.466862
0.352305
0.402795
0.556590
0.896832
1.549267
1.904172
2.169456
1.439057
0.912902
0.412365
0.345740
0.363643
0.463943
0.475537
0.440093
0.400003
0.275961
0.267074
0.416521
0.580099
0.734341
0.675006
0.431248
0.214708
0.149426
0.126365
