0.233639
0.262612
0.296916
0.397046
0.553964
0.537971
0.487210
0.482807
0.522442
0.461019
0.546547
0.543534
0.485124
0.432278
0.372477
0.283009
0.256353
0.185427
0.143706
0.093409
0.067913
0.052847
0.047284
0.046357
0.039635
0.035231
0.020861
0.007881
0.014139
0.020629
0.016920
0.027119
0.047052
0.055165
0.088542
0.140461
0.169434
0.191686
0.269102
0.198871
0.205593
0.197944
0.193772
0.166421
0.142547
0.150660
0.135594
0.115429
0.117515
0.117283
0.136753
0.143474
0.143243
0.105230
0.087151
0.060496
0.064900
0.084601
0.118210
0.107316
0.149037
0.150196
0.179633
0.152050
0.176851
0.179401
0.131422
0.125163
0.136057
0.165494
0.162713
0.161322
0.133740
0.139998
0.164103
0.169434
0.137448
0.138143
0.110793
0.060959
0.095959
0.089932
0.065363
0.071853
0.070926
0.081124
0.072780
0.080197
0.129567
0.151123
0.168507
0.186818
0.190295
0.173143
0.123077
0.106389
0.133508
0.095263
0.097118
0.135594
0.116124
0.124236
0.127481
0.172911
0.154368
0.142779
0.207215
0.260525
0.289730
0.314995
0.341882
0.246850
0.326816
0.352312
0.283936
0.239897
0.155759
0.162249
0.090396
0.101058
0.126786
0.158772
0.152978
0.093177
0.058641
0.037085
0.034304
0.031291
0.034768
0.031754
0.025496
0.041026
0.050297
0.091787
0.101985
0.107316
0.159468
0.130263
0.126091
0.116819
0.072085
0.077648
0.101985
0.095032
0.084601
0.060496
0.074866
0.096422
0.091555
0.070694
0.098045
0.082747
0.079734
0.076489
0.104998
0.125163
0.098508
0.089469
0.089701
0.090628
0.112184
0.152050
0.139534
0.132812
0.193540
0.239201
0.258439
0.197944
0.212083
0.200030
0.240592
0.220195
0.224599
0.246618
0.235493
0.205129
0.172216
0.131422
0.152746
0.156686
0.140461
0.139302
0.151123
0.204897
0.237579
0.249168
0.251486
0.333074
0.330988
0.303406
0.238274
0.180560
0.172447
0.085297
0.115197
0.093873
0.112184
0.135594
0.127018
0.122614
0.135826
0.128640
0.121455
0.121687
0.132117
0.155991
0.165262
0.169898
0.157382
0.185891
0.189600
0.145329
0.144865
0.113806
0.098972
0.095263
0.081124
0.120064
0.098740
0.167348
0.204897
0.181023
0.273737
0.314531
0.368305
0.418834
0.258439
0.131190
0.089005
0.095727
0.088310
0.093177
0.068840
0.049370
0.057946
0.077184
0.079734
0.059800
0.099899
0.101290
0.110329
0.099435
0.094336
0.083674
0.083906
0.147878
0.236420
0.264002
0.351617
0.334465
0.253108
0.245228
0.211155
0.165726
0.153209
0.174070
0.277909
0.280691
0.350921
0.292512
0.267711
0.318703
0.317081
0.279068
0.217414
0.230857
0.161090
0.174997
0.216023
0.237811
0.215559
0.202116
0.126554
0.092714
0.093641
0.061655
0.023178
0.009735
0.026423
0.095032
0.139071
0.163640
0.229003
0.206983
0.222745
0.249168
0.270029
0.285790
0.200262
0.169898
0.144633
0.094336
0.058873
0.043344
0.012980
0.017152
0.033609
0.057946
0.059337
0.058641
0.080429
0.077416
0.081124
0.072085
0.085065
0.081356
0.101058
0.133508
0.171520
0.201652
0.244532
0.338869
0.356252
0.395192
0.217182
0.116819
0.118442
0.126554
0.147183
0.131885
0.099204
0.121919
0.123309
0.107548
0.120064
0.104766
0.106853
0.111720
0.136057
0.162017
0.141852
0.137680
0.186586
0.197712
0.230394
0.243837
0.239897
0.270492
0.203507
0.133971
0.119137
0.139534
0.141852
0.184268
0.151123
0.131885
0.105230
0.115660
0.076025
0.079734
0.052151
0.057482
0.057946
0.062814
0.058641
0.056787
0.064900
0.098508
0.134667
0.123773
0.128177
0.085992
0.043807
0.041489
0.039172
0.048443
0.048443
0.047516
0.046357
0.049602
0.066059
0.069999
0.109402
0.091323
0.073939
0.030132
0.025033
0.035695
0.046357
0.049834
0.046357
0.036390
0.051688
0.056092
0.086224
0.119832
0.167580
0.192381
0.263770
0.232943
0.141852
0.171984
0.173375
0.173606
0.212778
0.225526
0.246155
0.209069
0.124932
0.113806
0.133508
0.124700
0.153441
0.087846
0.042417
0.041721
0.045430
0.038708
0.014371
0.024106
0.034768
0.042417
0.046357
0.025264
0.009967
0.000464
0.003709
0.011589
0.011589
0.022715
0.052615
0.068145
0.108475
0.122846
0.112879
0.119369
0.099667
0.079270
0.043112
0.043344
0.029668
0.021092
0.015530
0.019238
0.039635
0.046357
0.025960
0.015298
0.019933
0.047284
0.064204
0.048675
0.036390
0.060496
0.078807
0.082979
0.085528
0.075330
0.079966
0.108243
0.124468
0.142547
0.108243
0.076721
0.072317
0.019238
0.023178
0.027351
0.028046
0.018311
0.027351
0.057482
0.069535
0.069535
0.065595
0.065131
0.044271
0.043575
0.040099
0.027814
0.019933
0.023642
0.015066
0.011589
0.010662
0.000464
0.003709
0.011589
0.028278
0.043807
0.057251
0.048675
0.063045
0.057714
0.057946
0.056092
0.060727
0.052615
0.033609
0.035231
0.023178
0.019470
0.017152
0.008576
0.000464
0.000464
0.000464
0.000464
0.000464
0.003709
0.011589
0.011589
0.010199
0.000464
0.000464
0.000464
0.000464
0.000464
0.000464
0.000464
0.000464
0.000464
0.000464
0.000464
0.012980
0.023178
0.023178
0.014139
0.019933
0.022715
0.000464
0.000464
0.000464
0.009040
0.011589
0.030364
0.012053
0.000464
0.000464
0.000464
0.000464
0.000464
0.000464
0.003245
0.011589
0.021324
0.017152
0.014371
0.012748
0.028973
0.061423
0.090859
0.094568
0.089005
0.074403
0.054933
0.058410
0.047748
0.025033
0.026423
0.050993
0.080893
0.079502
0.098972
0.087383
0.097813
0.106853
0.091091
0.083674
0.063972
0.070926
0.083674
0.074171
0.071853
0.046357
0.033145
0.023178
0.023178
0.020861
0.018079
0.050297
0.068840
0.079734
0.115892
0.113574
0.113806
0.121223
0.119369
0.106157
0.118905
0.103839
0.098045
0.088078
0.101521
0.087846
0.071390
0.066522
0.057946
0.073244
0.066059
0.085760
0.120760
0.104303
0.124005
0.158540
0.160858
0.110793
0.096190
0.079502
0.075330
0.064900
0.042185
0.060032
0.064668
0.080661
0.000464
0.000464
0.000464
0.000464
0.000464
0.000464
0.000464
0.000464
0.000464
0.000464
0.000464
0.000464
0.000464
0.000464
0.000464
0.000464
0.000464
0.000464
0.000464
0.000464
0.000464
0.000464
0.000464
0.000464
0.000464
0.000464
0.000464
0.000464
0.000464
0.000464
0.000464
0.000464
0.000464
0.000464
0.000464
0.000464
0.000464
0.000464
0.000464
0.000464
0.000464
0.000464
0.000464
0.000464
0.000464
0.000464
0.000464
0.000464
0.000464
0.000464
0.000464
0.000464
0.000464
0.000464
0.000464
0.000464
0.000464
0.000464
0.000464
0.000464
0.000464
0.000464
0.000464
0.000464
0.000464
0.000464
0.000464
0.000464
0.000464
0.000464
0.000464
0.000464
0.000464
0.000464
0.000464
0.000464
0.000464
0.000464
0.000464
0.000464
0.000464
0.000464
0.000464
0.000464
0.000464
0.000464
0.000464
0.000464
0.000464
0.000464
0.000464
0.000464
0.000464
0.000464
0.000464
0.000464
0.000464
0.000464
0.000464
0.000464
0.000464
0.000464
0.000464
0.000464
0.000464
0.000464
0.000464
0.000464
0.000464
0.000464
0.000464
0.000464
0.000464
0.000464
0.000464
0.000464
0.000464
0.000464
0.000464
0.000464
0.000464
0.000464
0.000464
0.000464
0.000464
0.000464
0.000464
0.000464
0.000464
0.000464
0.000464
0.000464
0.000464
0.000464
0.000464
0.000464
0.000464
0.000464
0.000464
0.000464
0.000464
0.000464
0.000464
0.000464
0.000464
0.000464
0.000464
0.000464
0.000464
0.000464
0.000464
0.000464
0.000464
0.000464
0.000464
0.000464
0.000464
0.000464
0.000464
0.000464
0.000464
0.000464
0.000464
0.000464
0.000464
0.000464
0.000464
0.000464
0.000464
0.000464
0.000464
0.000464
0.000464
0.000464
0.000464
0.000464
0.000464
0.000464
0.000464
0.000464
0.000464
0.000464
0.000464
0.000464
0.000464
0.000464
0.000464
0.000464
0.000464
0.000464
0.000464
0.000464
0.000464
0.000464
0.000464
0.000464
0.000464
0.000464
0.000464
0.000464
0.000464
0.000464
0.000464
0.000464
0.000464
0.000464
0.000464
0.000464
0.000464
0.000464
0.000464
0.000464
0.000464
0.000464
0.000464
0.000464
0.000464
0.000464
0.000464
0.000464
0.000464
0.000464
0.000464
0.000464
0.000464
0.000464
0.000464
0.000464
0.000464
0.027814
0.137680
0.093177
0.078343
0.093409
0.098045
0.105694
0.102449
0.096886
0.083211
0.057019
0.023874
0.021324
0.024106
0.038940
0.069303
0.095727
0.096190
0.078807
0.059105
0.054701
0.038013
0.064436
0.109170
0.118905
0.133971
0.171520
0.164799
0.165494
0.171289
0.170130
0.128872
0.142316
0.128408
0.181023
0.213937
0.299233
0.388702
0.401450
0.370855
0.357875
0.323571
0.319167
0.247082
0.194003
0.073476
0.074171
0.090164
0.113342
0.098740
0.086224
0.200030
0.231089
0.219268
0.214632
0.143011
0.159004
0.175461
0.160395
0.166189
0.175692
0.265393
0.233870
0.223208
0.285326
0.296452
0.211619
0.192149
0.137216
0.070926
0.082052
0.081124
0.117746
0.143706
0.160626
0.171984
0.158309
0.153673
0.125163
0.130495
0.111256
0.108243
0.137216
0.139766
0.163871
0.216950
0.199798
0.206288
0.204665
0.219731
0.171520
0.123541
0.177315
0.239665
0.287181
0.306187
0.318472
0.427642
0.415821
0.433437
0.494628
0.413271
0.334696
0.313604
0.251949
0.255658
0.294366
0.255194
0.328670
0.370623
0.375490
0.305955
0.366914
0.423006
0.392411
0.283009
0.241519
0.299929
0.362279
0.287181
0.257512
0.218573
0.179633
0.131885
0.117746
0.156223
0.241983
0.310127
0.307114
0.362279
0.357411
0.306419
0.333306
0.305955
0.321021
0.232943
0.255658
0.282313
0.299002
0.405159
0.409563
0.384762
0.322412
0.320558
0.267943
0.227149
0.202348
0.212778
0.201884
0.232016
0.202579
0.200262
0.213473
0.232016
0.237347
0.243605
0.302015
0.504826
0.574593
0.752372
0.804060
0.771378
0.921342
1.078956
0.956805
0.804291
0.527773
0.446648
0.307346
0.228539
0.191686
0.185427
0.185891
0.206983
0.176156
0.181255
0.188672
0.240592
0.285790
0.467509
0.755848
0.678432
0.961441
0.987401
1.206669
1.032599
0.946143
0.728266
0.492078
0.334233
0.297147
0.366683
0.343272
0.471681
0.534494
0.452675
0.404695
0.242678
0.155064
0.155295
0.251486
0.312445
0.305492
0.317081
0.380590
0.462641
0.388702
0.412344
0.381517
0.370623
0.398669
0.413271
0.382908
0.360193
0.374100
0.387311
0.384298
0.407013
0.479098
0.501118
0.449893
0.427178
0.448503
0.369696
0.293439
0.240360
0.217645
0.221818
0.205361
0.146024
0.136057
0.156454
0.145561
0.197480
0.235956
0.222745
0.295757
0.348372
0.362742
0.417675
0.559991
0.635784
0.473999
0.417212
0.212083
0.124468
0.092945
0.079038
0.070926
0.090628
0.117051
0.195162
0.292743
0.429033
0.470754
0.465423
0.483270
0.645519
0.655486
0.684691
0.743796
0.635089
0.577606
0.689558
0.679360
0.630685
0.778795
0.539825
0.529395
0.542839
0.670784
0.865482
1.140842
1.113260
1.203887
1.113955
0.901177
0.795252
0.922269
0.757934
0.741710
0.696512
0.663366
0.599626
0.491846
0.565554
0.402609
0.310591
0.284399
0.300624
0.390788
0.532640
0.527309
0.661744
0.779954
0.964686
0.888661
0.730120
0.477012
0.433437
0.527309
0.483734
0.568567
0.655022
0.658963
0.630221
0.585951
0.602175
0.563467
0.646678
0.671943
0.576911
0.664062
0.812172
0.750517
0.845549
0.870350
1.028427
1.089154
1.167729
1.212463
1.199020
1.066208
1.083591
1.205742
1.200874
1.197629
1.399745
1.296137
1.234715
1.025645
0.918097
0.744723
0.649923
0.766974
0.884720
0.830715
0.851344
1.100280
1.061804
1.261370
1.397659
1.404613
1.507988
1.638946
1.335773
1.247231
1.110942
0.989023
0.912303
0.693267
0.618400
0.611679
0.610751
0.592672
0.765352
0.684227
0.863165
0.799887
0.736147
0.701147
0.738928
0.568567
0.503435
0.439926
0.489297
0.333769
0.249168
0.217182
0.258903
0.304101
0.297379
0.399828
0.502972
0.675187
0.938958
1.207596
1.600702
1.465108
1.436599
1.455605
1.174451
0.801278
0.604725
0.685154
0.632307
0.743796
0.816576
0.906972
0.884257
0.940349
0.812636
0.754921
0.639493
0.515952
0.394497
0.396583
0.388934
0.442940
0.328902
0.359497
0.419298
0.401682
0.498568
0.477707
0.440854
0.539130
0.498104
0.543534
0.480952
0.489065
0.487906
0.575984
0.688863
0.883793
0.882634
0.807536
0.707406
0.753067
0.580851
0.517574
0.426251
0.469131
0.480025
0.414894
0.388470
0.549792
0.636711
0.846940
0.767206
0.658499
0.617937
0.546315
0.438304
0.345127
0.372941
0.525455
0.731975
0.823066
0.759557
0.763497
0.734756
0.744955
0.781113
0.893065
1.128789
1.193689
1.300310
0.793629
0.634162
0.522673
0.355093
0.263770
0.313141
0.371550
0.486283
0.495555
0.499263
0.561381
0.617937
0.792007
0.761179
0.729657
0.636711
0.663135
0.767206
0.603334
0.581547
0.556514
0.531945
0.717604
0.722240
0.776709
0.859224
0.985778
1.097498
1.224516
0.934090
0.839059
0.736147
0.674956
0.468436
0.506912
0.457542
0.326584
0.192381
0.185659
0.234566
0.170361
0.118674
0.047748
0.048906
0.051224
0.133044
0.212778
0.271883
0.320326
0.321948
0.263075
0.241519
0.268406
0.274201
0.209301
0.094336
0.045198
0.059800
0.102449
0.179169
0.268174
0.449198
0.685618
0.814490
0.911376
0.937335
1.034221
1.058790
0.724326
0.609361
0.553501
0.706942
0.798960
0.838364
0.787835
0.778795
0.700684
0.771842
0.826311
0.712505
0.830251
0.855979
0.799887
0.602407
0.546315
0.773464
0.865482
0.824920
1.028195
0.962368
1.133193
0.911376
1.062731
1.317462
1.016837
1.054387
0.887734
0.675651
0.611679
0.639956
0.710419
0.715054
0.718299
0.705551
0.590354
0.498568
0.441085
0.369001
0.374332
0.351848
0.419066
0.497873
0.609824
0.572507
0.568567
0.641347
0.695121
0.634162
0.771610
0.763266
0.743796
0.810781
0.849721
0.925746
0.955183
0.969090
1.108856
1.280144
1.266237
1.306568
1.017996
1.006407
0.989719
0.793397
0.755848
0.684227
0.758398
0.782967
0.800815
0.966309
1.174451
1.052069
1.020082
0.935945
0.659426
0.543534
0.581778
0.578302
0.451284
0.467045
0.511548
0.570653
0.615619
0.868264
1.133193
1.225443
1.133657
1.026109
0.994123
0.847171
0.791080
0.748663
0.767438
0.631612
0.738001
0.707869
0.675419
0.625586
0.625817
0.610983
0.781808
0.637638
0.713664
0.589427
0.616083
0.623268
0.585023
0.745418
0.736379
0.695121
0.832337
0.757007
0.642738
0.581778
0.703465
0.792007
0.809622
0.631844
0.546084
0.520356
0.484893
0.586182
0.636248
0.784590
0.582474
0.608202
0.827702
1.010579
1.047897
1.063890
1.206901
1.008261
0.889820
0.682836
0.360424
0.194931
0.206983
0.289267
0.348835
0.372941
0.577143
0.538898
0.507839
0.527541
0.449198
0.502276
0.416980
0.452906
0.317313
0.298075
0.243837
0.318472
0.358338
0.544925
0.676810
0.955415
1.078956
1.078029
1.017765
1.018924
0.884489
0.884720
0.660585
0.591282
0.632771
0.441317
0.459860
0.607738
0.735451
0.808695
0.683532
0.760252
0.832801
0.858297
0.871972
0.927137
1.021705
0.984388
1.081273
1.273423
1.334150
0.978130
0.771842
0.882634
0.749127
0.552342
0.453834
0.433900
0.078807
0.045661
0.131422
0.185659
0.220659
0.241983
0.232943
0.176388
0.207447
0.176620
0.337246
0.388007
0.347213
0.331683
0.367610
0.478403
0.557441
0.611910
0.734292
0.871277
0.873595
1.015910
1.039784
0.947534
0.816344
0.867568
0.723399
0.733597
0.956805
1.085214
1.311435
1.197166
1.208059
1.023559
0.865251
0.604957
0.574825
0.515488
0.364133
0.352776
0.339100
0.386616
0.353007
0.370623
0.440158
0.513634
0.582706
0.575520
0.528468
0.388934
0.330293
0.250095
0.209765
0.120760
0.143243
0.156454
0.167580
0.156223
0.174070
0.269102
0.275823
0.308505
0.292048
0.250791
0.183573
0.130726
0.144170
0.222976
0.261684
0.247777
0.307346
0.349531
0.392874
0.476317
0.700684
0.759325
0.745186
0.841840
1.024718
1.089386
1.029586
1.075479
1.322561
1.220112
1.282694
1.068757
1.116505
1.239582
1.633847
1.922650
1.796096
1.902021
1.837585
1.741163
1.245145
1.279449
1.027036
0.721313
0.747504
0.679128
0.514329
0.379431
0.455688
0.622572
0.767669
0.921806
1.087300
1.236801
1.157994
0.963064
0.806377
0.801278
0.783199
0.674492
0.648069
0.688399
0.584792
0.587573
0.496714
0.379894
0.383139
0.480257
0.658035
0.886575
1.373553
1.717985
1.912452
2.035761
1.879538
1.918942
1.383288
0.790152
0.280691
0.203043
0.171057
0.160395
0.154137
0.261221
0.435986
1.103061
1.238423
1.354315
0.918097
0.873131
0.932004
1.197166
0.928296
1.023327
0.744955
0.763266
0.754689
0.700684
0.685618
0.545157
0.552805
0.443867
0.467045
0.401682
0.354166
0.353007
0.403305
0.414430
0.389861
0.359034
0.451747
0.502972
0.545852
0.648996
0.796179
1.074552
1.393719
1.325111
1.698747
1.629443
1.637787
1.425473
1.128094
0.973494
0.775782
0.713200
0.612606
0.696048
0.785285
0.892833
0.847635
0.826543
0.684227
0.879389
0.767206
1.130412
1.067598
1.399745
1.676959
1.600470
1.698747
1.802354
1.387460
1.207364
1.097730
1.239814
1.024023
1.260211
1.288025
1.227993
1.328819
1.207364
1.159617
1.037234
1.079651
0.900714
0.921574
0.773464
0.671479
0.587341
0.463337
0.423702
0.422774
0.512707
0.536581
0.513634
0.532408
0.551878
0.681909
0.650618
0.686777
0.837205
0.689326
0.819126
0.909058
0.927137
1.103061
1.173755
1.257198
1.341567
1.490604
1.189749
1.097267
0.942667
0.715750
0.420920
0.171057
0.193772
0.353471
0.559064
0.541216
0.588037
0.658963
0.599858
0.664525
0.589659
0.386384
0.337246
0.575057
0.644592
0.884952
1.190676
1.549478
1.489214
1.593053
1.676727
1.328355
1.511929
1.296137
1.391864
1.653549
1.317693
1.279913
1.257661
1.043956
1.110710
1.112796
1.093558
0.881012
0.880780
0.690485
0.744955
0.715286
0.591050
0.572739
0.525918
0.595686
0.614228
0.639493
0.548865
0.496714
0.544693
0.385689
0.375490
0.362742
0.621414
0.859688
0.975580
0.849489
1.023791
1.115114
1.012434
0.884952
1.027268
0.924356
0.731743
0.994354
1.257198
1.288025
1.392096
1.765732
1.850334
1.504743
1.935398
1.657026
1.393023
1.209450
1.445407
1.574510
1.616463
1.852420
1.955332
1.616695
1.538816
1.608814
1.862618
1.961358
1.455605
1.620635
1.382361
1.586100
1.654476
1.628284
1.638946
1.813712
1.601861
1.199715
1.031672
0.876144
0.883793
0.980447
0.843231
0.910680
0.811708
0.749358
0.656181
0.619559
0.473072
0.453370
0.538435
0.524991
0.577606
0.572971
0.598930
0.607043
0.481879
0.372014
0.396119
0.701147
0.884257
0.976275
1.261602
1.443552
1.709641
1.828082
2.027417
1.822751
1.635006
1.753216
1.431268
0.906045
0.753762
0.865946
0.633466
0.593136
0.552574
0.418139
0.413040
0.414894
0.382676
0.304564
0.200725
0.307578
0.591513
0.654559
0.799887
0.670320
0.667539
0.650618
0.626513
0.442013
0.363669
0.359729
0.440622
0.435986
0.450125
0.549560
0.534958
0.583169
0.604493
0.534726
0.585487
0.487442
0.618632
0.529627
0.427178
0.356484
0.344431
0.206056
0.155759
0.214864
0.260525
0.348140
0.417675
0.540289
0.533799
0.460555
0.358802
0.428801
0.423933
0.460092
0.474926
0.456383
0.409563
0.357643
0.325425
0.347908
0.334001
0.315227
0.318935
0.381517
0.475621
0.381749
0.367146
0.470986
0.397510
0.537739
0.550256
0.572044
0.569262
0.478403
0.304564
0.195626
0.097813
0.099435
0.257976
0.302478
0.424629
0.410490
0.286717
0.109170
0.064900
0.057482
0.069303
0.081588
0.111488
0.137448
0.155527
0.153441
0.145329
0.140925
0.118210
0.104535
0.082979
0.071621
0.061655
0.078807
0.073244
0.050761
0.073012
0.107780
0.123541
0.208374
0.201884
0.262148
0.245691
0.275360
0.398901
0.386616
0.349994
0.286022
0.232711
0.201421
0.193076
0.196785
0.181719
0.131190
0.138143
0.126322
0.122382
0.106389
0.094568
0.146951
0.203043
0.184964
0.198639
0.171057
0.172679
0.174997
0.160163
0.108707
0.098277
0.120528
0.166653
0.178242
0.165958
0.150892
0.137680
0.131653
0.114038
0.127713
0.134898
0.098045
0.088773
0.088078
0.095495
0.132581
0.125627
0.154832
0.151123
0.167348
0.158540
0.180328
0.199798
0.349994
0.365292
0.259830
0.191454
0.131653
0.100131
0.069767
0.078575
0.074635
0.076257
0.059800
0.065827
0.060959
0.061886
0.087846
0.110793
0.087614
0.102912
0.141157
0.162017
0.164335
0.175229
0.156686
0.168044
0.147183
0.132349
0.123773
0.132581
0.075793
0.082979
0.083211
0.096190
0.077184
0.053310
0.081820
0.098508
0.091555
0.095495
0.120760
0.108939
0.093873
0.080429
0.139071
0.187050
0.217645
0.231321
0.229930
0.203738
0.203043
0.202811
0.239897
0.246387
0.308041
0.325657
0.387543
0.399596
0.372941
0.293439
0.261916
0.248473
0.306882
0.374332
0.407013
0.381053
0.344895
0.225062
0.119601
0.072317
0.050761
0.055396
0.080661
0.115429
0.143706
0.114965
0.138375
0.152514
0.214169
0.244532
0.191454
0.208838
0.253340
0.273274
0.290426
0.239201
0.246387
0.244996
0.272810
0.247546
0.242910
0.209533
0.225062
0.278836
0.255890
0.180096
0.195162
0.202348
0.226453
0.199798
0.182878
0.178242
0.121223
0.090628
0.092945
0.096886
0.117515
0.160626
0.173375
0.123309
0.115660
0.136057
0.122150
0.101290
0.088078
0.063741
0.088078
0.118905
0.151123
0.152282
0.137680
0.137448
0.139302
0.153673
0.134667
0.127481
0.182646
0.305723
0.314531
0.258903
0.216718
0.172911
0.172216
0.133276
0.044503
0.057019
0.076489
0.080893
0.068376
0.069072
0.079270
0.096654
0.140925
0.198871
0.210692
0.142779
0.156223
0.158309
0.174997
0.153209
0.135826
0.115660
0.137448
0.147415
0.175229
0.281386
0.269102
0.314299
0.335160
0.370855
0.360656
0.275591
0.208838
0.197712
0.255658
0.302478
0.284631
0.277214
0.250095
0.167812
0.101290
0.143474
0.139071
0.141620
0.152978
0.148110
0.108475
0.085297
0.122150
0.138839
0.100131
0.146951
0.134898
0.145097
0.161090
0.144865
0.166885
0.173375
0.155295
0.176388
0.172447
0.083442
0.066986
0.048906
0.090164
0.122614
0.142547
0.193308
0.200030
0.172679
0.217877
0.248241
0.196089
0.206983
0.247546
0.253108
0.220427
0.176851
0.175461
0.214632
0.224367
0.255194
0.278605
0.266088
0.194699
0.074866
0.062350
0.043575
0.035927
0.035231
0.028278
0.029668
0.031523
0.031523
0.031986
0.030596
0.051688
0.079734
0.095495
0.094104
0.116587
0.159699
0.168739
0.153441
0.209069
0.219500
0.177779
0.138607
0.111720
0.101985
0.056555
0.032450
0.056555
0.057482
0.055165
0.085528
0.105694
0.128177
0.123077
0.132581
0.157613
0.198407
0.202116
0.187745
0.183573
0.142316
0.106389
0.121919
0.156918
0.110793
0.092945
0.079502
0.067681
0.077880
0.087151
0.108243
0.117746
0.103376
0.122846
0.164799
0.186123
0.166421
0.136521
0.110793
0.096886
0.101290
0.070694
0.058873
0.076952
0.086919
0.101985
0.113342
0.119832
0.116587
0.131422
0.112879
0.127945
0.133971
0.141852
0.093873
0.088773
0.085297
0.101058
0.149269
0.203970
0.208142
0.151123
0.160858
0.175461
0.167116
0.190990
0.254036
0.271651
0.312213
0.253804
0.182878
0.116356
0.123773
0.188904
0.205824
0.241519
0.260294
0.230162
0.203043
0.175924
0.184732
0.293207
0.293439
0.287644
0.341186
0.365756
0.350458
0.271651
0.337710
0.340027
0.342809
0.287181
0.221354
0.315458
0.290889
0.332610
0.243142
0.189600
0.126091
0.150196
0.188672
0.202811
0.190295
0.224599
0.254499
0.375490
0.477707
0.513634
0.440622
0.391947
0.319630
0.324498
0.276982
0.222745
0.288803
0.193540
0.183110
0.209533
0.318472
0.318935
0.369464
0.425092
0.500654
0.556978
0.410026
0.477707
0.491383
0.547474
0.424165
0.400755
0.344895
0.298770
0.307809
0.335855
0.216255
0.176388
0.153441
0.095959
0.068840
0.062582
0.109402
0.150196
0.181255
0.244532
0.245923
0.262380
0.347908
0.228771
0.203507
0.236188
0.261684
0.306882
0.280227
0.279068
0.330524
0.331451
0.264234
0.225062
0.292280
0.280923
0.248241
0.166653
0.186355
0.169434
0.240128
0.213705
0.242678
0.312677
0.347213
0.310127
0.317081
0.349994
0.290657
0.205824
0.203043
0.156686
0.164103
0.203043
0.194235
0.229930
0.224599
0.188209
0.170825
0.235956
0.276287
0.320326
0.282545
0.294134
0.332842
0.401914
0.353239
0.343736
0.337246
0.391020
0.316385
0.332610
0.304564
0.276750
0.257512
0.147878
0.116124
0.101521
0.126322
0.129336
0.145329
0.178937
0.175461
0.233639
0.415357
0.430887
0.392179
0.448271
0.314763
0.269102
0.261221
0.313836
0.357643
0.324730
0.306419
0.293671
0.351153
0.413271
0.487210
0.502508
0.423470
0.370159
0.299697
0.241287
0.213010
0.156454
0.161554
0.208374
0.256585
0.281850
0.299697
0.328206
0.499031
0.598930
0.570653
0.545157
0.402841
0.252181
0.231784
0.279532
0.297147
0.235261
0.233407
0.178706
0.144865
0.128177
0.121455
0.147647
0.114733
0.083906
0.117515
0.129336
0.131190
0.157613
0.155064
0.141388
0.171057
0.213705
0.173606
0.148110
0.077880
0.045198
0.039172
0.043575
0.045430
0.029668
0.015761
0.059337
0.082747
0.086687
0.118210
0.146951
0.163640
0.221122
0.260525
0.354398
0.392643
0.219500
0.117283
0.088078
0.097581
0.080893
0.108011
0.127018
0.138607
0.193308
0.256817
0.203507
0.169202
0.181951
0.130031
0.094336
0.082747
0.108475
0.129336
0.150892
0.131653
0.116124
0.119601
0.083674
0.034536
0.026887
0.070926
0.086919
0.149037
0.152050
0.137216
0.126322
0.167116
0.178242
0.219731
0.229003
0.234102
0.163176
0.135826
0.140229
0.102680
0.082515
0.104998
0.105925
0.111488
0.068145
0.104535
0.197480
0.237579
0.232711
0.241287
0.204202
0.187050
0.220427
0.234797
0.185196
0.183573
0.207215
0.219963
0.283704
0.365292
0.487442
0.547011
0.556050
0.525918
0.422079
0.391020
0.459165
0.535422
0.681909
0.621645
0.340027
0.325657
0.312213
0.335392
0.400523
0.321717
0.287644
0.283240
0.314763
0.272346
0.240360
0.176156
0.216486
0.316617
0.383603
0.404464
0.470522
0.432741
0.391947
0.377345
0.401914
0.418834
0.382676
0.233175
0.111952
0.074403
0.097581
0.190063
0.269797
0.375954
0.464959
0.501349
0.511780
0.586646
0.556282
0.552110
0.467277
0.478171
0.390788
0.304564
0.244069
0.250327
0.233639
0.265393
0.239665
0.168507
0.146951
0.120760
0.150196
0.175924
0.172216
0.121455
0.099899
0.097581
0.113342
0.264002
0.301783
0.386848
0.483965
0.503204
0.515025
0.524991
0.467277
0.720849
0.735915
0.692340
0.742405
0.709955
0.624195
0.571580
0.548170
0.559527
0.536349
0.470754
0.308273
0.251254
0.191917
0.164799
0.142316
0.149964
0.170825
0.262148
0.307114
0.345359
0.469595
0.580388
0.650155
0.688399
0.905581
1.000149
1.329283
0.985315
0.449661
0.309664
0.109402
0.035463
0.034768
0.020165
0.034768
0.054238
0.072780
0.089469
0.073476
0.083442
0.096190
0.149037
0.166653
0.193308
0.343504
0.458237
0.430655
0.552342
0.678201
0.812404
0.716213
0.484429
0.456383
0.418139
0.134203
0.045430
0.114501
0.175229
0.170130
0.159468
0.205129
0.244301
0.296684
0.471913
0.563004
0.640420
0.884025
0.950315
0.837205
0.966077
0.733829
0.614692
0.696975
0.655254
0.703465
0.678664
0.504826
0.379894
0.331683
0.252877
0.292280
0.338173
0.385689
0.425324
0.390325
0.392411
0.495555
0.445721
0.456847
0.362974
0.302247
0.246850
0.223440
0.227149
0.243605
0.333769
0.402377
0.550024
0.575984
0.738928
0.693962
0.708564
0.620023
0.418371
0.302478
0.212546
0.185427
0.149501
0.118674
0.137680
0.121455
0.147647
0.133971
0.095032
0.092018
0.086456
0.053310
0.030132
0.042648
0.116819
0.231784
0.423470
0.591050
0.612374
0.848099
0.886807
0.951938
0.895846
0.897469
0.895383
0.975348
0.875449
0.956342
0.907899
0.868264
0.948925
0.750749
0.780186
0.581778
0.513866
0.402146
0.327975
0.377113
0.403536
0.453602
0.542607
0.625354
0.704624
0.751213
0.885648
0.849489
0.760484
0.701147
0.582474
0.698598
0.693267
0.842999
1.014288
1.178391
1.254648
1.290806
1.089618
1.072697
1.013129
1.095412
0.781808
0.832105
0.965150
0.892601
1.022400
1.492922
1.707786
1.570802
1.552491
1.519346
1.183027
0.911144
0.972103
0.647605
0.676346
0.640420
0.605652
0.279995
0.224135
0.383139
0.461482
0.625586
0.704392
0.870350
1.044420
1.137365
1.153358
1.032831
1.032831
1.071075
1.012202
1.308654
1.409480
1.253721
1.063658
0.737074
0.530091
0.569494
0.722703
1.026341
0.948925
0.935481
1.060413
1.197629
1.031440
0.940117
1.144087
1.081737
0.909521
0.892601
0.881475
1.013824
1.065049
1.140147
1.400209
1.398123
1.450969
1.406699
1.732355
2.013046
1.951392
1.930763
1.839903
1.826923
1.768514
1.732124
1.588881
1.464181
1.583086
1.542061
1.769673
1.981755
2.168342
2.211917
2.397808
2.739690
2.717902
2.020927
1.902253
1.896227
1.921955
1.810930
1.871426
1.650536
1.406235
1.655403
1.529544
1.759938
1.503353
1.523518
1.485969
1.385838
1.036539
1.008957
0.904190
0.766974
0.631380
0.645287
0.626281
0.676346
0.852734
0.564395
0.427410
0.282777
0.261916
0.188209
0.129567
0.181255
0.226221
0.359034
0.487442
0.728730
0.889820
1.127167
1.479711
1.662820
1.608583
1.500571
1.418288
1.313985
1.072697
1.022169
1.054387
1.043724
0.968858
0.834655
0.939422
0.916243
1.025877
0.787139
0.657340
0.725485
0.802669
0.725716
0.834423
1.041638
0.936640
0.940117
1.045810
1.083360
0.972798
1.137597
1.135047
1.239119
1.446334
1.515869
1.353620
1.362196
1.086141
0.785980
0.705783
0.681909
0.644592
0.575520
0.479793
0.522442
0.627904
0.625354
0.466118
0.389629
0.398437
0.186818
0.171984
0.116356
0.133276
0.143938
0.106389
0.033145
0.027351
0.148110
0.371318
0.627208
0.848099
1.205973
1.196007
1.511697
1.453983
1.185113
1.238423
0.968858
1.250244
0.897700
0.688631
0.657108
0.431119
0.234334
0.076489
0.090859
0.150660
0.256817
0.348372
0.359034
0.335855
0.276287
0.197712
0.159236
0.222281
0.278836
0.407477
0.575288
0.736379
0.865251
1.067598
1.144782
1.084055
1.224284
1.261138
1.251171
0.782967
0.638566
0.538203
0.555355
0.516184
0.456847
0.377808
0.289035
0.292975
0.348835
0.207679
0.178706
0.148342
0.143474
0.233870
0.329365
0.393106
0.393106
0.399596
0.376186
0.214400
0.185427
0.229466
0.065595
0.076721
0.100594
0.124468
0.148574
0.165494
0.180096
0.183805
0.190527
0.148110
0.147647
0.158540
0.186818
0.184964
0.169666
0.179633
0.197480
0.305028
0.361815
0.509694
0.683300
0.752140
0.798728
0.682836
0.944521
0.888661
0.928991
0.999222
0.982070
1.224980
1.225443
1.379812
1.220112
1.269482
1.183490
1.490141
1.637324
1.728415
1.666297
1.689012
1.689012
1.711031
1.599775
1.301932
1.014983
0.947998
1.002003
0.824457
1.054618
1.088459
0.945911
1.154749
1.395341
1.444711
1.324879
1.236337
1.148954
1.336700
1.289184
1.285939
1.226834
1.458155
1.593285
1.640569
1.691793
1.892982
2.072615
2.203109
2.212149
1.972947
2.040628
2.182017
1.833877
1.556663
1.618086
1.465340
1.002930
0.999917
1.096339
1.316766
1.222662
1.124154
1.258357
1.204583
1.499180
1.650767
1.718680
1.441234
1.921723
1.646595
1.593285
1.597689
1.506598
1.454678
1.464645
1.786129
1.650536
1.863777
1.670005
1.607424
1.364746
1.412957
1.262065
0.954488
0.885416
1.027268
0.994586
0.756544
0.660585
0.836509
0.779954
0.764193
0.858529
0.867105
0.916011
0.722471
0.615387
0.426947
0.287644
0.150892
0.100826
0.207679
0.322412
0.378040
0.432509
0.590818
0.682605
0.629294
0.506449
0.416980
0.484893
0.558832
0.610520
0.608897
0.652936
0.489528
0.442013
0.434827
0.431119
0.434364
0.415821
0.396119
0.412344
0.509925
0.371318
0.333306
0.306419
0.233407
0.181719
0.171752
0.157845
0.196321
0.237579
0.185891
0.140229
0.198871
0.295757
0.378504
0.408636
0.398437
0.508071
0.509230
0.446416
0.498568
0.352776
0.248936
0.207910
0.213937
0.378735
0.662671
1.014520
1.456300
1.686462
1.739541
1.418751
1.114882
1.104915
0.919025
0.697902
0.605652
0.372014
0.375722
0.435523
0.525918
0.584560
0.668929
0.688167
0.788994
0.730584
0.713432
0.702770
0.555123
0.575288
0.692340
0.664757
0.757703
0.922038
0.799192
0.798265
1.005712
1.159153
1.048592
1.009420
1.089618
1.022400
0.997368
1.013824
0.683995
0.182646
0.283472
0.329597
0.372709
0.481416
0.556746
0.645287
0.722471
0.839523
0.944289
0.888197
0.916707
1.055314
1.104220
0.971640
0.681214
0.609824
0.521515
0.610751
0.533336
0.475853
0.514097
0.681446
0.775087
1.013361
0.727339
0.709723
0.597076
0.431582
0.410490
0.368537
0.289499
0.260294
0.268870
0.279995
0.345359
0.413271
0.514561
0.636248
0.685386
0.696512
0.493469
0.390093
0.325889
0.211155
0.155991
0.192381
0.187050
0.143474
0.168275
0.257976
0.331683
0.460787
0.520587
0.697671
1.120213
1.385838
1.543683
1.903876
2.349365
2.584163
2.217016
2.005165
1.076638
1.026341
0.962600
0.919256
1.018924
1.093558
0.874522
0.656877
0.592904
0.697207
0.652704
0.605652
0.484429
0.454992
0.426483
0.386384
0.490455
0.658267
0.819126
0.854588
0.931077
1.064121
1.117432
1.266933
1.184649
1.238191
1.062035
0.963064
1.105611
1.033526
1.013129
1.183027
1.090081
