0.676121
0.804406
0.955111
0.771282
0.673348
1.288830
1.390461
1.356132
1.260004
1.319891
1.302501
0.819711
0.440530
0.222844
0.127684
0.128264
0.159260
0.307085
0.409490
0.450203
0.444678
0.342123
0.358309
0.309514
0.285181
0.325400
0.381546
0.450482
0.477652
0.376516
0.230432
0.200016
0.193395
0.230153
0.279378
0.459059
0.504629
0.494763
0.422581
0.583110
0.724980
0.757116
0.720982
0.739748
0.649423
0.666362
0.836134
0.790477
0.746239
0.730548
0.851524
0.899545
0.860381
0.751699
0.702840
0.564645
0.419400
0.359234
0.319832
0.457404
0.901437
0.971663
1.387086
3.988605
4.004039
3.470434
1.138253
0.837617
0.958314
1.176387
1.173592
1.263723
1.356863
1.430335
1.468382
1.099991
0.769648
1.049606
1.066544
1.181309
0.894107
0.774463
0.687234
0.800064
0.705376
0.675992
0.560625
0.622081
0.760039
0.967858
0.920074
0.878028
0.685106
0.524212
0.382664
0.387801
0.605250
0.784802
0.675089
0.626466
0.699594
0.739081
0.591708
0.344681
0.214826
0.381503
0.566945
0.551124
0.481565
0.637386
1.209189
1.409570
1.327113
1.233737
1.415567
1.546067
1.475411
1.217486
0.929467
1.021210
1.368557
1.694171
1.645742
1.400736
1.214649
1.224859
1.459547
2.183259
2.097750
1.713044
1.100701
0.738178
0.741790
0.714318
1.256737
1.293064
1.291861
0.978069
1.253448
1.734389
1.757454
1.175935
0.661998
0.541430
0.417465
0.314996
0.229078
0.218008
0.384104
0.638375
0.815605
0.930778
1.127162
1.279995
1.552344
1.562489
1.454001
1.057989
0.836907
0.838713
0.998081
0.981895
0.633775
0.506070
0.408652
0.430018
0.580014
0.578230
0.576038
0.437477
0.390488
0.458521
0.632764
0.644587
0.716274
1.160265
1.439599
1.428121
1.101131
0.816272
0.840325
0.666168
0.812252
0.744756
0.831598
1.053196
1.068242
1.049778
1.014203
1.348243
1.371416
1.149474
0.581884
0.623672
0.628358
0.700002
0.652863
0.581798
0.408286
0.419808
0.790864
0.960399
0.863046
0.803611
0.780482
1.173850
1.679060
1.741977
1.454947
1.130795
0.936475
0.985979
0.888454
1.037052
1.120842
0.963172
0.913260
1.094875
0.987226
0.747250
0.603143
0.557121
0.615568
0.767993
0.843464
1.143498
1.628094
1.787999
1.641894
1.150613
0.883295
0.746325
0.724249
0.804664
0.780568
0.712663
0.802708
1.063213
1.319375
1.404153
1.360539
1.266066
1.029808
0.792799
0.454050
0.398785
0.561206
0.607163
0.707160
0.668877
1.076626
0.980132
1.053862
1.080796
1.251385
1.158524
0.777601
0.454265
0.266652
0.215536
0.430298
1.379906
1.416771
1.786881
1.633468
1.679877
1.289066
0.782481
0.749399
0.659096
0.504479
0.368455
0.345605
0.275078
0.222629
0.178456
0.225080
0.419185
0.471333
0.618298
0.503232
0.383910
0.282494
0.562280
0.792992
0.817540
0.672596
0.618921
0.454674
0.682333
1.189972
1.465975
1.502323
1.200634
1.204503
1.295837
1.324534
1.300351
1.393878
1.292505
1.434698
1.399467
1.310239
1.270451
1.438482
1.577730
1.468361
0.976671
0.662235
0.868269
0.801762
0.700690
0.535518
0.793723
0.903092
0.716103
0.625413
0.541537
0.563936
0.412048
0.454695
0.400720
0.683838
0.766402
0.865110
0.804471
0.612408
0.671413
0.621028
0.696133
0.941397
1.289883
1.427583
1.855452
1.537791
1.346051
0.929661
0.853416
0.703162
0.677840
0.710213
0.628745
0.490786
0.459381
0.466281
0.529177
0.615310
0.738200
0.652519
0.484316
0.393325
0.457382
0.610925
0.731902
0.745788
0.824311
0.738952
0.704430
0.623048
0.539474
0.412736
0.315662
0.315598
0.320305
0.435306
0.434919
0.596200
0.655528
0.567633
0.539968
0.612859
0.600951
0.618491
0.520923
0.483628
0.474514
0.433264
0.381223
0.846086
1.301319
1.414235
1.520982
2.331729
2.310491
1.953257
0.866055
0.753935
0.573501
0.373292
0.522686
0.679238
0.608302
0.454824
0.465400
0.409039
0.735062
1.007582
1.086084
0.940258
0.817819
0.718317
0.893462
0.998296
1.149044
1.302759
1.081441
0.756106
0.480081
0.440229
0.393024
0.364242
0.354182
0.511100
0.543493
0.532982
0.374087
0.286450
0.302507
0.255217
0.224908
0.326130
0.333245
0.473633
0.457769
0.557659
0.467227
0.381417
0.299583
0.483005
0.569933
0.670876
0.621479
0.629733
0.414026
0.353774
0.284773
0.301840
0.469635
0.599102
0.620576
0.448547
0.368133
0.642222
0.697573
0.603272
0.602778
0.929833
1.000639
0.847419
0.668253
0.730225
0.772077
0.919794
0.710428
0.631109
0.462992
0.698670
0.785920
0.695703
0.578015
0.439519
0.384749
0.292017
0.250810
0.270822
0.409576
0.568966
0.477008
0.248381
0.028525
0.052213
0.157584
0.223726
0.227315
0.158831
0.145718
0.142515
0.225918
0.241653
0.247457
0.225467
0.341994
0.430319
0.408114
0.341027
0.340941
0.257345
0.143805
0.190193
0.326474
0.475288
0.621243
0.673047
0.861305
1.097283
1.085761
1.118929
1.050960
1.084687
0.925362
0.832694
1.208200
2.301141
3.769759
3.977234
3.213584
2.117053
1.401939
1.229072
1.044382
0.803396
0.784716
0.871257
1.028347
0.995093
1.076776
1.337281
1.156052
1.072133
1.258843
1.501163
1.248805
0.837660
1.179310
1.727618
1.804056
1.652061
1.440803
1.398027
0.971642
0.474815
0.377182
0.419894
0.392982
0.302571
0.535819
1.000123
1.097713
0.959862
0.732783
1.107988
1.271827
1.370577
1.034065
0.802386
0.900491
1.098637
1.410752
1.799327
1.873057
1.623322
1.240400
1.027594
0.935722
0.645726
0.583196
0.603788
0.848214
0.982518
0.881274
0.669156
0.663825
0.746605
1.068307
0.960356
0.938495
0.765177
0.759072
0.679281
0.629733
0.557207
0.555531
0.635946
0.600800
0.543773
0.514195
0.489303
0.599360
0.659139
0.559357
0.388811
0.287116
0.288341
0.398807
0.786199
1.928516
2.001450
1.652255
0.916162
1.215831
1.197861
1.196162
0.973211
0.711073
0.954531
1.430571
2.081564
1.946228
1.639895
1.168433
1.252051
1.536222
1.641873
1.252524
1.211446
1.268882
1.342547
1.119402
1.764591
2.750312
2.822150
2.413326
1.595507
1.462664
1.201665
1.396200
1.411096
1.331584
1.143563
0.930478
0.876223
0.705333
0.745207
0.997135
0.985592
0.952188
0.945202
1.148829
1.347985
1.130752
0.949759
0.753870
0.769583
0.874331
0.827621
0.966332
1.230964
1.192508
0.972415
0.703377
0.561485
0.569331
0.570298
0.676271
0.643641
0.734073
0.880672
1.290055
1.382830
1.143477
0.825558
0.746906
0.654002
0.693962
0.672510
0.819818
0.710062
0.630314
0.615181
0.622876
0.520343
0.415358
0.339673
0.435693
0.542247
0.803073
1.125722
1.126216
0.782674
0.400075
0.464089
0.615740
0.679625
0.891313
0.837767
0.782158
0.597512
0.541602
0.682956
0.780052
1.046575
1.063299
0.949802
0.693618
0.294295
0.331870
0.378365
0.440465
0.637450
0.605207
0.631260
0.539818
0.510842
0.398183
0.271338
0.301733
0.520966
0.671736
0.768208
0.909089
1.246376
1.523411
1.420511
1.006636
0.863540
0.764532
0.624467
0.445388
0.391584
0.445130
0.549641
0.688760
0.828718
0.978542
0.868785
0.595233
0.538528
0.565376
1.112158
1.216390
1.190638
0.724292
0.626445
0.614579
0.667050
0.701915
0.910723
0.901674
0.799656
0.711696
0.795593
0.910917
0.987677
0.841593
0.719155
0.416756
0.380837
0.498525
0.865110
0.955412
0.911218
0.629304
0.405943
0.472880
0.920848
1.029787
1.321976
1.446650
1.604879
1.983329
1.886771
1.794942
1.363613
0.801203
0.704237
0.692436
1.082859
1.034494
0.941483
0.623306
0.540011
0.508885
0.534315
0.470193
0.546180
0.740586
0.731945
0.851589
1.178945
1.249858
1.394846
1.610145
1.583770
1.344202
0.916656
0.795056
0.774226
0.903995
0.818701
0.997071
1.078861
0.997995
0.675927
0.308311
0.268587
0.343972
0.444420
0.844108
1.326769
1.534782
1.503699
1.263229
1.307617
1.044468
0.851331
0.788134
0.834715
1.005304
1.086320
0.966246
0.742198
0.703184
0.926350
0.872827
0.767498
0.643104
0.595212
0.897245
0.986968
0.996469
1.036966
0.909627
0.713996
0.555767
0.486036
0.462778
0.563785
0.667802
0.755353
0.723690
0.607378
1.054614
1.597914
1.637466
1.393878
1.219055
1.129655
1.236596
1.369932
1.347814
1.140897
0.698863
0.516796
0.342016
0.418948
0.497880
0.704129
0.640395
0.577478
0.422688
0.426923
0.436403
0.571781
0.732052
0.827772
0.803890
0.661181
0.539646
0.350786
0.304570
0.266846
0.276175
0.291200
0.352011
0.576919
0.691619
0.874869
0.904554
0.967299
0.922266
0.860660
0.894473
0.758255
0.645124
0.519956
0.438703
0.421205
0.252551
0.206142
0.200209
0.325120
0.717134
1.039847
0.923792
0.700690
0.679668
0.734567
0.768487
0.716468
0.597641
0.598393
0.718832
0.647424
0.629067
0.532703
0.450568
0.386296
0.511809
0.609098
0.595727
0.553962
0.548588
0.609721
0.525437
0.606346
0.540312
0.570470
0.641062
0.668619
0.570148
0.425440
0.483392
0.572491
0.725045
0.659376
0.580874
0.591751
0.642222
0.707633
0.616729
0.659354
0.696219
0.633839
0.513507
0.403643
0.467012
0.642760
0.684762
0.565999
0.371228
0.211774
0.171448
0.232754
0.315619
0.524728
0.926995
1.351059
1.355165
1.159642
1.024864
0.903565
0.807953
0.810317
0.665266
0.644372
0.531929
0.670381
0.702517
0.733879
0.499427
0.536744
0.434790
0.401150
0.286084
0.204079
0.321659
0.412156
0.503318
0.637235
0.825192
1.250095
1.426165
1.374253
1.016567
0.673090
0.531004
0.588269
0.526404
0.566773
0.839444
0.972888
0.940344
0.687384
0.606067
0.809329
1.518725
2.400300
2.951188
2.530068
2.023160
1.331197
0.970588
0.703334
0.538893
0.453212
0.459059
0.616471
0.660773
0.697122
0.656452
0.524857
0.333116
0.405986
0.374560
0.326431
0.268673
0.218932
0.319230
0.374366
0.543300
0.605336
0.536722
0.557788
0.544396
0.470860
0.434167
0.349217
0.420474
0.516473
0.569718
0.887293
0.786629
0.832888
0.514281
0.906123
1.039374
1.105322
1.140145
1.199258
1.257790
1.222752
1.232941
1.231286
1.046919
0.801440
0.753505
0.517484
0.415939
0.275551
0.222479
0.184969
0.156488
0.190622
0.634119
0.773066
0.728183
0.426687
0.449257
0.518580
0.542333
0.602520
0.630550
0.672101
0.679066
0.720101
0.689147
0.621694
0.743165
0.905414
0.930993
0.644049
0.381782
0.330945
0.369336
0.541064
0.865088
0.919214
0.799849
0.502372
0.404804
0.303001
0.140473
0.128952
0.277314
0.536421
1.143348
1.350543
1.464964
1.151172
1.024327
1.120240
1.059085
0.971813
0.638654
0.487755
0.430362
0.291673
0.326797
0.383223
0.488658
0.681796
1.208909
1.539253
1.373587
0.903157
0.571480
0.539775
0.609657
0.900018
1.040234
1.011236
0.709503
0.717994
0.722573
0.683279
0.523782
0.447559
0.429008
0.466410
0.543945
0.715780
0.627756
0.664578
0.700389
0.702775
0.553725
0.437735
0.459940
0.384964
0.378644
0.499943
0.657656
0.722917
0.616514
0.458736
0.369315
0.385673
0.508928
0.516796
0.363060
0.363490
0.410952
0.725604
1.126108
1.270193
1.066867
0.797141
0.743552
0.707225
0.500782
0.409254
0.273337
0.244490
0.236472
0.343585
0.303087
0.374775
0.442142
0.631066
1.689442
2.026019
1.831915
1.105172
0.418346
0.325743
0.264266
0.231894
0.215987
0.250337
0.300895
0.464132
0.538377
0.446957
0.336233
0.300400
0.367789
0.488207
0.642652
0.777988
0.730676
0.593148
0.388403
0.421205
1.324663
1.615025
1.555288
0.865153
0.639062
0.634119
0.707031
0.971513
1.043996
1.004100
0.739404
1.229610
2.358040
2.540709
2.180895
1.727898
1.834451
1.875185
1.847563
1.645376
1.573495
1.571152
1.270816
0.958594
0.731773
1.388397
1.493811
1.357035
1.065212
0.923212
0.847247
0.684354
0.800623
0.879985
0.867066
0.538055
0.398678
0.308289
0.803912
1.201622
1.503957
1.393040
1.132794
0.919816
0.813090
0.796711
0.812274
0.816680
1.077378
1.236338
1.089845
0.967557
0.723067
0.582637
0.545664
0.517742
0.661310
0.484510
0.419679
0.410371
0.498245
0.379547
0.289051
0.223812
0.222135
0.289416
0.451514
0.747314
0.751119
0.576274
0.329892
0.546589
0.991869
1.568379
2.074363
1.675728
1.028347
0.496698
0.444893
0.445044
0.542010
0.711223
0.687535
0.630228
0.647510
1.116564
1.749114
1.885589
1.542821
1.015277
0.942042
0.820678
0.648155
0.394873
0.225381
0.276476
0.452395
0.670876
0.684096
0.715286
0.717865
0.682999
0.567353
0.451191
0.555445
0.658860
0.548738
0.420625
0.456479
0.380751
0.282602
0.468689
1.054507
1.188553
1.174860
0.868484
0.753870
0.652003
0.481887
0.331848
0.333417
0.365145
0.422710
0.324411
0.256098
0.252809
0.309450
0.306763
0.349947
0.411403
0.574210
1.494306
1.531923
1.444479
0.728656
0.409856
0.379504
0.484252
0.605938
0.603745
0.548416
0.575049
0.530682
0.592675
0.582013
0.592224
0.383309
0.400849
0.391821
0.395346
0.320370
0.271059
0.263600
0.238815
0.174135
0.153650
0.332472
0.502329
0.556584
1.011795
1.218647
1.478592
1.592906
1.475798
1.509911
1.499465
1.330123
1.403336
1.582781
1.868221
1.660036
1.142402
0.760663
0.642824
0.822656
1.190230
1.227503
1.268430
1.292119
1.611972
1.578009
1.137695
0.668791
0.591020
0.484037
0.487691
0.391025
0.407770
0.554327
0.631410
0.671048
1.002875
0.973899
0.960077
0.869710
0.798172
0.826676
0.677325
0.572147
0.457640
0.392702
0.423935
0.662858
0.831319
0.990601
1.005175
0.856898
0.501749
0.224027
0.179595
0.204315
0.253067
0.392573
0.364844
0.368283
0.299583
0.282086
0.261450
0.208786
0.201800
0.196792
0.363124
0.582551
0.780568
0.813219
0.619953
0.389005
0.250660
0.309256
0.451901
0.359814
0.224113
0.214826
0.215579
0.417787
0.387242
0.448526
0.502867
0.544289
0.450933
0.395604
0.346379
0.364758
0.526985
0.641126
0.551533
0.332987
0.119236
0.064315
0.069775
0.094580
0.107499
0.338039
0.457275
0.546051
0.498546
0.530983
0.705570
0.683150
0.739576
0.659268
0.615482
0.516108
0.458715
0.524943
0.590977
0.536916
0.454330
0.465099
0.597232
0.858016
0.944235
1.178816
1.146744
0.947695
0.643856
0.528274
0.755482
0.932025
0.907413
0.728978
0.534250
0.408738
0.284966
0.266588
0.333116
0.468280
0.519461
0.631045
0.566236
0.542010
0.575135
0.713093
0.745487
0.707719
0.590332
0.545428
0.580294
0.686912
0.534121
0.569223
0.742284
0.853352
0.860402
0.651014
0.531821
0.736158
0.748303
0.831749
0.696219
0.654066
0.582336
0.396313
0.257237
0.245329
0.366005
0.364607
0.327872
0.258699
0.215729
0.397431
0.410909
0.329161
0.266652
0.413854
0.556799
0.571588
0.493108
0.469054
0.688352
0.619330
0.565827
0.384641
0.489625
0.533154
0.455512
0.294166
0.197265
0.315856
0.320284
0.294897
0.280861
0.240750
0.278045
0.305925
0.331870
0.278840
0.160185
0.113625
0.140172
0.224714
0.248467
0.207174
0.166870
0.119408
0.138754
0.222780
0.363490
0.360523
0.312631
0.220286
0.140753
0.202982
0.242126
0.269963
0.220243
0.250660
0.241158
0.188107
0.168375
0.183679
0.293651
0.408824
0.472751
0.548050
0.547706
0.724658
0.702775
0.622017
0.384276
0.423634
0.412886
0.434382
0.398785
0.367574
0.313598
0.252465
0.392186
0.447516
0.426837
0.374302
0.370798
0.313469
0.273746
0.350829
0.511228
0.644157
0.638203
0.518236
0.459704
0.480877
0.522234
0.466690
0.371572
0.385544
0.367359
0.431287
0.402869
0.464304
0.390445
0.274864
0.136626
0.146987
0.200983
0.199780
0.218997
0.188322
0.235656
0.210097
0.210484
0.272349
0.271424
0.242943
0.249176
0.337394
0.506908
0.632915
0.534659
0.422215
0.577521
0.726850
0.667566
0.627498
0.480834
0.482682
0.408652
0.302872
0.266932
0.217341
0.320047
0.429008
0.508821
0.424580
0.469312
0.473052
0.519139
0.474987
0.343477
0.336835
0.303023
0.379289
0.392401
0.318199
0.342961
0.486982
0.508305
0.524749
0.401214
0.296961
0.226370
0.185614
0.192321
0.311492
0.340575
0.280710
0.172846
0.127576
0.158444
0.223403
0.267620
0.329871
0.286708
0.326689
0.341199
0.351861
0.291652
0.302249
0.203670
0.184453
0.127533
0.163409
0.212440
0.295542
0.279915
0.327442
0.444958
0.514711
0.448891
0.321272
0.217986
0.302851
0.340425
0.306720
0.191805
0.191246
0.169019
0.185184
0.207367
0.295370
0.297262
0.277894
0.208335
0.198404
0.262439
0.326754
0.305366
0.314974
0.425698
0.366005
0.312395
0.181057
0.075191
0.105027
0.182024
0.244942
0.225295
0.183357
0.141204
0.128608
0.164140
0.247263
0.325700
0.307580
0.249950
0.203864
0.208485
0.139807
0.178177
0.225596
0.286557
0.285633
0.236000
0.269017
0.260891
0.191482
0.192751
0.317747
0.422344
0.491560
0.373507
0.336921
0.234516
0.204208
0.137077
0.090195
0.070204
0.060402
0.044087
0.013972
0.009114
0.042110
0.114743
0.116785
0.198167
0.176521
0.174866
0.128135
0.130177
0.104146
0.159540
0.268802
0.372754
0.368068
0.245415
0.252121
0.283655
0.263621
0.199436
0.328065
0.331676
0.297713
0.184088
0.112357
0.100449
0.087852
0.056017
0.037381
0.024354
0.041486
0.111089
0.170567
0.181100
0.117258
0.056619
0.090281
0.199737
0.476513
0.577972
0.589386
0.417594
0.367488
0.322691
0.348271
0.384340
0.315770
0.278346
0.424644
0.508155
0.565956
0.518666
0.472257
0.500180
0.507252
0.456264
0.375377
0.207862
0.165795
0.320585
0.382255
0.329097
0.212956
0.098256
0.109068
0.079469
0.090152
0.079018
0.087551
0.111024
0.158895
0.220845
0.235441
0.182347
0.199909
0.203584
0.231120
0.208442
0.183013
0.153070
0.081920
0.080135
0.116248
0.144128
0.132456
0.107456
0.097138
0.116570
0.220996
0.207926
0.194578
0.109348
0.065475
0.054126
0.066077
0.093248
0.082607
0.058403
0.017583
0.040842
0.075234
0.092861
0.086799
0.049526
0.050429
0.058769
0.063734
0.121901
0.172588
0.221060
0.230540
0.158315
0.104017
0.051374
0.062745
0.052600
0.066292
0.110702
0.141355
0.196018
0.160701
0.116549
0.062402
0.045313
0.048816
0.060166
0.095419
0.093893
0.069603
0.049289
0.061735
0.083489
0.106682
0.133315
0.103909
0.093248
0.069989
0.076632
0.075406
0.116205
0.152618
0.146621
0.070032
0.064487
0.069538
0.069904
0.067539
0.091055
0.068979
0.062702
0.028933
0.013542
0.008942
0.008942
0.059435
0.100169
0.104769
0.081017
0.047591
0.039251
0.068313
0.113303
0.180047
0.162721
0.137657
0.096279
0.040928
0.024225
0.018379
0.029728
0.045893
0.033318
0.025580
0.021990
0.009673
0.013542
0.029470
0.053481
0.094408
0.140667
0.199242
0.170868
0.172373
0.102168
0.096472
0.050901
