0.613611
0.639271
0.852115
1.006071
1.303832
1.574456
1.260081
1.146183
0.941831
0.982073
0.865221
0.916356
1.258420
1.113693
1.072343
1.673955
1.827912
1.907844
1.747795
2.275014
2.330578
2.326148
2.445215
2.167207
2.527916
2.528654
2.369529
2.179022
2.070107
2.136194
1.736904
1.869447
1.746503
1.452804
1.404993
1.116462
0.968413
0.717910
0.578537
0.479222
0.397444
0.364401
0.410366
0.443779
0.597920
0.866883
0.814641
0.823502
0.992411
1.082681
1.408869
1.422714
1.668233
1.228884
1.412007
1.455758
1.222238
1.118678
1.067913
1.001272
1.193256
1.167781
1.388748
1.116462
1.304016
1.155044
1.037269
1.209316
1.395024
1.136215
1.332814
1.415699
1.503385
1.530336
1.200086
1.304570
1.417545
1.486032
1.527567
1.498400
1.548242
1.384687
1.170181
1.426591
1.276326
1.163535
1.247898
1.494708
1.515937
1.262112
1.207470
1.100033
1.134184
1.208763
1.193995
1.326907
1.411269
1.457973
1.580917
1.460373
1.270788
1.407023
1.495816
1.384502
1.166489
1.167043
1.191226
1.028962
0.851376
0.846208
0.720679
0.698158
0.940723
0.860791
0.809657
0.750954
0.584629
0.717910
0.754461
0.710157
0.694651
0.816856
0.817779
0.893834
0.893465
0.991303
1.392255
1.517230
1.721213
1.549165
1.318600
1.208578
1.254913
1.480494
1.347582
1.216885
1.169073
1.077512
1.029146
1.421976
1.367334
1.290910
1.618944
2.101489
2.058662
1.974115
2.116811
1.908951
2.072323
1.814251
1.543443
1.399639
1.128831
1.291833
1.544920
1.366965
1.183842
1.098925
0.990380
1.022501
0.986135
1.110371
1.181073
0.976351
0.975797
1.130677
1.174242
1.423083
1.544550
1.138245
1.205994
1.190856
1.205809
1.193441
1.305862
0.873528
0.988350
1.410900
1.518706
1.674878
1.629282
1.759425
1.555626
1.603253
1.420868
1.330045
1.341675
1.273188
1.080650
1.095603
1.077881
0.968413
1.056652
1.033946
1.110555
0.940908
0.895496
1.099110
1.045022
0.994072
0.994626
0.817779
0.781782
0.629856
0.509866
0.530172
0.560262
0.802273
0.977089
1.127169
1.630205
1.623929
1.860217
1.822558
1.901014
1.647927
1.609530
1.552488
1.296448
1.677278
1.754626
1.270604
1.211162
1.305493
1.127723
1.017517
0.929647
0.912848
0.883866
0.825532
0.806149
0.719756
0.484206
0.451901
0.404459
0.344464
0.353694
0.633733
0.771814
0.738401
0.808734
0.973582
0.922448
0.966198
0.958814
1.007548
1.050929
0.886450
0.778459
0.866329
0.552139
0.645547
0.495652
0.394491
0.281700
0.256594
0.306067
0.294991
0.318435
0.337080
0.402982
0.441933
0.488268
0.574476
0.534602
0.554908
0.663269
0.511712
0.557677
0.523157
0.355725
0.278746
0.289453
0.135497
0.110022
0.074025
0.011445
0.047811
0.210629
0.547524
0.819441
1.302170
1.358658
1.442097
1.386348
1.246790
1.030808
0.908418
0.812057
0.927986
0.799873
0.826640
0.817225
1.041330
1.030623
1.118124
1.134922
1.252328
1.395209
1.125692
1.146552
1.295709
1.279280
1.145998
1.223715
1.153567
1.173873
1.042069
0.845469
0.670468
0.453932
0.278193
0.126267
0.387476
0.670837
0.674345
0.870206
0.857099
1.004225
0.960475
0.867806
0.982812
1.241068
1.254728
1.213193
1.231838
1.206917
1.272080
1.273188
1.168150
1.050745
0.885897
0.857099
1.077327
1.111663
1.063113
1.150244
1.303462
1.410346
1.361427
1.345921
1.066805
1.125692
1.111663
0.979304
0.889404
0.992042
1.035977
0.993888
1.145814
1.314169
1.390778
1.375457
1.337060
1.434159
1.355335
1.212824
1.033577
1.028223
0.851192
0.881651
0.988904
1.121262
1.747980
1.457050
1.859663
1.740781
2.050540
1.656787
1.656972
1.762933
1.703676
1.632605
1.620237
1.537905
1.703860
1.655126
1.950856
2.096690
2.066046
1.840834
1.851171
1.776778
1.647742
1.425114
1.230361
0.872236
0.726771
0.727510
0.666038
0.700743
0.939062
1.241806
1.472372
1.507446
1.666756
1.846741
1.937749
2.157054
1.914120
1.953625
1.733027
1.697769
1.190303
1.065513
1.019732
0.819441
0.668068
0.584814
0.632256
0.669545
0.897526
1.316384
1.303093
1.445235
1.394286
1.331153
1.218362
0.968228
0.871867
0.592751
0.406859
0.324896
0.273762
0.253641
0.251241
0.362186
0.427534
0.484022
0.492883
0.698712
0.844362
1.311769
1.429729
1.813882
1.794684
1.687985
1.845633
1.423453
1.241068
0.888481
0.637056
0.486053
0.528511
0.543094
0.393568
0.408520
0.332650
0.287792
0.261209
0.345941
0.427350
0.618780
0.623210
0.569307
0.779198
0.997395
0.863929
0.801165
0.808918
0.635763
0.510235
0.545309
0.569492
0.648316
0.641855
0.692066
0.761476
0.922632
1.016963
0.988719
0.991488
0.876482
0.857468
0.866883
0.637425
0.824056
0.798212
0.753354
0.693543
0.824056
0.836608
0.735817
0.523342
0.528326
0.529618
0.594044
0.546232
0.587029
0.660869
1.016963
1.170366
1.251590
1.213193
1.143045
1.252513
1.051114
0.927247
1.218362
1.156336
1.327830
1.329307
1.451512
1.427145
1.655126
1.622821
1.471264
1.479940
1.359027
1.101141
0.922448
0.861714
0.814087
0.843069
0.653670
0.641117
0.799319
1.047237
0.932416
1.137691
1.222608
1.398347
1.431206
1.149875
1.143783
1.017886
0.738032
0.534602
0.628564
1.206363
1.195841
1.230915
1.170550
1.314908
1.483079
1.564118
1.550273
1.256943
1.312692
1.226853
1.111294
1.208578
1.080281
1.100587
1.003672
0.953276
0.882758
0.639640
0.547155
0.535895
0.620811
0.654777
0.575399
0.619888
0.557308
0.534418
0.375108
0.248103
0.142142
0.198445
0.326558
0.410551
0.577614
0.587952
0.622841
0.657546
0.699081
0.751692
0.625057
0.500636
0.421996
0.308836
0.388214
0.847315
0.670468
0.478484
0.858207
0.843992
1.041330
0.866883
0.669176
0.695205
0.529803
0.560446
0.524265
0.945523
0.954014
1.026377
1.089142
1.147660
1.025270
0.823502
0.657915
0.685421
0.697051
0.708311
0.993334
1.166674
1.078619
1.425114
1.359027
1.173319
1.205071
1.027485
0.748369
0.000185
0.000185
0.000185
0.000185
0.000185
0.000185
0.000185
0.000185
0.000185
0.000185
0.000185
0.000185
0.000185
0.000185
0.000185
0.000185
0.000185
0.000185
0.000185
0.000185
0.000185
0.000185
0.000185
0.000185
0.000185
0.000185
0.000185
0.000185
0.000185
0.000185
0.000185
0.000185
0.000185
0.000185
0.000185
0.000185
0.000185
0.000185
0.000185
0.000185
0.000185
0.000185
0.000185
0.000185
0.000185
0.000185
0.000185
0.000185
0.000185
0.000185
0.000185
0.000185
0.000185
0.000185
0.000185
0.000185
0.000185
0.000185
0.000185
0.000185
0.000185
0.000185
0.000185
0.000185
0.000185
0.000185
0.000185
0.000185
0.000185
0.000185
0.000185
0.000185
0.000185
0.000185
0.000185
0.000185
0.000185
0.000185
0.000185
0.000185
0.000185
0.000185
0.000185
0.000185
0.000185
0.000185
0.000185
0.000185
0.000185
0.000185
0.000185
0.000185
0.000185
0.000185
0.000185
0.000185
0.000185
0.000185
0.000185
0.000185
0.000185
0.000185
0.000185
0.000185
0.000185
0.000185
0.000185
0.000185
0.000185
0.000185
0.000185
0.000185
0.000185
0.000185
0.000185
0.000185
0.000185
0.000185
0.000185
0.000185
0.000185
0.000185
0.000185
0.000185
0.000185
0.000185
0.000185
0.000185
0.000185
0.000185
0.000185
0.000185
0.000185
0.000185
0.000185
0.000185
0.000185
0.000185
0.000185
0.000185
0.000185
0.000185
0.000185
0.000185
0.000185
0.000185
0.000185
0.000185
0.000185
0.000185
0.000185
0.000185
0.000185
0.000185
0.000185
0.000185
0.000185
0.000185
0.000185
0.000185
0.000185
0.000185
0.000185
0.000185
0.000185
0.000185
0.000185
0.000185
0.000185
0.000185
0.000185
0.000185
0.000185
0.000185
0.000185
0.000185
0.000185
0.000185
0.000185
0.000185
0.000185
0.000185
0.000185
0.000185
0.000185
0.000185
0.000185
0.000185
0.000185
0.000185
0.000185
0.000185
0.000185
0.000185
0.000185
0.000185
0.000185
0.000185
0.000185
0.000185
0.000185
0.000185
0.000185
0.000185
0.000185
0.000185
0.000185
0.000185
0.000185
0.000185
0.000185
0.000185
0.000185
0.000185
0.000185
0.000185
0.000185
0.000185
0.000185
0.000185
0.000185
0.000185
0.000185
0.000185
0.000185
0.000185
0.000185
0.000185
0.000185
0.425504
0.565431
0.678221
0.949953
1.119231
1.038561
1.415146
1.238852
1.084157
1.203409
1.093203
1.118308
1.368626
1.452250
1.462588
1.364750
1.251590
1.215039
1.568918
1.664910
1.434159
1.232945
1.369180
1.412377
1.234422
0.919309
0.800796
0.839931
0.936108
0.971367
0.949215
0.970074
0.775690
0.708680
0.573738
0.534049
0.526295
0.459285
0.454486
0.390799
0.487714
0.509866
0.494175
0.419781
0.329511
0.275054
0.236658
0.151372
0.157279
0.298314
0.363293
0.343910
0.439349
0.379907
0.447286
0.475899
0.621918
0.707942
0.723818
0.668253
0.834762
0.832732
0.914879
0.811687
0.787874
0.573738
0.454855
0.448948
0.376769
0.369570
0.353879
0.419043
0.465193
0.506359
0.560816
0.618595
0.690405
0.872790
0.912664
1.026008
0.941092
0.839193
0.869467
0.870390
0.724187
0.691882
0.645178
0.514666
0.525372
0.480884
0.467408
0.428088
0.459839
0.479591
0.448579
0.517619
0.492514
0.581122
0.467223
0.566354
0.524819
0.570784
0.539033
0.604197
0.465008
0.389507
0.343172
0.510604
0.609735
0.551401
0.694651
0.776798
0.798765
0.709973
0.826825
0.759999
0.635579
0.679329
0.680437
0.708127
0.631518
0.514296
0.562292
0.518911
0.471284
0.394122
0.402982
0.424211
0.498421
0.489745
0.503590
0.529064
0.520204
0.404275
0.338557
0.326189
0.276716
0.274685
0.225582
0.219121
0.184600
0.209891
0.180170
0.229089
0.277639
0.337634
0.467592
0.457255
0.655146
0.821287
0.711634
0.548632
0.574845
0.620257
0.553062
0.601428
0.715880
0.576322
0.468885
0.349079
0.333019
0.311790
0.298868
0.277823
0.305698
0.309205
0.305883
0.281515
0.288899
0.309575
0.324158
0.383046
0.370677
0.522234
0.570230
0.472577
0.439164
0.425134
0.401875
0.263055
0.264532
0.259363
0.167986
0.170017
0.180908
0.205460
0.163556
0.152664
0.203060
0.203429
0.206752
0.202506
0.179431
0.167986
0.192723
0.175555
0.164294
0.165771
0.180354
0.249395
0.218198
0.151926
0.144727
0.159864
0.184600
0.234812
0.223736
0.213583
0.247364
0.281700
0.262502
0.193830
0.160048
0.163371
0.108730
0.084178
0.091377
0.173893
0.180354
0.188477
0.223920
0.218936
0.220413
0.192907
0.178878
0.149157
0.121467
0.155618
0.153403
0.164663
0.197338
0.163556
0.146757
0.129589
0.074394
0.131620
0.146203
0.136235
0.125159
0.112975
0.110576
0.094515
0.117960
0.141588
0.125159
0.129036
0.182754
0.227058
0.285946
0.291484
0.268593
0.275054
0.276162
0.321204
0.405936
0.361632
0.260102
0.292591
0.244042
0.189400
0.155987
0.117590
0.106699
0.086208
0.076240
0.076978
0.073102
0.066087
0.086208
0.097654
0.146388
0.172970
0.162264
0.157095
0.144911
0.191615
0.201768
0.191246
0.226874
0.287238
0.233519
0.253272
0.281146
0.231673
0.231304
0.211367
0.212106
0.186077
0.185892
0.201214
0.183308
0.212660
0.225397
0.187923
0.198630
0.194199
0.238504
0.235550
0.176662
0.155803
0.135866
0.110206
0.050027
0.044304
0.033413
0.071810
0.080301
0.100792
0.117037
0.121098
0.106145
0.103376
0.088793
0.073840
0.075686
0.054457
0.059810
0.059810
0.075871
0.088793
0.137158
0.146203
0.144542
0.153957
0.136789
0.124051
0.109099
0.097838
0.079378
0.081963
0.083070
0.095992
0.109653
0.081409
0.074209
0.069964
0.079932
0.055380
0.080670
0.100238
0.081224
0.080855
0.067748
0.059257
0.052057
0.046519
0.024183
0.005538
0.019014
0.033413
0.049288
0.038028
0.038951
0.048550
0.054826
0.046519
0.047442
0.066456
0.069225
0.078086
0.078086
0.082147
0.075502
0.119252
0.125713
0.160602
0.151741
0.130512
0.102453
0.091931
0.089162
0.115006
0.092300
0.070702
0.071994
0.073840
0.085655
0.101899
0.090085
0.062026
0.043935
0.031936
0.028428
0.036735
0.042827
0.058887
0.067194
0.073286
0.066456
0.050580
0.027690
0.021598
0.021044
0.016614
0.018460
0.032120
0.030828
0.027690
0.045227
0.057595
0.077901
0.091931
0.135312
0.153034
0.119990
0.112422
0.095808
0.089716
0.066825
0.057226
0.054826
0.071625
0.098577
0.095808
0.103930
0.096731
0.098392
0.080855
0.068302
0.087316
0.081409
0.086024
0.076425
0.092300
0.065533
0.073286
0.079194
0.102638
0.097284
0.099500
0.116852
0.129036
0.095992
0.096546
0.077348
0.053719
0.041166
0.032674
0.021414
0.020860
0.022706
0.020306
0.032859
0.050396
0.055380
0.073471
0.080301
0.061841
0.062026
0.067010
0.085655
0.111129
0.129405
0.144173
0.133097
0.125159
0.136420
0.121652
0.115744
0.092669
0.092485
0.080855
0.084362
0.064610
0.074948
0.063318
0.034889
0.019937
0.013845
0.026952
0.027690
0.038397
0.039504
0.018460
0.018829
0.020675
0.018460
0.023075
0.029905
0.056303
0.076978
0.089531
0.091931
0.095254
0.090085
0.107991
0.103376
0.130882
0.113898
0.115744
0.086762
0.081409
0.092485
0.072363
0.070148
0.069225
0.074948
0.076425
0.097838
0.096731
0.074394
0.057226
0.057041
0.062949
0.057411
0.048734
0.046150
0.046150
0.049288
0.055380
0.051873
0.048550
0.061841
0.097469
0.117775
0.119252
0.120175
0.129405
0.137712
0.135312
0.117960
0.103192
0.094885
0.070333
0.077348
0.079378
0.068117
0.064979
0.088608
0.110760
0.128666
0.137343
0.128666
0.084547
0.069779
0.060918
0.063502
0.049842
0.046150
0.032120
0.027690
0.027690
0.027690
0.032859
0.028798
0.039135
0.066087
0.067564
0.064610
0.055011
0.044858
0.036551
0.031567
0.040981
0.045227
0.040058
0.048181
0.038028
0.038397
0.030274
0.017906
0.031567
0.050211
0.062210
0.093408
0.092854
0.093777
0.075871
0.073286
0.062210
0.050396
0.055565
0.060733
0.050765
0.045412
0.050765
0.071810
0.066641
0.057226
0.054272
0.039874
0.027690
0.035074
0.034151
0.021783
0.018460
0.028059
0.036920
0.029721
0.040427
0.048365
0.012368
0.009230
0.009230
0.030644
0.046335
0.038951
0.046150
0.038028
0.034705
0.044858
0.033597
0.032120
0.043012
0.064795
0.071440
0.091008
0.066271
0.089162
0.117775
0.120175
0.129036
0.127005
0.132543
0.130697
0.112791
0.094515
0.068856
0.034705
0.035812
0.048181
0.066271
0.102638
0.120544
0.114637
0.106330
0.104299
0.072363
0.098023
0.098392
0.069964
0.055380
0.049104
0.030644
0.026398
0.040058
0.055565
0.059995
0.047258
0.056303
0.068302
0.066087
0.074209
0.075317
0.047811
0.042089
0.062026
0.044304
0.036366
0.027690
0.024736
0.026029
0.046888
0.058334
0.059257
0.063502
0.065902
0.075871
0.062764
0.070517
0.070702
0.077163
0.091377
0.079009
0.075686
0.101346
0.107991
0.133651
0.173524
0.166694
0.149711
0.135312
0.141219
0.121467
0.116298
0.095254
0.059441
0.041904
0.026398
0.018460
0.010891
0.016060
0.021414
0.027690
0.027690
0.022706
0.015876
0.009230
0.000369
0.012737
0.018460
0.016614
0.004615
0.000185
0.020121
0.027690
0.031567
0.040981
0.051319
0.057226
0.072733
0.054088
0.069040
0.063133
0.057226
0.055380
0.126451
0.084362
0.062026
0.071440
0.071810
0.064610
0.049288
0.046888
0.029536
0.033413
0.023444
0.017906
0.015137
0.021414
0.035443
0.048734
0.055380
0.058703
0.052980
0.062026
0.040058
0.028059
0.018829
0.003507
0.000185
0.003877
0.009230
0.009230
0.009230
0.007938
0.000185
0.000185
0.000185
0.000185
0.000185
0.006092
0.009230
0.009230
0.011076
0.016799
0.009230
0.009968
0.024367
0.033413
0.041166
0.048734
0.059441
0.070148
0.068671
0.089900
0.074579
0.053534
0.056118
0.047442
0.107622
0.138081
0.149895
0.139558
0.093777
0.062026
0.041720
0.019014
0.009230
0.010522
0.013107
0.009230
0.017168
0.018460
0.023260
0.026398
0.020675
0.016245
0.015691
0.019937
0.027690
0.026029
0.027690
0.021783
0.017722
0.027136
0.038212
0.048919
0.053534
0.048365
0.061287
0.055195
0.049104
0.057411
0.053349
0.041350
0.050765
0.064610
0.060733
0.086578
0.099500
0.064056
0.046888
0.001108
0.000554
0.009230
0.009230
0.009230
0.009230
0.030644
0.037843
0.035812
0.027690
0.025844
0.012922
0.014399
0.018829
0.018460
0.009230
0.013845
0.018460
0.024736
0.022521
0.018460
0.026582
0.036182
0.071256
0.072179
0.081593
0.081224
0.077717
0.055565
0.046150
0.038212
0.005353
0.000185
0.022706
0.034151
0.013845
0.029351
0.027690
0.024367
0.032490
0.046150
0.030090
0.131620
0.118144
0.069225
0.034705
0.037105
0.027321
0.018460
0.018460
0.018460
0.012553
0.003507
0.007384
0.009230
0.009230
0.009230
0.016983
0.030274
0.033413
0.019752
0.018829
0.023075
0.036920
0.036920
0.028798
0.016799
0.009230
0.009230
0.001477
0.000185
0.000185
0.000185
0.000185
0.000185
0.000185
0.000185
0.000185
0.009230
0.009230
0.018645
0.019198
0.029905
0.045781
0.046150
0.036366
0.030274
0.028428
0.027690
0.017722
0.009230
0.009230
0.001477
0.000185
0.000185
0.008861
0.018460
0.018460
0.018460
0.018829
0.018460
0.018460
0.011630
0.000185
0.000185
0.004430
0.016983
0.018460
0.010153
0.009230
0.009045
0.009230
0.017906
0.010707
0.009230
0.011999
0.009230
0.017352
0.033228
0.044489
0.046150
0.054272
0.045781
0.028244
0.009784
0.000923
0.000185
0.006276
0.017537
0.018460
0.018829
0.026029
0.024736
0.037843
0.039135
0.036920
0.033597
0.028428
0.019752
0.023998
0.015506
0.019198
0.027690
0.023260
0.032305
0.018460
0.018460
0.022706
0.019198
0.023075
0.018460
0.018460
0.018460
0.010707
0.000185
0.000185
0.014768
0.040058
0.046150
0.046150
0.046704
0.052242
0.034889
0.036920
0.035812
0.019383
0.016245
0.019568
0.018829
0.016060
0.009230
0.009230
0.009230
0.004061
0.000185
0.005538
0.018460
0.022337
0.024736
0.027690
0.027690
0.029167
0.018460
0.005723
0.018460
0.018460
0.018460
0.018460
0.036551
0.057226
0.050765
0.076425
0.092669
0.111683
0.094885
0.077901
0.058703
0.045227
0.028059
0.012922
0.009230
0.009230
0.008492
0.000185
0.001661
0.018460
0.027690
0.028428
0.027690
0.025106
0.018460
0.021044
0.018460
0.010338
0.009230
0.009230
0.009230
0.000738
0.000185
0.000738
0.009230
0.009230
0.009230
0.009230
0.006276
0.000185
0.002769
0.012553
0.026213
0.036920
0.036920
0.043935
0.027690
0.019752
0.008122
0.000185
0.000185
0.000185
0.000185
0.000185
0.000185
0.006646
0.018645
0.018460
0.029905
0.036920
0.036920
0.038581
0.046335
0.036920
0.023075
0.019014
0.020675
0.022337
0.027321
0.044304
0.065718
0.058703
0.051873
0.034520
0.025844
0.015322
0.010338
0.011445
0.009230
0.012553
0.018460
0.021229
0.026398
0.035259
0.029351
0.041904
0.034520
0.047996
0.037658
0.028428
0.016799
0.004615
0.000185
0.000185
0.008122
0.023813
0.031197
0.033782
0.025844
0.009230
0.009230
0.009230
0.009230
0.016799
0.020860
0.030644
0.052426
0.065533
0.080855
0.078086
0.078086
0.090270
0.106884
0.077901
0.053165
0.036920
0.044489
0.038766
0.038028
0.048181
0.071810
0.096361
0.126820
0.131805
0.118513
0.094146
0.064425
0.057780
0.101530
0.134943
0.153957
0.192169
0.237027
0.266932
0.268409
0.311974
0.362186
0.478484
0.541617
0.645732
0.608812
0.720495
0.677298
0.722156
0.527957
0.533310
0.801350
0.875374
0.681544
0.683944
0.597736
0.436395
0.350556
0.180539
0.175924
0.166694
0.254010
0.279300
0.317512
0.312713
0.264348
0.277270
0.177585
0.512450
1.083419
1.128461
1.142306
1.268019
1.283895
1.338352
1.206547
1.224084
1.057021
1.132707
1.079727
1.008102
0.998318
1.097264
1.053514
1.042253
1.135845
1.262481
1.162243
1.226484
1.244206
1.066805
0.974874
0.923371
1.023239
1.016778
1.016409
1.075112
0.888666
0.807626
0.986873
1.327461
1.497847
1.476248
1.498585
1.786931
1.454281
1.267096
1.067174
0.971367
0.906018
0.894019
0.671022
0.561739
0.727510
0.926140
1.103540
1.201563
1.206732
1.531444
1.517783
1.407208
1.464619
1.555073
1.813698
2.060324
2.155947
2.068077
2.093552
2.192867
2.062539
1.649957
1.374349
1.178119
0.908972
0.788612
0.625610
0.312897
0.355725
0.286315
0.160787
0.120913
0.108730
0.103376
0.139189
0.202506
0.217828
0.213213
0.275239
0.355171
0.594413
0.828671
0.945707
1.283710
1.533659
1.369365
1.399824
1.409792
1.350351
1.269127
1.041515
1.235899
1.529413
1.718628
1.694630
1.354781
1.408500
1.426960
1.271342
1.234422
1.313800
1.058313
1.027854
0.979858
1.164089
1.264327
1.179042
1.153936
0.946815
0.720126
0.460024
0.396152
0.355540
0.366247
0.340957
0.450425
0.554170
0.546048
0.572076
0.607704
0.521865
0.477930
0.423288
0.364032
0.340957
0.219490
0.149526
0.112237
0.081224
0.122390
0.148788
0.175739
0.194569
0.166140
0.157279
0.183308
0.261025
0.255118
0.346679
0.441379
0.407228
0.532941
0.737109
1.002379
1.309185
1.525537
1.509292
1.486771
1.378964
1.039853
0.724556
0.413505
0.238873
0.217459
0.257148
0.339664
0.428457
0.497682
0.654039
0.981335
1.090988
1.481971
1.743919
1.715490
1.680970
1.300140
1.186426
0.991857
0.696128
0.612319
0.352402
0.602166
0.711265
0.929278
1.050560
0.894573
0.915248
1.129015
1.074374
1.054806
1.014932
0.978012
1.043730
1.037453
1.032838
1.481602
1.572240
1.662879
1.603069
1.773086
1.894922
1.796345
1.563010
1.457973
1.111663
0.885158
0.810580
0.770522
0.554355
0.662346
0.689297
0.818887
0.908603
1.013825
1.258789
1.092834
1.075666
1.202855
1.102617
1.090618
1.381364
1.262112
1.521475
1.755733
1.601777
1.758687
1.641650
1.482894
1.411638
1.173873
1.086926
1.168335
1.174611
1.152829
1.026193
0.948292
0.862637
0.904357
1.058313
1.144337
1.212085
1.554703
1.336691
1.382471
1.134738
1.032654
0.949953
0.741724
0.859683
0.791935
0.930570
0.891435
0.900665
0.991673
1.007733
1.167597
1.257497
1.604176
1.332076
1.278172
1.237745
1.300878
0.998503
1.163166
1.096341
1.106863
0.966567
1.115909
1.128461
1.151906
1.049268
1.301247
1.389302
1.189564
1.282233
1.320261
1.354966
1.294048
1.284449
1.501539
1.180888
1.353305
1.704599
1.643312
1.619314
1.558026
1.534028
1.352935
1.359581
1.262850
1.164643
1.052960
0.872790
1.196579
1.522029
1.661587
1.410346
1.311216
1.523506
1.531998
1.567625
1.348690
1.596977
1.908213
1.915966
1.901567
1.672294
1.416622
1.732843
1.784162
1.799668
1.880154
1.699799
1.639989
1.603253
1.485663
1.591808
1.728043
1.851171
1.984084
2.110166
2.249908
2.157608
1.977438
1.998482
1.852279
1.918735
1.899352
1.733212
1.611007
1.536243
1.449850
1.393917
1.698138
1.468680
1.304385
1.276511
1.050929
1.160582
1.390040
1.495078
1.565964
1.719736
1.457050
1.679309
1.375272
1.470526
1.419761
1.176457
1.161689
1.002379
0.914879
1.023055
0.991857
0.944230
0.972105
0.996657
1.096710
1.061636
1.481417
1.563195
1.802068
1.498216
1.844895
1.814990
1.657710
1.893076
2.325040
2.263753
2.478074
2.687226
2.675781
2.422694
2.231817
2.175883
1.745026
1.799299
1.668048
1.348320
1.151167
1.081388
1.036346
1.052037
1.001456
1.285925
1.173135
1.332076
1.371211
1.179965
1.072343
0.988165
1.149506
1.116093
0.964536
0.948845
0.901034
0.946815
0.954753
1.210055
1.364381
1.218731
1.347767
1.213562
1.146368
1.126062
1.172950
1.032469
1.043545
0.965644
0.996288
1.031362
1.060713
1.087480
1.206363
1.275034
1.355889
1.189195
1.240698
1.129384
0.953091
0.851746
0.839747
0.813718
0.991857
0.900849
0.864852
0.898819
0.955860
1.323769
1.149506
1.181257
1.029516
0.959552
0.760738
0.654777
0.727694
0.540140
0.558785
0.776983
0.832178
0.878697
0.948476
1.013825
0.991119
0.949399
0.868175
1.115909
1.054806
1.026747
1.045207
1.184580
1.379333
1.344998
1.405177
1.567995
1.798745
1.617837
1.613406
1.487324
1.199348
1.242360
1.351274
1.328568
1.433236
1.767363
1.685216
1.638881
1.840095
1.963039
2.072692
2.121980
2.181606
2.534562
2.683534
2.623354
2.611909
2.526070
2.236617
1.990360
1.744103
1.528859
1.153936
1.072712
0.874636
0.810764
0.782151
0.659946
0.749662
0.974874
0.959368
0.766830
0.716434
0.844731
1.078435
1.310477
1.281864
1.274480
1.430652
1.370288
1.416807
1.317123
1.565595
1.911720
1.999221
1.900275
1.769947
1.960270
2.035218
1.912274
1.885507
2.006420
1.830312
1.753333
1.717336
1.805391
2.079522
1.839911
1.535690
1.460927
1.299586
1.222792
1.102987
1.160951
1.022501
0.894388
0.868175
1.097079
0.916910
0.920971
0.802088
1.087296
1.482156
1.349797
1.075666
1.314169
1.306047
1.286848
1.357550
1.018070
1.027670
1.023978
1.169443
1.088403
1.513538
1.861509
1.823481
1.677463
1.838619
1.551750
1.176088
1.072712
0.848792
0.560816
0.586660
0.571707
0.618965
0.500082
0.541617
0.603274
0.571892
0.534787
0.649424
0.758153
1.089880
1.706814
1.575009
1.851171
1.808160
1.818497
1.653095
1.674878
1.386533
1.152644
1.008471
0.811872
0.610473
0.540510
0.398737
0.184785
0.172601
1.008656
1.421791
1.165751
1.219469
1.387271
0.999057
1.150060
0.958814
0.855622
0.812241
0.760553
0.610842
0.621734
0.647947
1.163351
1.198056
1.360135
1.364381
1.366227
1.371026
1.183842
0.918756
0.904172
0.825348
0.751877
0.764984
0.778644
0.865406
0.744862
0.718280
0.849161
1.116278
1.249928
1.146921
1.374349
1.144152
1.264881
1.302355
1.032469
1.061821
1.081204
1.176273
1.342413
1.202671
0.973582
0.892911
0.605120
0.443779
0.378246
0.237211
0.143804
0.149342
0.155803
0.246441
0.451532
0.610658
0.890512
0.850638
0.823502
0.651639
0.598474
0.517435
0.585737
0.665669
0.776429
0.793966
1.007917
1.067913
1.166120
1.176827
1.115539
1.168150
1.552857
1.562087
1.184949
1.128461
1.077512
1.041699
0.938877
0.769229
0.570784
0.543279
0.414797
0.305883
0.235735
0.237211
0.404275
0.549370
0.472946
0.599397
0.830701
1.023793
1.251036
1.258235
1.400008
1.114616
1.224823
1.119047
0.785474
0.750769
0.622657
0.566538
0.526111
0.522050
0.528880
0.619888
0.635210
0.678775
0.858576
0.869652
0.982443
0.982443
0.793966
0.932970
0.818333
0.701850
0.745970
0.800058
0.750769
0.859499
1.021762
0.862083
0.888296
0.795812
0.747446
0.689297
0.696681
0.561000
0.491960
0.604935
0.556201
0.492144
0.564692
0.554170
0.480514
0.450240
0.456147
0.352956
0.249210
0.188108
0.158756
0.153218
0.136604
0.074579
0.067194
0.048365
0.041166
0.080117
0.164479
0.281331
0.317328
0.382676
0.390614
0.304960
0.226320
0.166325
0.088977
0.087870
0.152111
0.225212
0.307729
0.412766
0.508574
0.432149
0.439718
0.382676
0.380830
0.308282
0.304590
0.257887
0.255118
0.181831
0.134389
0.086947
0.092116
0.096177
0.121836
0.188108
0.281885
0.396521
0.592013
0.499713
0.554724
0.546786
0.467223
0.391722
0.409259
0.392460
0.469069
0.495098
0.495467
0.546048
0.506543
0.431226
0.414058
0.342987
0.256041
0.213213
0.151926
0.120913
0.108176
0.073471
0.048550
0.106330
0.120729
0.150634
0.191800
0.217644
0.248287
0.283546
0.333388
0.305329
0.309759
0.292038
0.284284
0.228535
0.184969
0.184416
0.191246
0.242011
0.236842
0.189215
0.238873
0.234258
0.239980
0.312897
0.292407
0.246626
0.234442
0.212660
0.221705
0.197522
0.176847
0.175001
0.176109
0.174816
0.208045
0.256410
0.329696
0.402982
0.389322
0.384707
0.308282
0.261579
0.340034
0.297391
0.269701
0.253825
0.242934
0.267670
0.219859
0.225397
0.277823
0.297945
0.316959
0.309944
0.344649
0.380830
0.369385
0.362740
0.318620
0.371047
0.352217
0.275793
0.295360
0.344279
0.440087
0.405751
0.443410
0.450240
0.391722
0.385261
0.422550
0.352217
0.267301
0.251610
0.296283
0.285577
0.273947
0.279485
0.250318
0.223920
0.237027
0.216721
0.183308
0.179801
0.200291
0.182385
0.203799
0.166140
0.149895
0.136604
0.152849
0.147865
0.163371
0.147311
0.135866
0.083993
0.070148
0.099315
0.091377
0.067379
0.045965
0.028428
0.005907
0.014768
0.018460
0.018460
0.018460
0.023075
0.054826
0.054088
0.086024
0.114083
0.121467
0.136050
0.170201
0.139373
0.123128
0.072363
0.059257
0.064241
0.063687
0.036735
0.027690
0.023813
0.036551
0.067933
0.073102
0.093223
0.094331
0.092300
0.089900
0.101161
0.103376
0.098023
0.097654
0.093223
0.097284
0.107068
0.074763
0.061472
0.050580
0.087685
0.101530
0.111314
0.097654
0.091377
0.063133
0.069964
0.152849
0.281146
0.271178
0.276347
0.343910
0.284654
0.241088
0.210629
0.155064
0.136604
0.095623
0.078271
0.069225
0.097100
0.129220
0.107622
0.101715
0.085470
0.096546
0.105038
0.073286
0.064056
0.105776
0.120544
0.102822
0.092854
0.057780
0.043196
0.034336
0.021414
0.018460
0.021414
0.026952
0.037658
0.044304
0.050950
0.083255
0.080486
0.072363
0.050211
0.043381
0.052796
0.038028
0.047996
0.050950
0.075686
0.098023
0.104853
0.145834
0.162817
0.144542
0.171124
0.168725
0.198999
0.157833
0.203799
0.176293
0.193276
0.178324
0.158756
0.144357
0.096361
0.091746
0.118698
0.123682
0.116483
0.138635
0.155803
0.132543
0.112606
0.117037
0.095069
0.066825
0.085839
0.068302
0.069410
0.038766
0.037105
0.041166
0.040427
0.038028
0.036920
0.034705
0.051688
0.065718
0.081593
0.084547
0.089716
0.103376
0.080855
0.066641
0.077901
0.062764
0.056857
0.063502
0.059441
0.066456
0.075317
0.067010
0.072917
0.082701
0.089531
0.109283
0.094515
0.083809
0.060733
0.063687
0.067194
0.046519
0.039320
0.043935
0.045596
0.041720
0.042643
0.055011
0.095623
0.135127
0.131251
0.130697
0.128482
0.138081
0.124605
0.112237
0.104668
0.110391
0.142142
0.145650
0.143804
0.141773
0.127559
0.085101
0.060364
0.048919
0.034336
0.015322
0.015137
0.038397
0.036366
0.044119
0.053903
0.041720
0.038028
0.055011
0.048550
0.046150
0.066825
0.054272
0.046150
0.074763
0.072179
0.104115
0.143804
0.150634
0.152849
0.165033
0.117775
0.134204
0.102269
0.076425
0.067933
0.059626
0.062395
0.064795
0.053903
0.067564
0.046704
0.031936
0.034151
0.028798
0.024921
0.018460
0.025844
0.033043
0.021783
0.023075
0.029721
0.034336
0.046704
0.064610
0.074209
0.103376
0.096915
0.075686
0.087685
0.066641
0.075502
0.099500
0.104115
0.087131
0.084362
0.065718
0.061287
0.081963
0.113160
0.133835
0.148972
0.146203
0.124236
0.148234
0.131989
0.142142
0.130512
0.105591
0.103007
0.109099
0.139742
0.124051
0.112791
0.100607
0.089347
0.084362
0.055380
0.042643
0.023260
0.030828
0.027690
0.028428
0.035997
0.031567
0.026029
0.027690
0.032859
0.027690
0.027690
0.042827
0.039874
0.032674
0.031936
0.029536
0.027690
0.027690
0.027690
0.024183
0.010891
0.000185
0.000185
0.000185
0.000185
0.000185
0.000185
0.000185
0.000185
0.000185
0.006646
0.009230
0.009230
0.016983
0.027690
0.027690
0.027690
0.024921
0.011814
0.031382
0.033043
0.028428
0.030644
0.033043
0.032674
0.028428
0.027690
0.021044
0.018460
0.014214
0.009230
0.009230
0.006646
0.000185
0.000185
0.000185
0.000185
0.000185
0.001661
0.010153
0.018460
0.012737
0.007938
0.013107
0.020860
0.037289
0.064241
0.080670
0.077532
0.074948
0.047811
0.013476
0.000185
0.000185
0.009230
0.009230
0.009230
0.016245
0.018460
0.020491
0.027690
0.017352
0.011999
0.019198
0.018460
0.022706
0.029905
0.027690
0.030828
0.035259
0.022152
0.027690
0.059441
0.066456
0.071440
0.081040
0.058334
0.063872
0.049473
0.021967
0.000369
0.000185
0.044304
0.070148
0.076425
0.078640
0.066456
0.060549
0.044304
0.038028
0.033966
0.041720
0.062210
0.075317
0.061472
0.067933
0.059072
0.046888
0.036920
0.024183
0.017168
0.010891
0.009230
0.009230
0.009599
0.019383
0.036735
0.056488
0.074394
0.084178
0.091931
0.083070
0.165217
0.158387
0.158018
0.148234
0.130143
0.122205
0.096915
0.048365
0.036920
0.036366
0.027690
0.033597
0.029905
0.032859
0.043935
0.038028
0.038581
0.055011
0.064056
0.054088
0.043566
0.028428
0.022706
0.019568
0.018275
0.032490
0.038766
0.038766
0.051134
0.069040
0.072548
0.063872
0.061287
0.051134
0.047627
0.041720
0.036551
0.019014
0.009230
0.009230
0.015506
0.014214
0.010522
0.018460
0.027136
0.027690
0.027690
0.019383
0.017537
0.016614
0.018460
0.018645
0.010707
0.018460
0.018460
0.017722
0.009230
0.000369
0.000738
0.009230
0.015691
0.016614
0.012368
0.024552
0.028798
0.022337
0.027875
0.027690
0.035259
0.045042
0.061103
0.079009
0.080855
0.085839
0.104115
0.081963
0.076978
0.096915
0.082332
0.065533
0.046335
0.040797
0.046150
0.041535
0.027690
0.019752
0.026398
0.027690
0.027690
0.028982
0.036551
0.043196
0.057041
0.053349
0.041904
0.034705
0.028982
0.021414
0.018460
0.011814
0.009230
0.010522
0.026213
0.025475
0.018460
0.025659
0.020491
0.018460
0.017352
0.018460
0.018460
0.018460
0.011261
0.009230
0.014583
0.018460
0.013476
0.009230
0.009230
0.001292
0.000185
0.000185
0.005538
0.009230
0.002769
0.000185
0.000185
0.000185
0.004430
0.029167
0.043566
0.054088
0.049842
0.044673
0.025290
0.023444
0.018829
0.019014
0.021967
0.027690
0.020860
0.030090
0.038951
0.049657
0.052242
0.071256
0.076240
0.065902
0.062949
0.058703
0.089531
0.108176
0.139558
0.304590
