0.343744
0.404902
0.382857
0.266121
0.216218
0.237425
0.296677
0.329489
0.359859
0.242658
0.154617
0.108016
0.383578
0.538335
0.551822
0.390206
0.440295
0.497780
0.525754
0.404112
0.457201
0.533405
0.523057
0.498175
0.376718
0.320885
0.272423
0.274748
0.253959
0.290957
0.353441
0.429668
0.469549
0.473735
0.407832
0.353371
0.430900
0.753297
0.798596
0.640467
0.302258
0.360091
0.580704
0.621585
0.575332
0.485246
0.510941
0.486501
0.503733
0.530103
0.556566
0.554055
0.819897
0.765342
0.754622
0.531080
0.527219
0.570379
0.604958
0.430528
0.300003
0.209148
0.145734
0.125270
0.168314
0.194777
0.242588
0.190591
0.107318
0.058275
0.086041
0.087134
0.082785
0.138595
0.141246
0.177127
0.172174
0.185708
0.211916
0.169732
0.126759
0.166616
0.225147
0.272097
0.322187
0.264865
0.207148
0.168640
0.229286
0.408995
0.370719
0.267702
0.097063
0.095412
0.146176
0.152362
0.274214
0.365742
0.390531
0.242611
0.143688
0.174802
0.280492
0.446271
0.412065
0.377020
0.186010
0.116411
0.107504
0.035463
0.055554
0.078715
0.095366
0.108551
0.122503
0.106365
0.193568
0.217659
0.377741
0.473897
0.629608
0.645095
0.507663
0.471921
0.428110
0.399879
0.241565
0.173988
0.180708
0.305863
0.324629
0.378392
0.383694
0.274144
0.391554
0.534428
0.636468
0.648118
0.516360
0.423831
0.324373
0.308886
0.477502
0.473130
0.319652
0.179150
0.116271
0.085180
0.033974
0.054926
0.092203
0.136363
0.145757
0.106644
0.096365
0.087436
0.088389
0.089017
0.106993
0.157896
0.206614
0.221520
0.146013
0.130921
0.100621
0.116225
0.163803
0.272632
0.368672
0.358347
0.279655
0.215264
0.189987
0.151315
0.166756
0.177476
0.300468
0.303467
0.290143
0.249680
0.167105
0.250657
0.280585
0.305328
0.316513
0.341279
0.358045
0.330582
0.214729
0.188057
0.144409
0.110760
0.122666
0.193010
0.186685
0.076739
0.064693
0.049904
0.053740
0.066554
0.060531
0.040602
0.005581
0.008767
0.017394
0.032928
0.061275
0.074995
0.121713
0.157291
0.191126
0.292887
0.313443
0.270772
0.205730
0.217055
0.275586
0.350022
0.303537
0.166175
0.179081
0.223264
0.216101
0.165896
0.086227
0.111806
0.135037
0.150036
0.148943
0.083669
0.077204
0.149315
0.132898
0.101272
0.054880
0.068298
0.065833
0.027347
0.020440
0.098830
0.099993
0.136014
0.115225
0.122340
0.130619
0.090133
0.075553
0.087878
0.100249
0.131782
0.159687
0.356510
0.367021
0.402716
0.282120
0.295654
0.255168
0.143502
0.124317
0.108597
0.091389
0.268609
0.389113
0.413809
0.319955
0.180406
0.155943
0.113783
0.162919
0.181848
0.324140
0.485246
0.454224
0.381067
0.120154
0.083459
0.084436
0.187080
0.225798
0.206590
0.124363
0.115108
0.104551
0.106225
0.082157
0.078018
0.095040
0.079064
0.190196
0.285097
0.311769
0.235798
0.185197
0.209451
0.236728
0.246681
0.255913
0.180290
0.118992
0.082343
0.096528
0.143595
0.173639
0.141851
0.073460
0.069088
0.128805
0.223636
0.262656
0.285910
0.245867
0.220752
0.190336
0.178988
0.238100
0.235914
0.188429
0.092738
0.046276
0.052694
0.041160
0.064275
0.134688
0.152873
0.158245
0.076018
0.085134
0.078041
0.082227
0.048811
0.048043
0.048508
0.055624
0.090389
0.120178
0.130084
0.112736
0.062647
0.073344
0.068484
0.141083
0.127945
0.154873
0.206939
0.326977
0.351325
0.267098
0.288189
0.221659
0.201195
0.120085
0.090877
0.042834
0.098272
0.182406
0.228217
0.209241
0.113248
0.089389
0.163082
0.209939
0.188196
0.175523
0.293073
0.347046
0.305002
0.183894
0.154501
0.157826
0.093017
0.067972
0.049043
0.052113
0.060926
0.061554
0.102970
0.082529
0.073181
0.043648
0.110806
0.119759
0.146222
0.112992
0.098830
0.084506
0.082855
0.107504
0.118131
0.122945
0.222729
0.239937
0.260889
0.230403
0.227240
0.199498
0.145292
0.085459
0.082297
0.162431
0.221124
0.220241
0.103109
0.060740
0.094063
0.098947
0.101644
0.068181
0.072042
0.112318
0.147594
0.192243
0.126828
0.101574
0.079274
0.166384
0.226496
0.261168
0.182336
0.142013
0.098133
0.102481
0.197824
0.393531
0.366417
0.227380
0.104342
0.083831
0.080669
0.055810
0.014115
0.014325
0.036951
0.074297
0.123410
0.151920
0.191010
0.158733
0.111760
0.067693
0.045695
0.153292
0.173593
0.171872
0.145316
0.082762
0.073669
0.111318
0.097668
0.088878
0.028951
0.031998
0.057205
0.041695
0.164896
0.177709
0.164733
0.029510
0.015069
0.030719
0.101714
0.151571
0.149152
0.098226
0.046904
0.046183
0.063949
0.077297
0.073041
0.163431
0.184266
0.175011
0.133874
0.135619
0.191219
0.232635
0.167826
0.091087
0.115504
0.127014
0.100295
0.063833
0.040904
0.048648
0.048369
0.050206
0.054461
0.051996
0.049787
0.036742
0.023905
0.019929
0.032300
0.035300
0.040090
0.035509
0.004744
0.020929
0.022091
0.036184
0.023254
0.034323
0.023743
0.039532
0.041020
0.048532
0.078646
0.085157
0.081087
0.040462
0.047694
0.062856
0.082204
0.072483
0.037718
0.022975
0.033393
0.035532
0.068600
0.067716
0.046880
0.040323
0.070297
0.113062
0.095505
0.055392
0.042788
0.041765
0.048834
0.091622
0.139525
0.129782
0.075530
0.023673
0.023882
0.035207
0.047183
0.058996
0.126387
0.152431
0.167919
0.120875
0.129479
0.141641
0.081622
0.086343
0.103644
0.166663
0.232891
0.187034
0.155222
0.078506
0.084645
0.056508
0.015348
0.010046
0.041020
0.101365
0.103481
0.056298
0.018999
0.035044
0.067600
0.075878
0.053857
0.011418
0.088250
0.167756
0.197800
0.131154
0.052624
0.012836
0.062112
0.111295
0.176709
0.143571
0.139386
0.090924
0.042648
0.024952
0.015208
0.027905
0.062507
0.047694
0.056973
0.033556
0.011720
0.011162
0.047857
0.066949
0.072832
0.045392
0.049787
0.045067
0.032881
0.028928
0.022603
0.011953
0.011627
0.009999
0.000419
0.000419
0.004790
0.046043
0.047671
0.046090
0.032788
0.026882
0.023440
0.040230
0.056973
0.090808
0.078111
0.073251
0.036370
0.023580
0.036346
0.040090
0.037858
0.015325
0.014650
0.016278
0.020766
0.045346
0.063554
0.107667
0.072925
0.076948
0.025580
0.034137
0.024231
0.031068
0.043323
0.077599
0.107434
0.099923
0.079715
0.093621
0.090691
0.096993
0.074320
0.045671
0.057903
0.042834
0.050462
0.045160
0.060391
0.056508
0.055810
0.036323
0.018603
0.018603
0.001116
0.066763
0.080227
0.064809
0.009488
0.067507
0.139525
0.139525
0.102481
0.047880
0.019766
0.026510
0.093575
0.115945
0.111574
0.038718
0.057601
0.074553
0.101365
0.123247
0.089622
0.100970
0.173383
0.175383
0.118782
0.033858
0.017627
0.039393
0.073623
0.076762
0.100830
0.087227
0.063251
0.041765
0.041067
0.112504
0.179057
0.167361
0.116271
0.081692
0.057903
0.043392
0.043020
0.040137
0.014557
0.021208
0.034091
0.035253
0.063135
0.073483
0.074972
0.065437
0.052880
0.033719
0.020371
0.033695
0.101807
0.134735
0.122247
0.088692
0.078855
0.077088
0.062042
0.057043
0.056368
0.034393
0.046392
0.055810
0.093412
0.081390
0.123805
0.145571
0.133944
0.125666
0.106504
0.105481
0.053531
0.118271
0.152292
0.163989
0.134712
0.119503
0.111341
0.143130
0.127666
0.113132
0.109248
0.136130
0.156710
0.117085
0.088761
0.115945
0.153268
0.159477
0.135409
0.127131
0.143641
0.185197
0.282353
0.630049
0.767435
0.736065
0.594680
0.599563
0.484780
0.396903
0.303072
0.362859
0.340697
0.333326
0.907705
1.366603
1.765762
1.925379
2.120853
1.894009
1.537150
1.007372
0.739112
0.634956
0.668117
0.937354
1.221125
1.274586
1.234705
0.779504
0.504709
0.407437
0.456434
0.370509
0.308095
0.459457
0.803758
1.096273
1.375812
2.183454
2.523361
2.145108
1.446923
0.797503
0.551567
0.432063
0.426761
0.306979
0.274934
0.301863
0.314629
0.392182
0.550683
1.165036
1.478200
1.433506
1.061531
0.843337
0.672907
0.642467
0.487803
0.594517
0.605981
0.972933
1.142968
1.042463
0.739065
0.690138
0.865150
1.417925
1.580472
1.468154
1.075275
0.840942
1.020255
1.195708
1.221846
1.981933
2.259216
2.076159
1.258634
0.592982
0.574449
0.689790
0.769342
0.689510
0.551404
0.564659
0.527475
0.553404
0.499454
0.688255
0.824408
0.853825
0.630352
0.385718
0.270563
0.292561
0.318978
0.453480
0.846035
0.875265
0.862847
0.319722
0.278725
0.297445
0.271981
0.421483
0.488036
0.601284
0.380857
0.417041
0.368021
0.842639
1.163943
1.190453
0.868777
0.714718
0.917704
1.011628
0.902473
0.592192
0.314281
0.236984
0.323303
0.412948
0.615330
0.612795
0.597819
0.557357
0.505802
0.515011
0.479734
0.519522
0.792062
1.215497
1.339954
1.244519
0.907309
0.743763
0.644909
0.565914
0.470642
0.485664
0.726299
1.306235
1.445598
1.110714
0.778807
0.859917
1.201568
1.319072
1.085878
0.704951
0.642886
0.836500
0.889055
1.349953
1.582728
1.470875
1.301584
1.020162
0.933098
0.992606
0.768435
0.557427
0.439551
0.415506
0.516499
0.534986
0.458596
0.479688
0.641281
0.840058
0.866615
0.720183
0.891241
1.159315
1.206591
0.852290
0.636584
0.504547
0.615237
0.485711
0.431389
0.236170
0.481525
0.629422
0.901101
1.042416
1.035301
0.956422
0.945330
1.320537
1.407252
1.220451
0.914495
0.659350
0.731066
0.806851
0.917239
1.020953
1.177523
1.400159
1.522546
1.567938
1.524360
1.199894
0.797364
0.495849
0.281864
0.260819
0.415925
0.537498
0.544334
0.428784
0.308955
0.168198
0.275748
0.294352
0.281167
0.303793
0.251866
0.241634
0.169430
0.139804
0.235681
0.552729
0.744600
0.749367
0.609097
0.661210
0.748227
0.765296
0.630770
0.367463
0.450387
0.420017
0.580076
0.866870
1.019836
1.052532
0.818920
0.769784
0.881451
1.143177
1.292585
1.032859
0.797712
0.499152
0.420157
0.274446
0.332279
0.480339
1.041068
1.120504
1.138991
0.561473
0.506105
1.269889
1.217404
1.156199
0.788387
0.929936
0.874940
0.853081
0.635003
0.676651
0.621934
0.591936
0.427691
0.326884
0.224682
0.168244
0.189080
0.382648
1.037347
1.515267
1.989886
1.473247
0.964747
0.663070
0.883846
0.970863
0.972956
0.899263
0.794503
0.733345
0.549264
0.406460
0.621166
0.666814
0.788364
0.693673
0.616446
0.731973
0.952167
1.053695
1.019116
0.773784
0.841849
0.776109
0.587936
0.620585
1.052509
1.334187
1.484316
1.331699
1.320723
1.255332
1.100715
0.927285
0.743321
0.645002
0.658280
0.828454
1.164013
1.171686
0.934819
1.089064
1.292539
1.320327
0.876614
0.822780
0.937075
0.896752
0.560054
0.501035
0.402763
0.387392
0.393182
0.387415
0.292329
0.169849
0.242472
0.371672
0.689673
1.360115
1.350511
1.021185
0.525382
0.449806
0.383415
0.204753
0.153873
0.289817
0.426668
0.424110
0.310513
0.352324
0.415808
0.480664
0.441132
0.476037
0.867591
1.202405
1.104482
0.678511
0.278818
0.176476
0.200242
0.337744
0.338907
0.395996
0.301654
0.388717
0.416181
0.487152
0.551474
0.707626
0.724252
0.762645
0.741902
0.498082
0.367579
0.221659
0.287724
0.428831
0.421389
0.379904
0.217799
0.266493
0.195800
0.111178
0.010650
0.014464
0.051206
0.152803
0.439900
0.547218
0.534265
0.397670
0.281585
0.319722
0.358022
0.303049
0.151199
0.190522
0.293817
0.308560
0.326977
0.227984
0.264424
0.331861
0.487803
0.404391
0.379881
0.277190
0.288096
0.279306
0.344720
0.413111
0.374021
0.281074
0.190964
0.175918
0.220659
0.366277
0.399461
0.345278
0.140246
0.223775
0.385555
0.418925
0.363021
0.250169
0.275260
0.289050
0.236286
0.249866
0.182941
0.181871
0.185313
0.290887
0.379625
0.324792
0.212962
0.229333
0.215334
0.206544
0.235309
0.175732
0.141920
0.088389
0.128200
0.126270
0.072832
0.153036
0.304142
0.397670
0.386462
0.281446
0.198103
0.152548
0.054810
0.037788
0.054392
0.076181
0.093412
0.179453
0.132479
0.159733
0.254936
0.268423
0.288050
0.139455
0.135270
0.174965
0.159873
0.119503
0.162779
0.247774
0.320024
0.264307
0.139921
0.121433
0.088482
0.115527
0.111202
0.082576
0.064926
0.063251
0.073065
0.075274
0.102272
0.091156
0.084878
0.049531
0.059926
0.046508
0.076367
0.190475
0.247588
0.262052
0.245332
0.195428
0.177244
0.198800
0.171151
0.154873
0.134177
0.132526
0.197498
0.270028
0.290631
0.341209
0.314002
0.383160
0.370835
0.345883
0.414064
0.343279
0.308886
0.199475
0.158198
0.142386
0.102412
0.115039
0.171174
0.126294
0.173383
0.225729
0.315955
0.297468
0.236030
0.135177
0.128456
0.138990
0.076599
0.077157
0.096993
0.168035
0.307397
0.279725
0.246471
0.206660
0.243820
0.186987
0.117294
0.173523
0.246797
0.239495
0.266563
0.230403
0.237960
0.230217
0.205009
0.171849
0.131596
0.107272
0.062298
0.038997
0.019882
0.018882
0.022440
0.097621
0.111946
0.092389
0.047741
0.064996
0.112434
0.118782
0.125735
0.088831
0.074530
0.052182
0.062461
0.086041
0.079204
0.020789
0.002139
0.035160
0.051973
0.142083
0.191708
0.185708
0.139595
0.051996
0.036184
0.084203
0.090691
0.077646
0.053461
0.019766
0.059508
0.110016
0.102319
0.052182
0.036602
0.058275
0.073832
0.049485
0.040579
0.068925
0.091622
0.067995
0.050555
0.091412
0.109806
0.100551
0.043811
0.017743
0.080692
0.131758
0.165151
0.146176
0.104737
0.049322
0.039346
0.053694
0.072693
0.086692
0.052531
0.013999
0.005000
0.059042
0.072018
0.093273
0.073274
0.061438
0.040904
0.025277
0.007627
0.033254
0.061414
0.079018
0.102481
0.078367
0.061531
0.131526
0.262517
0.270935
0.190638
0.060624
0.061856
0.073297
0.082622
0.131921
0.146129
0.138363
0.093203
0.061507
0.040834
0.044788
0.052020
0.044764
0.072576
0.095714
0.080646
0.086971
0.041020
0.052113
0.111457
0.125712
0.127410
0.089296
0.047229
0.046346
0.047671
0.055159
0.075506
0.084878
0.074716
0.098133
0.070297
0.122061
0.096435
0.102505
0.086343
0.076437
0.039183
0.090319
0.130828
0.144688
0.107318
0.067926
0.070716
0.093854
0.120038
0.100295
0.099365
0.086761
0.086017
0.092668
0.035067
0.055996
0.044578
0.054461
0.069344
0.065484
0.079715
0.120038
0.152571
0.131526
0.108481
0.073390
0.036253
0.045950
0.071483
0.088366
0.097947
0.065856
0.067972
0.128689
0.148385
0.192126
0.180732
0.160663
0.121038
0.141014
0.229217
0.288864
0.401693
0.330768
0.333768
0.195242
0.164779
0.147315
0.216613
0.241355
0.155850
0.078553
0.066274
0.088924
0.128224
0.100574
0.229821
0.226775
0.206846
0.124387
0.088924
0.051415
0.057461
0.075390
0.058810
0.053973
0.070321
0.089529
0.067833
0.065995
0.097458
0.117434
0.091622
0.034579
0.036997
0.067972
0.096854
0.107900
0.146850
0.172430
0.185313
0.196126
0.152013
0.087715
0.071832
0.074506
0.094110
0.136735
0.129224
0.090645
0.076995
0.096551
0.130456
0.124247
0.098435
0.119992
0.135781
0.105853
0.057601
0.019813
0.003953
0.000419
0.000419
0.020022
0.061275
0.095342
0.107783
0.086041
0.072762
0.103691
0.085622
0.056810
0.040927
0.089598
0.110457
0.094552
0.051694
0.016278
0.012394
0.035998
0.039439
0.066600
0.065740
0.107132
0.116225
0.102365
0.173151
0.159524
0.186871
0.165686
0.159431
0.130758
0.139804
0.145385
0.209706
0.176616
0.179685
0.137688
0.071553
0.091877
0.107155
0.114457
0.049043
0.029068
0.000419
0.036277
0.084785
0.112783
0.082715
0.034370
0.005558
0.059763
0.079855
0.123247
0.103760
0.074739
0.041834
0.032835
0.045229
0.059601
0.133851
0.139502
0.168151
0.139990
0.146060
0.083064
0.051020
0.018231
0.048206
0.103481
0.098342
0.101272
0.037207
0.025603
0.018603
0.033742
0.116248
0.227426
0.252448
0.222333
0.221310
