0.589451
0.563205
0.475825
0.439992
0.432684
0.372604
0.531413
0.549727
0.450933
0.294403
0.190902
0.281033
0.353107
0.389951
0.495128
0.376817
0.329742
0.495730
0.725582
0.811113
0.668705
0.522256
0.383373
0.393884
0.326345
0.338017
0.358374
0.579305
0.549039
0.510971
0.373184
0.306247
0.680248
0.702775
0.833662
0.679560
0.567805
0.507295
0.452589
0.735663
0.927146
0.960249
0.907456
0.765736
0.925620
0.823064
0.669543
0.547234
0.533175
0.768917
0.656667
0.456866
0.153822
0.269447
0.442486
0.618427
0.617954
0.479652
0.408136
0.543450
0.876674
1.148980
1.093263
0.769648
0.537238
0.820334
0.926479
0.840282
0.677024
0.607120
1.314431
1.783808
1.986940
1.515199
1.135330
0.709439
0.589859
0.578488
0.694328
0.590461
0.504070
0.543472
0.447344
0.432490
0.501899
0.459833
1.028583
1.226579
1.567971
1.442351
1.334185
0.943955
0.489840
0.208614
0.180047
0.253819
0.385179
0.821194
0.782094
0.712577
0.442335
0.384964
0.503168
0.519031
0.609635
0.608668
0.577843
0.444872
0.411941
0.398076
0.463831
0.810446
0.778676
0.723175
0.388424
0.359986
0.352785
0.248381
0.687041
1.472294
1.828454
1.728672
0.929360
0.608539
0.678636
0.755418
0.848128
0.783534
0.572577
0.305624
0.381288
0.416369
0.470065
0.416992
0.702109
0.750689
0.658237
0.408652
0.279786
0.219899
0.198447
0.354161
0.499879
0.538377
0.440422
0.354354
0.240170
0.194664
0.200682
0.247887
0.272843
0.390467
0.395819
0.502652
0.603724
0.562560
0.512325
0.305667
0.438638
0.460155
0.364865
0.287847
0.188172
0.207174
0.461359
0.578896
0.830136
0.745250
0.657850
0.377591
0.188881
0.083768
0.122202
0.133358
0.129059
0.107306
0.260461
0.431910
0.690265
0.786629
0.907456
0.871859
0.796474
0.524513
0.502200
0.543794
0.440379
0.322412
0.179445
0.134734
0.199135
0.317554
0.435908
0.380493
0.446677
0.468947
0.516602
0.530854
0.664535
0.750646
0.682011
0.673756
0.541924
0.560023
0.782524
0.866915
1.082687
0.839809
0.765714
0.905048
1.043609
1.047542
0.820399
0.615288
0.376752
0.459510
0.489690
0.532595
0.464368
0.477953
0.484724
0.463487
0.379740
0.397388
0.449837
0.465142
0.471892
0.452030
0.281592
0.222672
0.172910
0.244254
0.233614
0.310030
0.299798
0.318156
0.419507
0.584184
0.571932
0.506456
0.373550
0.426300
0.350377
0.306612
0.434382
0.613719
0.989504
0.980197
0.807093
0.473611
0.220286
0.179466
0.162743
0.155520
0.291136
0.373979
0.469527
0.500201
0.567912
0.639514
0.505597
0.453212
0.387178
0.411812
0.366714
0.404052
0.369250
0.416842
0.388403
0.371550
0.319123
0.262676
0.207905
0.403299
0.471698
0.525437
0.407169
0.366284
0.336018
0.269189
0.180133
0.129876
0.112809
0.112637
0.175511
0.209431
0.233635
0.196663
0.216826
0.417938
0.532896
0.508434
0.294295
0.148427
0.130628
0.161603
0.181336
0.163087
0.151458
0.274885
0.355988
0.313964
0.260590
0.247693
0.247091
0.245350
0.264524
0.344359
0.404331
0.397754
0.301926
0.259344
0.130177
0.119128
0.092603
0.094000
0.078781
0.120912
0.137808
0.179617
0.196211
0.178671
0.339221
0.434726
0.426923
0.319918
0.295413
0.291673
0.230174
0.151544
0.081382
0.111863
0.171298
0.201327
0.174866
0.136282
0.180197
0.195223
0.198855
0.277421
0.288105
0.282129
0.201112
0.141656
0.138582
0.202316
0.211645
0.194384
0.165645
0.131037
0.106317
0.105350
0.149587
0.148319
0.152726
0.170266
0.226112
0.214955
0.170245
0.143676
0.173985
0.222328
0.216009
0.354891
0.366370
0.400655
0.280732
0.413467
0.393497
0.395690
0.243330
0.149351
0.118526
0.131811
0.185421
0.198081
0.205906
0.191955
0.163904
0.204896
0.176715
0.190408
0.113840
0.120654
0.236623
0.263320
0.218438
0.157842
0.132004
0.093914
0.022334
0.032695
0.056340
0.094860
0.226241
0.316608
0.303775
0.236043
0.297326
0.328968
0.285246
0.184496
0.125835
0.080092
0.116570
0.274885
0.387823
0.356396
0.293909
0.232496
0.285504
0.302593
0.252250
0.267319
0.250015
0.206056
0.120311
0.132713
0.096042
0.049053
0.017884
0.006449
0.016337
0.024462
0.028804
0.023151
0.078050
0.130650
0.156896
0.094150
0.056555
0.048988
0.071774
0.138689
0.188129
0.208980
0.166612
0.115775
0.096107
0.162872
0.260977
0.342832
0.375850
0.274068
0.183357
0.104296
0.066830
0.156101
0.239955
0.240449
0.161732
0.107628
0.124674
0.174587
0.189053
0.304936
0.398549
0.316264
0.207002
0.190837
0.170309
0.169815
0.086885
0.033598
0.035726
0.077062
0.098364
0.060145
0.064723
0.121493
0.188000
0.171405
0.175210
0.122245
0.137528
0.099223
0.069603
0.019969
0.026504
0.017196
0.020915
0.022570
0.042669
0.069216
0.125921
0.198318
0.217879
0.203477
0.150684
0.182132
0.248617
0.364349
0.289072
0.225015
0.260805
0.234968
0.179982
0.117538
0.107478
0.088626
0.117774
0.212118
0.272821
0.284042
0.340231
0.390531
0.389155
0.243308
0.178520
0.182196
0.160292
0.150082
0.124438
0.094430
0.107542
0.118892
0.115410
0.157670
0.145181
0.158637
0.153156
0.205669
0.299239
0.311363
0.287954
0.229121
0.203993
0.174221
0.155714
0.125233
0.101137
0.099309
0.079684
0.033898
0.048773
0.056791
0.048945
0.025494
0.031598
0.173641
0.278174
0.320348
0.222307
0.166204
0.124868
0.139571
0.151823
0.170675
0.114550
0.110014
0.109885
0.090819
0.120697
0.111906
0.151845
0.128522
0.061520
0.052471
0.067711
0.087422
0.070527
0.078373
0.093398
0.108961
0.111433
0.095247
0.078717
0.089593
0.096988
0.146901
0.137808
0.131316
0.165279
0.149029
0.150512
0.097547
0.080178
0.102362
0.085273
0.084499
0.085208
0.076288
0.078179
0.108746
0.104361
0.079856
0.069409
0.038799
0.046946
0.057350
0.053954
0.032652
0.024118
0.042776
0.070462
0.076761
0.068936
0.053330
0.047032
0.007330
0.035081
0.038692
0.036671
0.027514
0.061090
0.078330
0.062531
0.024225
0.001075
0.003439
0.025795
0.051159
0.065948
0.078459
0.094322
0.092538
0.068313
0.045334
0.078674
0.150232
0.136497
0.131252
0.188258
0.237117
0.293780
0.332644
0.527286
0.649552
0.702775
0.671800
0.565806
0.434855
0.272800
0.119042
0.130585
0.227057
0.330924
0.653250
0.910143
1.115275
1.137265
0.929166
1.014246
0.848902
0.930241
0.673584
0.681108
0.823258
0.841916
0.809909
0.694908
0.488852
0.560023
0.864250
1.061686
1.006185
1.107300
1.045651
0.995050
0.701937
0.575264
0.478706
0.344402
0.245651
0.270134
0.759051
0.925835
0.926157
1.162028
1.230426
1.291087
1.272601
0.966998
0.848257
0.632915
0.706558
0.980519
1.288830
1.217357
0.818249
0.450697
0.352591
0.485111
0.480060
0.523975
0.646392
0.805524
0.946298
1.360453
1.550624
1.682865
2.077501
2.710889
2.925414
2.439916
2.214750
2.516440
2.785070
2.824557
2.592921
2.069376
1.602321
1.173829
1.300308
1.204761
1.100034
0.924588
0.932326
1.137716
1.118714
1.326318
1.162801
1.219765
1.276405
1.024585
0.785985
0.575221
0.695467
0.637945
0.874611
0.979659
1.152011
1.201300
1.355939
1.003476
0.969277
0.777773
0.858231
1.161017
1.184103
1.030582
0.672531
0.781492
0.846129
0.954424
0.645060
0.785426
0.810317
0.598264
0.549748
0.533906
0.632162
0.614730
0.555101
0.800107
1.058505
1.382120
1.433602
1.294956
1.058999
0.764725
0.550393
0.509014
0.542827
0.766101
0.690845
0.573523
0.332450
0.249176
0.328710
0.390703
0.512690
0.635430
0.698240
0.527995
0.408587
0.464906
0.471354
0.407470
0.354676
0.390187
0.627304
0.856963
1.202009
1.448585
1.291538
0.861584
0.803030
0.842582
1.376704
1.787010
2.190783
1.781293
1.290614
1.047456
0.821388
0.744692
0.764811
0.531520
1.004229
1.069317
1.188424
1.194787
1.246956
1.246204
1.497594
1.596882
1.572485
1.474831
1.694343
1.632952
1.800488
1.764591
2.153488
2.262707
2.145922
2.014691
1.642904
2.093322
2.077265
2.034188
1.649847
1.639401
1.574398
1.380917
0.822548
1.034817
1.547679
1.571238
1.468425
1.463159
1.433344
1.273374
1.303124
1.343385
1.554493
1.817642
2.035219
2.033672
1.572227
0.966805
1.480398
2.506703
2.339510
1.302845
0.473353
0.392509
0.366950
0.445517
0.578359
0.456823
0.477287
0.779213
1.195969
1.531944
1.852249
1.517112
1.512340
1.591294
1.382400
1.022543
0.660279
0.600607
0.495365
0.328839
0.321423
0.361963
0.497106
0.906252
0.964333
0.877147
0.813219
1.091845
1.298804
1.146895
0.878781
0.761974
0.618943
0.455125
0.608023
0.750302
0.693855
0.364693
0.278862
0.348271
0.736072
0.817067
0.687492
0.881532
1.015987
1.173829
0.946750
0.734546
0.680076
0.644759
0.619566
0.558626
0.376774
0.608689
0.813886
1.208673
1.534846
1.255318
0.923491
0.502480
0.548179
0.583539
0.483628
0.385179
0.378816
0.365209
0.376580
0.506972
0.450998
0.508112
