0.222892
0.126549
0.043509
0.107272
0.279678
0.412437
0.479665
0.489013
0.556543
0.545986
0.564124
0.737809
0.984862
0.953469
1.105575
1.168152
1.150107
0.931424
0.761366
0.949725
0.987095
0.948423
0.981467
0.934284
0.948260
0.832012
0.716462
0.698254
0.511267
0.298933
0.210985
0.235960
0.234263
0.279004
0.260354
0.428831
0.546869
0.516197
0.539660
0.427622
0.383322
0.379206
0.344348
0.428622
0.365161
0.457434
0.571309
0.791969
1.040393
0.912728
0.762343
0.478246
0.328117
0.442690
0.610330
1.009721
0.923285
0.945795
0.766110
0.766947
0.652676
0.460526
0.500989
0.424738
0.394763
0.350278
0.392461
0.414762
0.398670
0.490734
0.555659
0.591843
0.733600
0.758157
0.722508
0.663326
0.612865
0.644397
0.478200
0.564566
0.482827
0.467107
0.516011
0.532568
0.628305
0.674046
0.679674
0.537684
0.456689
0.462735
0.650095
0.668814
0.632793
0.378369
0.458294
0.573751
0.681813
0.486315
0.395903
0.305700
0.322559
0.276283
0.260982
0.300630
0.315420
0.311862
0.173314
0.233914
0.299584
0.273097
0.307769
0.325675
0.511686
0.889078
1.238635
1.351930
1.043021
1.098157
1.137061
1.801178
2.083577
2.128876
1.599936
1.176523
0.858150
0.776156
0.778574
0.672860
0.731973
1.035301
0.866405
0.796596
0.617934
0.653257
0.617329
0.724252
0.946842
1.002140
0.801712
0.727252
0.790992
1.523360
1.696720
1.747647
1.120109
0.909751
1.180500
1.185360
1.018325
0.931564
0.715439
0.648281
0.604749
0.585820
0.503872
0.379392
0.274307
0.469735
0.670605
0.671465
0.541963
0.263098
0.257285
0.310002
0.441760
0.492547
0.828129
1.839547
1.918053
1.590216
1.053044
0.776458
0.725229
0.639235
0.653676
0.755297
0.969956
1.012395
1.066787
0.783690
0.592750
0.540009
0.430900
0.417157
0.418599
0.368463
0.411530
0.742484
0.852918
1.119644
1.379114
1.420460
1.106458
0.738205
0.495663
0.375718
0.518685
0.563915
0.600424
0.524034
0.493012
0.590215
0.579541
0.618748
0.591703
0.867777
1.571008
1.679582
1.612354
1.119388
0.795596
0.431156
0.296910
0.351464
0.493687
0.621259
0.611469
0.433575
0.261517
0.160966
0.205846
0.369858
0.429598
0.571147
0.458573
0.463596
0.519336
0.486990
0.465410
0.418204
0.575658
0.593006
0.614771
0.733926
0.733624
0.755180
0.671093
0.667605
0.729508
0.804479
0.781225
0.683813
0.502733
0.311072
0.337721
0.378439
0.452015
0.461038
0.411483
0.346464
0.488850
0.586959
0.614074
0.369091
0.355185
0.383113
0.416925
0.401344
0.563101
0.560403
0.626352
0.978491
2.239473
2.491712
2.386579
0.602191
0.463387
0.398391
0.172058
0.158640
0.443132
0.561450
0.668093
0.791271
0.891404
1.108365
1.171919
1.019557
0.853336
0.753250
0.826013
1.170919
1.386579
1.275517
1.129457
0.609167
0.730298
0.779086
0.789387
0.607516
0.716439
0.788573
0.918146
0.830501
0.716323
0.550869
1.502501
1.819711
1.925053
1.301515
0.808572
0.724764
0.581774
0.349790
0.244123
0.145432
0.230124
0.406437
0.738623
0.927448
0.996303
0.902845
0.944539
0.941540
1.191290
1.195313
1.237868
1.046835
0.817199
0.994489
1.488827
1.691255
1.641701
1.351651
1.212428
1.122550
1.264750
1.295515
1.218823
1.568543
1.604354
1.997932
1.650119
1.057020
1.091436
0.897659
0.918378
0.758366
0.560752
0.421041
0.365719
0.648513
0.698905
1.443110
1.798713
2.114203
1.797178
1.754786
1.434110
1.343837
0.686115
0.472758
0.266214
0.266958
0.232775
0.383113
1.453388
2.433623
2.649212
2.208219
2.097692
2.017907
1.803503
1.007837
1.071089
0.975747
0.950051
0.770598
0.899845
1.117760
1.356232
1.597750
2.044719
2.195174
2.340931
2.435111
2.118854
1.781133
0.870451
0.424552
0.095993
0.054694
0.096482
0.292654
0.552566
0.604702
0.638072
0.531638
0.422343
0.326210
0.573937
1.118876
1.106482
1.054322
0.801828
0.680209
0.593773
0.691580
0.768133
0.753739
0.565938
0.369393
0.377369
0.602610
0.839733
0.978281
1.407903
2.164897
2.238845
1.859337
1.029301
0.676116
0.451318
0.303212
0.286748
0.491966
0.651792
0.715509
0.487362
0.392252
0.395973
0.641002
0.911193
1.649049
2.140666
2.136829
1.640003
1.675652
1.886637
1.881893
1.563706
0.980909
0.715927
0.526615
0.809874
0.803712
0.837593
0.831268
1.136735
1.122992
0.966747
0.609214
0.559985
0.847709
1.154176
1.394764
1.217009
0.870196
0.831268
1.043230
1.172803
1.085367
0.756599
0.584774
0.647188
1.062461
1.111853
0.963794
0.580541
0.637328
0.775342
0.885776
0.866777
1.266610
1.213753
1.231124
0.918960
0.928308
0.807316
0.925099
1.134689
1.117062
1.041114
0.750506
0.771179
1.188104
1.803806
1.733276
1.259099
0.820339
0.634421
0.791573
1.064973
1.307445
1.525429
1.744228
1.583286
1.422995
1.404577
1.225287
1.081414
0.956073
1.016976
1.106226
1.429111
1.665513
1.741531
1.761715
1.772412
1.446365
1.082623
0.924494
0.929680
0.810037
0.747251
0.854848
0.892450
0.819199
0.750367
0.648653
0.560589
0.568519
0.858662
1.389113
2.222242
2.442785
2.071485
1.601959
1.332792
1.467131
1.464178
1.816061
2.261983
2.436157
2.100041
1.994118
1.715463
1.704487
1.282260
1.178616
1.187406
1.149851
1.131596
1.253820
1.524430
1.860058
1.577031
1.108644
0.650095
0.537870
0.814130
0.885613
0.652908
0.377625
0.634956
0.746832
0.912983
0.701347
0.494570
0.206265
0.076506
0.102993
0.397693
0.710370
0.930517
0.806386
0.949958
1.068159
1.262378
1.265587
1.245356
1.117853
0.869428
0.819222
0.789876
0.801200
0.751785
0.639630
0.562333
0.469433
0.573425
1.013093
1.361394
1.334233
1.259983
0.996024
0.776946
1.035766
1.523034
1.790597
1.844640
2.398625
2.451086
2.289586
1.156664
0.700835
0.459573
0.170500
0.000419
0.000419
0.000419
0.000419
0.000419
0.000419
0.000419
0.000419
0.000419
0.000419
0.000419
0.000419
0.000419
0.000419
0.000419
0.000419
0.000419
0.000419
0.000419
0.000419
0.000419
0.000419
0.000419
0.000419
0.000419
0.000419
0.000419
0.000419
0.000419
0.000419
0.000419
0.000419
0.000419
0.000419
0.000419
0.000419
0.000419
0.000419
0.000419
0.000419
0.000419
0.000419
0.000419
0.000419
0.000419
0.000419
0.000419
0.000419
0.000419
0.000419
0.000419
0.000419
0.000419
0.000419
0.000419
0.000419
0.000419
0.000419
0.000419
0.000419
0.000419
0.000419
0.000419
0.000419
0.000419
0.000419
0.000419
0.000419
0.000419
0.000419
0.000419
0.000419
0.000419
0.000419
0.000419
0.000419
0.000419
0.000419
0.000419
0.000419
0.000419
0.000419
0.000419
0.000419
0.000419
0.000419
0.000419
0.000419
0.000419
0.000419
0.000419
0.000419
0.000419
0.000419
0.000419
0.000419
0.000419
0.000419
0.000419
0.000419
0.000419
0.000419
0.000419
0.000419
0.000419
0.000419
0.000419
0.000419
0.000419
0.000419
0.000419
0.000419
0.000419
0.000419
0.000419
0.000419
0.000419
0.000419
0.000419
0.000419
0.000419
0.000419
0.000419
0.000419
0.000419
0.000419
0.000419
0.000419
0.000419
0.000419
0.000419
0.000419
0.000419
0.000419
0.000419
0.000419
0.000419
0.000419
0.000419
0.000419
0.000419
0.000419
0.000419
0.000419
0.000419
0.000419
0.000419
0.000419
0.000419
0.000419
0.000419
0.000419
0.000419
0.000419
0.000419
0.000419
0.000419
0.000419
0.000419
0.000419
0.000419
0.000419
0.000419
0.000419
0.000419
0.000419
0.000419
0.000419
0.000419
0.000419
0.000419
0.000419
0.000419
0.000419
0.000419
0.000419
0.000419
0.000419
0.000419
0.000419
0.000419
0.000419
0.000419
0.000419
0.000419
0.000419
0.000419
0.000419
0.000419
0.000419
0.000419
0.000419
0.000419
0.000419
0.000419
0.000419
0.000419
0.000419
0.000419
0.000419
0.000419
0.000419
0.000419
0.000419
0.000419
0.000419
0.000419
0.000419
0.000419
0.000419
0.000419
0.000419
0.000419
0.000419
0.000419
0.000419
0.000419
0.000419
0.000419
0.000419
0.000419
0.000419
0.000419
0.000419
0.000419
0.000419
0.000419
0.000419
0.000419
0.000419
0.000419
0.000419
0.000419
0.000419
0.000419
0.000419
0.000419
0.000419
0.000419
0.323954
1.034231
1.191894
1.618911
1.514965
1.359418
0.870707
0.895380
1.061927
1.036277
1.135573
1.038905
1.068042
1.204289
1.682326
1.778552
1.778645
1.359255
1.729136
1.946028
2.429460
1.951167
1.484014
1.199731
1.419623
1.469015
2.049742
2.156223
1.902729
1.001466
0.892659
1.031487
1.438156
1.779319
1.499245
1.059159
0.532684
0.508523
0.841453
0.808735
0.975560
0.641165
0.986792
0.915518
0.928959
0.626027
0.468758
0.506314
0.641584
0.579332
0.541916
0.774272
1.085274
1.247123
1.256006
1.275051
1.174430
1.472456
1.596285
1.675628
1.454760
0.673721
0.398949
0.796503
1.055834
1.338349
1.073926
0.775528
0.882381
0.943935
0.935656
0.791899
0.783202
0.886427
1.093390
1.327606
1.443389
1.247053
0.952050
0.699045
0.610702
0.802596
1.166873
1.232822
1.106877
0.964910
0.843081
0.722159
0.595750
1.049044
1.248495
1.537754
1.633957
1.961399
1.587146
1.070461
0.826943
1.126852
1.141782
1.077763
1.070205
1.272005
1.210242
1.450435
1.457202
1.267122
0.961864
0.758017
0.848848
0.881776
1.329048
1.534475
1.496734
0.966747
0.552543
0.718346
0.976956
1.112179
1.339233
1.500873
1.529429
1.385509
1.389044
1.374021
1.515174
1.350302
1.035417
0.897798
0.840593
0.946330
0.977909
0.850360
0.638398
0.615725
0.620748
0.690278
0.756343
0.669140
0.475804
0.334768
0.217892
0.229170
0.401670
1.127387
1.683558
1.652444
1.244519
0.954329
0.845035
0.735461
0.769691
0.793968
0.822594
0.778504
0.862615
0.773412
0.787736
0.673070
0.725182
0.556752
0.545451
0.512616
0.327024
0.160431
0.113667
0.210613
0.668907
0.969468
1.140084
1.382602
1.418042
1.453086
1.083297
0.815572
0.709253
0.634165
0.398252
0.409483
0.528917
0.543032
0.742414
0.836407
0.999210
0.775225
0.579355
0.355162
0.253401
0.278655
0.408948
0.483967
0.569263
0.820664
0.765412
0.870800
0.647978
0.669349
0.619143
0.632282
0.734926
0.878428
0.756366
0.548730
0.318722
0.304700
0.353371
0.845314
0.996722
1.098087
0.940702
0.620213
0.514941
0.476200
0.418297
0.446644
0.504709
0.516034
0.480083
0.343906
0.283748
0.195521
0.409297
0.574588
0.600633
0.529033
0.579053
0.612423
0.586332
0.452666
0.472921
0.574867
0.931796
0.962817
0.887520
0.502361
0.332140
0.414669
0.488664
0.509500
0.518406
0.391415
0.305072
0.420506
0.505872
0.579402
0.539939
0.576472
0.542846
0.438970
0.366835
0.235612
0.200521
0.206358
0.261052
0.340046
0.354975
0.297840
0.265284
0.268214
0.251238
0.260354
0.143548
0.082948
0.059996
0.065112
0.058554
0.052927
0.052415
0.064414
0.079878
0.142618
0.164058
0.169709
0.175779
0.136921
0.162431
0.182685
0.246588
0.197335
0.116527
0.114597
0.088366
0.111085
0.142362
0.212450
0.252727
0.265563
0.284911
0.367649
0.408646
0.363673
0.257145
0.246541
0.213009
0.209892
0.192103
0.248750
0.299072
0.284771
0.298305
0.317722
0.294166
0.288585
0.205614
0.176197
0.146734
0.093482
0.101970
0.095482
0.101272
0.158175
0.243448
0.362301
0.396996
0.362068
0.231728
0.144246
0.097993
0.105574
0.115225
0.193242
0.205032
0.293003
0.275632
0.218985
0.166082
0.159129
0.129410
0.105481
0.170198
0.204916
0.269400
0.180499
0.109527
0.036277
0.038532
0.111620
0.277306
0.262075
0.208846
0.071367
0.060693
0.130131
0.208683
0.249308
0.207776
0.195591
0.275911
0.299468
0.344627
0.285655
0.242658
0.143083
0.149176
0.136153
0.176220
0.158408
0.174988
0.181406
0.159942
0.160710
0.264493
0.383950
0.403019
0.510872
0.449760
0.385159
0.242890
0.140897
0.183150
0.208637
0.237914
0.180360
0.179639
0.163640
0.220659
0.258866
0.231100
0.205451
0.104807
0.129689
0.122457
0.156989
0.153524
0.132549
0.110713
0.105900
0.057275
0.097877
0.110457
0.152501
0.133619
0.146153
0.137060
0.121108
0.139293
0.210706
0.241309
0.234495
0.172546
0.231519
0.267330
0.223380
0.202288
0.102644
0.221124
0.207079
0.183034
0.067437
0.207521
0.299491
0.362975
0.228403
0.114736
0.100714
0.103109
0.081832
0.099737
0.103551
0.129805
0.128433
0.166523
0.276539
0.298212
0.294584
0.209846
0.285027
0.276237
0.294910
0.201126
0.172616
0.155966
0.267563
0.326536
0.317071
0.177732
0.110690
0.112155
0.169546
0.226659
0.201614
0.201102
0.285864
0.291980
0.265540
0.232635
0.186173
0.173755
0.058740
0.112992
0.188940
0.259587
0.390903
0.476665
0.415134
0.277492
0.128386
0.102063
0.159454
0.199010
0.252262
0.236984
0.180453
0.153338
0.211311
0.247983
0.286422
0.261424
0.190591
0.201591
0.159966
0.174407
0.216032
0.212125
0.141060
0.084343
0.081994
0.090319
0.122922
0.123852
0.190638
0.161338
0.150385
0.079506
0.139176
0.227566
0.311932
0.273795
0.182778
0.110388
0.147943
0.152083
0.238007
0.345697
0.381602
0.342488
0.213590
0.176430
0.147734
0.153594
0.181848
0.198498
0.219310
0.188754
0.223752
0.222450
0.242472
0.247169
0.188638
0.136642
0.088273
0.065414
0.071576
0.152710
0.148222
0.125154
0.101109
0.082018
0.069181
0.060019
0.050136
0.076344
0.114527
0.130968
0.150757
0.162361
0.149408
0.159919
0.114899
0.216869
0.230240
0.268656
0.230193
0.181755
0.205730
0.166616
0.128945
0.178104
0.174430
0.252890
0.226356
0.219845
0.174500
0.118945
0.100923
0.134828
0.147967
0.117620
0.181476
0.227031
0.246820
0.222333
0.228007
0.229496
0.340976
0.317815
0.282608
0.187685
0.123038
0.127410
0.139618
0.138153
0.119643
0.105039
0.113597
0.125015
0.154594
0.224496
0.209939
0.163361
0.089645
0.124643
0.133293
0.149827
0.134456
0.172267
0.116783
0.081925
0.067716
0.055089
0.089971
0.119759
0.098923
0.113527
0.100342
0.099993
0.092133
0.068298
0.109597
0.252169
0.256052
0.337186
0.295445
0.290794
0.216334
0.206800
0.151989
0.133874
0.095017
0.092901
0.080250
0.091203
0.077692
0.056810
0.028951
0.014766
0.009185
0.054926
0.086831
0.177871
0.221194
0.210869
0.212334
0.200521
0.204893
0.163431
0.181243
0.182871
0.161756
0.088808
0.032463
0.082366
0.205637
0.298654
0.279539
0.164617
0.084576
0.073693
0.088947
0.138758
0.127875
0.162500
0.104853
0.097830
0.051973
0.054531
0.070204
0.125387
0.167686
0.122550
0.109458
0.124317
0.136804
0.150617
0.099505
0.049206
0.023370
0.052368
0.088529
0.153175
0.167570
0.165268
0.195661
0.284887
0.287701
0.254308
0.141804
0.097319
0.124968
0.256633
0.395531
0.457968
0.343441
0.180848
0.062368
0.065926
0.089482
0.092435
0.117015
0.085762
0.126224
0.126596
0.113527
0.107923
0.098830
0.096738
0.061112
0.022626
0.004372
0.022045
0.057252
0.061833
0.044462
0.011488
0.002837
0.013999
0.012790
0.012790
0.016115
0.013673
0.041044
0.138921
0.161431
0.128828
0.108248
0.142060
0.155826
0.139688
0.110923
0.058973
0.016604
0.065391
0.079227
0.134572
0.183615
0.211706
0.178011
0.136084
0.091273
0.053043
0.048997
0.080460
0.138409
0.186987
0.256308
0.252122
0.243890
0.244053
0.270330
0.298607
0.248378
0.160245
0.110597
0.095854
0.092040
0.169174
0.167128
0.159942
0.067995
0.032370
0.051043
0.043788
0.044369
0.077088
0.080227
0.081180
0.122038
0.141711
0.147967
0.148222
0.091831
0.075739
0.077553
0.158175
0.201219
0.176895
0.104597
0.041416
0.024184
0.006813
0.029068
0.045299
0.077669
0.131037
0.125945
0.096086
0.049299
0.078274
0.126945
0.148850
0.091319
0.103109
0.111457
0.147083
0.137851
0.134758
0.118457
0.171872
0.152757
0.149571
0.145246
0.134479
0.183243
0.159756
0.159919
0.121061
0.106435
0.095877
0.073227
0.026184
0.013371
0.021417
0.041858
0.046160
0.092435
0.093435
0.113457
0.081599
0.029951
0.039695
0.059438
0.069763
0.093900
0.128875
0.152594
0.145176
0.056577
0.035439
0.034881
0.034463
0.024835
0.021859
0.093947
0.111853
0.120968
0.090622
0.065275
0.066879
0.070693
0.064623
0.060949
0.107272
0.104644
0.068507
0.036091
0.014697
0.030486
0.054647
0.060786
0.050229
0.030882
0.052741
0.088040
0.097249
0.119178
0.084320
0.111876
0.097249
0.096296
0.101412
0.071251
0.045508
0.029579
0.014743
0.043881
0.050787
0.039951
0.020138
0.029556
0.073623
0.084064
0.110364
0.152083
0.156780
0.140734
0.134456
0.211753
0.192731
0.144734
0.118062
0.111760
0.072158
0.029579
0.016999
0.001628
0.005814
0.006255
0.041602
0.159617
0.191289
0.170500
0.136758
0.184266
0.215264
0.190591
0.072553
0.013487
0.015208
0.012139
0.032881
0.038276
0.098109
0.137223
0.160663
0.162152
0.104876
0.069972
0.042416
0.091808
0.101574
0.080274
0.089645
0.093435
0.101156
0.094180
0.098761
0.129572
0.112690
0.094854
0.085994
0.093645
0.240611
0.418483
0.357673
0.303212
0.087227
0.124224
0.135898
0.119829
0.098737
0.104388
0.110876
0.088506
0.066740
0.044136
0.028440
0.000419
0.000419
0.008372
0.023254
0.035393
0.034463
0.140130
0.134177
0.118969
0.045462
0.051159
0.044439
0.015859
0.007813
0.031021
0.106876
0.125108
0.126898
0.061228
0.091133
0.127619
0.131875
0.134479
0.052950
0.038137
0.028463
0.038881
0.047671
0.052275
0.083552
0.151129
0.158547
0.116271
0.088017
0.070763
0.070925
0.014836
0.053485
0.090157
0.165337
0.192638
0.191777
0.198544
0.138502
0.088436
0.113643
0.106341
0.076971
0.142013
0.140920
0.181220
0.164430
0.261028
0.249797
0.201149
0.077413
0.065763
0.060461
0.045741
0.052415
0.088064
0.145920
0.146339
0.094784
0.086692
0.062786
0.042113
0.037602
0.034881
0.045485
0.052322
0.042741
0.050624
0.046787
0.042462
0.132944
0.124410
0.108876
0.022185
0.023324
0.077204
0.194173
0.229124
0.191987
0.101388
0.091854
0.056624
0.086320
0.087389
0.082552
0.047113
0.037021
0.054740
0.087203
0.067460
0.078902
0.071367
0.063344
0.045229
0.011720
0.020347
0.054694
0.063949
0.055671
0.031533
0.020929
0.043137
0.039927
0.050136
0.085552
0.092342
0.075809
0.026928
0.024952
0.050648
0.042578
0.026161
0.060786
0.061624
0.060228
0.048229
0.079901
0.114736
0.093877
0.061438
0.021022
0.027905
0.019743
0.031323
0.062089
0.077785
0.088343
0.092715
0.143827
0.111295
0.113597
0.051066
0.013836
0.002604
0.055438
0.083715
0.096714
0.122643
0.121875
0.124968
0.073065
0.066856
0.066530
0.088203
0.096551
0.093645
0.068600
0.074553
0.111411
0.126363
0.126154
0.046764
0.013301
0.003349
0.009302
0.009302
0.011813
0.017162
0.036207
0.047694
0.047439
0.031928
0.017185
0.010464
0.006093
0.053554
0.083715
0.087692
0.257703
0.315792
0.320280
0.140223
0.056322
0.109783
0.155059
0.167640
0.132433
0.092296
0.076227
0.052810
0.068298
0.069158
0.076506
0.042555
0.025673
0.013929
0.036184
0.053485
0.041486
0.086854
0.129363
0.169035
0.163989
0.088575
0.033254
0.065716
0.062531
0.062089
0.051996
0.070204
0.108039
0.082576
0.038346
0.026859
0.033091
0.053485
0.052252
0.125549
0.164361
0.173639
0.119899
0.135921
0.208265
0.238332
0.207404
0.108458
0.125619
0.256238
0.308072
0.342186
0.311746
0.297142
0.239751
0.170593
0.183150
0.328977
0.443341
0.454573
0.322559
0.229612
0.197754
0.102412
0.197963
0.337139
0.293561
0.276958
0.315513
0.331628
0.373044
0.676907
1.027696
1.113923
1.288725
1.231729
1.366301
1.024813
0.828106
0.881009
1.251216
1.228241
0.803828
0.400949
0.329163
0.411111
0.536916
0.636537
0.741274
0.694696
0.770086
0.683906
0.617585
0.503663
0.538312
0.339814
0.459061
0.369719
0.361440
0.263912
0.202591
0.158966
0.210241
0.230589
0.167547
0.119410
0.241262
0.716392
0.904310
0.956980
0.832663
0.848453
0.783457
0.542056
0.217822
0.136107
0.130340
0.139688
0.165151
0.183615
0.152989
0.210520
0.160501
0.214985
0.290910
0.342953
0.298398
0.459317
0.491896
0.598656
0.566286
0.519639
0.434784
0.403367
0.444434
0.535405
0.821734
0.909402
0.819595
0.626724
0.326047
0.322582
0.334302
0.613469
0.565728
0.515243
0.431528
0.463387
0.531405
0.432086
0.326466
0.243774
0.252564
0.242332
0.468712
0.699021
0.771691
0.646048
0.529289
0.436667
0.599261
0.559380
0.569170
0.411855
0.511848
0.477711
0.408228
0.270167
0.277841
0.371370
0.383718
0.751460
0.756390
0.686650
0.594331
0.438412
0.465200
0.496012
0.544637
0.582704
0.556310
0.489385
0.630980
0.566496
0.482292
0.310979
0.242262
0.464852
0.534289
0.539823
0.484315
0.463363
0.601958
0.545706
0.488152
0.408204
0.345883
0.221403
0.124829
0.131526
0.188499
0.230426
0.203591
0.255750
0.229984
0.234170
0.279864
0.459712
0.606074
0.519173
0.303723
0.170546
0.216636
0.233775
0.269981
0.347627
0.635468
0.776644
0.680255
0.556334
0.345999
0.478455
0.560124
0.793782
0.925215
0.976746
0.837989
0.622376
0.502477
0.385834
0.413995
0.292724
0.164477
0.190894
0.186103
0.275028
0.256866
0.309048
0.439830
0.655350
0.994489
1.000140
0.798898
0.581634
0.503616
0.739530
0.778783
0.678674
0.838500
0.817734
0.927610
0.741530
0.457899
0.541079
0.571960
0.694929
0.599517
0.491199
0.589750
0.680418
0.814804
0.869266
0.866126
0.752274
0.706928
0.486548
0.643653
0.625631
0.736414
0.540544
0.429994
0.221799
0.329884
0.658489
0.745530
0.716067
0.606586
0.788736
0.917262
1.130108
1.037068
1.039207
1.010791
1.088599
0.900380
0.815874
0.551497
0.554892
0.564449
0.717904
0.709463
0.715602
0.493012
0.658210
1.017465
1.028068
0.959934
0.857731
0.762808
0.719625
0.793248
0.592773
0.457852
0.230496
0.197498
0.235844
0.249355
0.367300
0.422436
0.485873
0.600238
0.549078
0.612446
0.584960
0.657141
0.693045
0.569891
0.699789
0.937028
1.090948
1.019116
0.821269
1.124829
1.132619
1.272912
1.218009
1.067461
0.933656
0.647374
0.683325
0.617236
0.681232
0.716974
0.966608
1.024976
1.196987
1.454853
1.670024
1.473945
1.046997
0.688138
0.474502
0.318164
0.335140
0.361208
0.391113
1.038347
3.809900
4.198152
3.276541
1.116644
0.679441
0.686720
0.622748
0.633328
0.771342
0.605237
0.490199
0.403949
0.491036
0.805037
1.056625
1.174663
0.983467
1.090297
1.459132
1.590285
1.574519
1.259099
1.115807
0.940470
0.923285
1.190360
1.250867
1.204824
1.190732
1.065973
0.926308
0.590796
0.437481
0.741112
1.018465
1.357418
1.485572
1.131806
0.960422
0.822594
1.146502
1.437691
1.419809
1.429390
1.191336
1.030138
0.965212
0.888543
1.092250
1.495711
1.806712
2.486479
1.972492
1.975701
1.236170
1.210986
1.277726
1.593588
1.684442
1.574403
1.412530
1.772017
2.066973
2.041138
1.795922
1.333187
0.872289
0.656838
0.424785
0.842128
1.019836
1.142968
0.957376
1.085320
1.211893
1.417739
1.338721
1.276191
1.344884
1.204568
1.181360
1.372649
1.408810
1.338280
1.063392
0.959166
0.972747
0.941354
1.069438
1.293864
1.098878
1.017395
1.117620
1.193731
1.366906
1.213660
1.159664
0.942702
0.836035
1.044416
1.083088
1.031115
1.007861
1.123853
1.083669
0.958097
0.747925
0.509151
0.473339
0.577169
0.738461
0.792457
0.710602
0.801805
0.789597
0.741228
0.691348
0.637956
0.838709
0.957771
1.111365
1.026836
0.858917
0.987722
0.981211
1.028162
0.922471
0.915518
0.882730
1.187546
1.333280
1.499943
1.531615
1.366464
1.009233
0.777411
0.703044
0.627236
0.748646
0.841849
0.879800
1.065089
1.435250
1.639050
2.158409
2.124086
2.333048
2.107692
1.522034
1.017999
0.804154
0.699324
0.763064
0.585494
0.515732
0.367579
0.334349
0.422924
0.442621
0.434644
0.674000
0.859382
0.815897
0.656466
0.385345
0.483525
0.576216
0.639165
0.693068
1.051811
1.007093
0.915681
1.163850
1.214102
1.224241
0.847895
0.517220
0.507151
0.604284
0.855546
1.053020
1.088995
1.013395
1.051881
1.136921
1.162385
1.093576
1.135689
1.334233
1.272447
1.027906
0.901984
0.978142
1.733392
2.214800
2.215289
1.670257
0.888264
0.588401
0.374928
0.359626
0.447062
0.537149
0.552729
0.627375
0.675604
0.512197
0.501756
0.473572
0.654280
0.803340
0.850011
0.991583
1.006163
0.768691
0.412390
0.380462
0.604656
0.792875
0.931377
0.954190
1.093064
1.409112
1.461085
1.383486
1.003721
0.909937
0.781504
0.645444
0.912146
1.143037
1.165385
1.062159
1.557660
1.695674
1.604098
1.586169
1.790318
1.791806
1.534313
1.143293
0.976328
1.041230
0.822106
0.700207
0.741181
0.697184
0.528336
0.460619
0.675093
0.831663
0.854918
0.896961
0.726857
0.685767
0.898450
1.047695
1.072461
1.015255
1.136387
1.310584
1.138084
1.152153
0.828896
0.672279
0.565217
0.685581
0.614097
0.455689
0.258959
0.275911
0.496222
0.609028
0.773714
0.712160
0.697673
0.629817
1.036300
1.142712
1.013535
0.960120
1.389950
1.501826
1.417228
1.195243
1.299864
1.596843
1.441110
1.549916
1.159432
0.998652
0.666024
0.815944
1.019743
1.330768
1.659909
2.064113
2.213335
2.406392
2.200522
1.827130
1.979840
1.870592
1.854174
1.540335
1.394485
1.309630
1.425250
1.292864
1.022697
0.798573
1.972701
3.017908
3.491410
3.270495
2.573008
2.165176
1.734880
1.687535
1.357488
0.897775
1.032045
1.623795
1.673954
1.262680
0.904984
1.107063
1.245309
1.420902
1.294538
1.355930
1.071670
0.756692
0.783248
1.206824
1.963329
2.089949
2.797714
2.348698
2.213894
2.318816
1.909682
1.726950
1.363813
1.205103
1.050276
0.547148
0.514197
0.520359
0.433924
0.441993
0.664605
0.665582
0.705905
0.774412
0.983141
0.997629
0.843639
0.475037
0.354789
0.531126
0.586285
0.653839
0.931889
1.019139
1.078019
0.902775
1.051951
1.125829
1.038928
1.026231
1.220334
1.245193
0.785597
0.466317
0.423529
0.626306
0.622027
0.632328
0.656350
0.646374
0.662931
0.697696
0.704835
0.833524
0.562961
0.680558
1.039417
1.341396
1.475805
1.160385
0.935145
0.923890
0.893915
1.052276
1.029952
1.040812
0.674279
0.509314
0.384648
0.714020
0.833198
0.715160
0.838593
1.527871
1.649816
1.510919
0.833640
0.639514
0.645583
0.725485
0.659001
0.513313
0.363952
0.503826
0.561101
0.709230
0.748716
0.812665
0.927866
0.913076
0.864196
0.492292
0.460201
0.935633
1.164478
1.243612
1.235636
1.118109
1.032254
0.922797
0.708509
0.628003
0.459317
0.324792
0.268656
0.199614
0.075785
0.051624
0.226449
0.389345
0.414134
0.361533
0.301212
0.368509
0.326722
0.243727
0.244844
0.264749
0.381881
0.464968
0.450597
0.450132
0.355208
0.308630
0.367347
0.441853
0.473386
0.528684
0.505826
0.545032
0.426529
0.245820
0.170825
0.158687
0.294747
0.351301
0.354441
0.256029
0.217985
0.181313
0.140432
0.043974
0.084692
0.232519
0.441295
0.453829
0.468433
0.507384
0.531568
0.471386
0.382625
0.366812
0.375625
0.356185
0.379230
0.588145
0.732066
0.789364
0.660675
0.442853
0.279725
0.182313
0.241286
0.396275
0.390322
0.314490
0.235914
0.254378
0.294677
0.394043
0.626817
0.600168
0.641165
0.560566
0.508128
0.448597
0.443551
0.455038
0.459178
0.484036
0.367789
0.286538
0.259145
0.290375
0.329210
0.258471
0.299398
0.270981
0.218706
0.143571
0.154338
0.164919
0.213171
0.229566
0.234844
0.243611
0.230751
0.228333
0.266749
0.196824
0.223240
0.292305
0.432365
0.457271
0.384927
0.346232
0.294445
0.253587
0.393717
0.427343
0.431924
0.326164
0.247239
0.276679
0.277865
0.238867
0.248913
0.300258
0.402879
0.478362
0.474572
0.399577
0.280771
0.243099
0.246448
0.359115
0.343674
0.293794
0.284166
0.403670
0.492454
0.488827
0.404251
0.353557
0.391299
0.438179
0.350557
0.262680
0.171011
0.175709
0.221287
0.204428
0.165082
0.167244
0.155803
0.149711
0.108062
0.071181
0.041718
0.098575
0.146711
0.204660
0.260191
0.221543
0.226403
0.153478
0.173802
0.171779
0.195824
0.191498
0.207428
0.269819
0.267377
0.218171
0.137060
0.082878
0.107527
0.138083
0.146502
0.141641
0.099668
0.151478
0.110574
0.101877
0.128386
0.146292
0.120108
0.120294
0.105667
0.089575
0.106690
0.122131
0.118085
0.175011
0.275376
0.270888
0.149083
0.053996
0.031300
0.041858
0.053624
0.050694
0.039881
0.064251
0.118038
0.201893
0.241611
0.270818
0.235356
0.193568
0.107225
0.099900
0.125201
0.162710
0.139037
0.149548
0.129386
0.162338
0.155199
0.144060
0.298026
0.285980
0.267842
0.124340
0.085296
0.101784
0.204986
0.258657
0.233565
0.158431
0.129503
0.141176
0.103458
0.083924
0.129689
0.170360
0.191684
0.109109
0.094249
0.105435
0.120782
0.113388
0.133874
0.103597
0.109062
0.085041
0.079460
0.055996
0.060949
0.085971
0.089203
0.068251
0.024324
0.059670
0.122085
0.147455
0.164500
0.137014
0.128596
0.093296
0.044811
0.034021
0.065112
0.078553
0.093645
0.059508
0.022533
0.047625
0.106969
0.124154
0.117876
0.050973
0.029091
0.030184
0.064600
0.104737
0.151710
0.141200
0.119294
0.083064
0.089575
0.099598
0.105853
0.075251
0.112829
0.200707
0.277702
0.316560
0.256471
0.198916
0.134572
0.166756
0.211404
0.225612
0.228007
0.247983
0.313583
0.237193
0.248587
0.224636
0.210730
0.182011
0.208451
0.257610
0.189219
0.095528
0.053206
0.036835
0.063484
0.072088
0.075041
0.070042
0.073251
0.066670
0.053206
0.099737
0.122736
0.120992
0.090482
0.071879
0.064089
0.130712
0.193033
0.193242
0.127456
0.071414
0.076832
0.156431
0.201033
0.239472
0.218427
0.247262
0.178964
0.143060
0.155594
0.148594
0.142083
0.100040
0.150734
0.137618
0.109085
0.062019
0.080460
0.169825
0.202893
0.213869
0.199754
0.260889
0.316676
0.225333
0.224310
0.290445
0.378532
0.338395
0.244146
0.291166
0.329884
0.405832
0.408879
0.322675
0.249983
0.131130
0.050299
0.031021
0.030765
0.053206
0.055392
0.062786
0.050043
0.093761
0.090715
0.097854
0.063205
0.110411
0.127828
0.129154
0.100388
0.096831
0.106458
0.153408
0.222054
0.192777
0.101667
0.098203
0.186662
0.219287
0.258308
0.170779
0.105504
0.067530
0.077111
0.092691
0.092482
0.086459
0.055578
0.092738
0.152478
0.190196
0.166523
0.100760
0.076716
0.124015
0.133967
0.209590
0.296445
0.292212
0.214962
0.251424
0.255913
0.299933
0.195917
0.168779
0.181708
0.168244
0.167756
0.086901
0.118085
0.113783
0.102435
0.060159
0.101133
0.137711
0.196359
0.180941
0.271516
0.299700
0.256354
0.160152
0.145478
0.194033
0.186987
0.174104
0.158315
0.148129
0.115411
0.062740
0.099877
0.110992
0.181453
0.241937
0.267075
0.215590
0.121294
0.095668
0.070390
0.031207
0.014511
0.047741
0.087761
0.102319
0.090040
0.058763
0.052322
0.051671
0.040788
0.038742
0.053299
0.067135
0.106109
0.125619
0.121364
0.093900
0.069391
0.038044
0.051066
0.053578
0.067553
0.052834
0.049973
0.011581
0.030510
0.053485
0.053485
0.028696
0.007162
0.050927
0.080390
0.105528
0.069274
0.025022
0.033719
0.033719
0.009395
0.008558
0.027905
0.082180
0.100156
0.066600
0.025417
0.000419
0.000419
0.013162
0.027905
0.029138
0.012790
0.013743
0.054554
0.055624
0.106853
0.110504
0.075134
0.017673
0.010162
0.025487
0.030672
0.039788
0.029789
0.050206
0.071437
0.077227
0.059019
0.056112
0.026347
0.034463
0.079390
0.129596
0.131130
0.102830
0.106062
0.062740
0.034765
0.094621
0.109992
0.103225
0.016022
0.013046
0.018789
0.059554
0.080413
0.070135
0.030370
0.077041
0.110690
0.126177
0.081901
0.037556
0.046206
0.076995
0.216543
0.327908
0.314188
0.320489
0.266168
0.290678
0.233472
0.175988
0.122805
0.149036
0.139828
0.147641
0.092552
0.106969
0.068646
0.067530
0.052229
0.031044
0.025603
0.024952
0.044997
0.064786
0.104830
0.081925
0.070553
0.037207
0.071739
0.066019
0.070716
0.087180
0.067437
0.116178
0.149013
0.159408
0.109295
0.123108
0.301863
0.360208
0.346371
0.246262
0.149548
0.119689
0.072483
0.211078
0.237193
0.215287
0.122922
0.014906
0.049997
0.095598
0.183406
0.189731
0.155268
0.120457
0.048764
0.041858
0.014906
0.040369
0.062554
0.126433
0.140688
0.124224
0.133712
0.090831
0.099714
0.107993
0.092552
0.083924
0.038648
0.027161
0.022278
0.019185
0.022138
0.025440
0.050834
0.057391
0.055019
0.073344
0.134061
0.163105
0.183290
0.109016
0.137386
0.115341
0.058508
0.028510
0.047346
0.098947
0.104993
0.089040
0.072855
0.037207
0.027719
0.023975
0.061624
0.064298
0.125875
0.120596
0.122666
0.052741
0.049229
0.069507
0.103016
0.113039
0.086599
0.084552
0.120061
0.172360
0.243262
0.232217
0.234565
0.203777
0.197591
0.142455
0.095575
0.018487
0.034881
0.037090
0.036393
0.039021
0.064623
0.068181
0.067437
0.067972
0.081366
0.078367
0.052671
0.043299
0.045950
0.048508
0.045346
0.047718
0.037393
0.074553
0.092947
0.117108
0.147641
0.127131
0.078948
0.067228
0.039439
0.056322
0.140130
0.176127
0.208800
0.161803
0.094831
0.072042
0.063972
0.100737
0.065112
0.040393
0.014208
0.073018
0.081018
0.136130
0.099412
0.093459
0.087296
0.081204
0.099714
0.089017
0.063530
0.061996
0.127549
0.125340
0.144409
0.133967
0.163710
0.140874
0.110248
0.004976
0.030137
0.038602
0.061624
0.040416
0.026440
0.025580
0.025580
0.021068
0.033370
0.047671
0.051392
0.051322
0.074553
0.078902
0.061693
0.076088
0.052113
0.105737
0.170058
0.289678
