0.642345
0.747638
0.696891
0.773962
0.769891
0.789159
0.854017
1.124307
1.299887
1.312913
1.592972
1.576146
1.578860
1.604912
1.355518
1.281433
1.198664
0.966638
0.758222
0.592412
0.571516
0.505029
0.550349
0.517512
0.527010
0.394579
0.300684
0.318594
0.388609
0.469479
0.575044
0.631218
0.694177
0.840177
0.957140
1.003274
0.889567
0.880883
0.864058
0.742211
0.757408
0.896895
1.138690
1.128649
1.094456
1.239098
1.393511
1.306400
1.652945
1.482793
1.038010
0.808698
0.842620
1.102597
1.068946
0.846690
0.746010
0.718601
0.624163
0.554148
0.441799
0.379382
0.379382
0.315338
0.251022
0.192134
0.161740
0.256449
0.337862
0.331620
0.414390
0.307468
0.283858
0.279245
0.359843
0.407877
0.611137
0.759850
0.708289
0.634746
0.495802
0.540036
0.523211
0.658627
0.739768
0.708560
0.734884
0.973694
0.952526
0.772876
0.689835
0.882783
0.779118
0.864330
0.645330
0.525382
0.579114
0.461880
0.375040
0.425245
0.400821
0.390509
0.426873
0.432300
0.400007
0.428773
0.337862
0.254821
0.386438
0.456453
0.500958
0.592683
0.618192
0.492817
0.516698
0.559304
1.004902
1.512916
1.735172
2.130837
2.427993
1.990807
1.303414
1.181567
0.902593
0.759036
0.858902
0.887939
0.952255
0.931359
1.056192
0.925389
0.943300
0.866501
1.172612
0.843705
0.900422
0.813854
0.945199
0.656456
0.605980
0.595668
0.528639
0.583728
0.561746
0.502044
0.417646
0.283858
0.174766
0.264862
0.552791
0.748995
0.812497
0.739768
0.570702
0.410590
0.889025
0.714259
0.799742
0.613579
0.396750
0.362828
0.246137
0.249122
0.277617
0.313981
0.388066
0.382096
0.218186
0.214929
0.320494
0.312895
0.345189
0.331892
0.249122
0.199189
0.234197
0.210044
0.172323
0.136230
0.115334
0.068929
0.081141
0.081413
0.083041
0.102037
0.117234
0.139758
0.140844
0.144100
0.116691
0.160925
0.160654
0.232568
0.357944
0.330263
0.295527
0.298513
0.295527
0.240710
0.254278
0.239081
0.278159
0.258892
0.272189
0.379925
0.532438
0.656999
0.639631
0.689021
0.725657
0.715073
0.516969
0.486847
0.429044
0.223070
0.177208
0.221985
0.200546
0.221171
0.264591
0.328635
0.299055
0.235011
0.239081
0.278974
0.294713
0.301769
0.254821
0.248308
0.278702
0.445598
0.390237
0.554962
0.616835
0.827423
0.884954
0.757679
0.747910
0.758765
0.672196
0.581557
0.615479
0.618735
0.578029
0.480062
0.429315
0.512356
0.496074
0.439899
0.367985
0.381282
0.381825
0.591326
0.692006
0.748452
0.724300
0.541122
0.416289
0.451568
0.392951
0.237996
0.230940
0.320494
0.400550
0.391866
0.370698
0.413847
0.450754
0.498787
0.717516
0.754151
0.796757
0.798657
0.629590
0.538679
0.563917
0.484676
0.439628
0.513713
0.518598
0.354687
0.333249
0.388609
0.357401
0.337862
0.398379
0.435286
0.540850
0.531081
0.457267
0.382096
0.378297
0.227141
0.288200
0.238539
0.176122
0.170966
0.146543
0.142743
0.192948
0.316423
0.526196
0.550891
0.666497
0.677352
0.556590
0.620906
0.436642
0.456996
0.463780
0.480334
0.428501
0.658085
0.619549
0.627962
0.592683
0.602724
0.412490
0.454553
0.493903
0.417918
0.311810
0.241252
0.227955
0.226327
0.241524
0.191591
0.178565
0.203260
0.197018
0.211401
0.264591
0.275988
0.251293
0.335962
0.545192
0.538408
0.508828
0.472193
0.388066
0.349802
0.338133
0.335420
0.273546
0.286843
0.284130
0.291185
0.187249
0.126732
0.100409
0.186435
0.196747
0.185349
0.196476
0.175037
0.220628
0.379111
0.462694
0.386709
0.377754
0.322665
0.362828
0.312895
0.282230
0.259435
0.232026
0.241524
0.219814
0.281145
0.327278
0.308825
0.357130
0.375583
0.332434
0.340576
0.244509
0.278702
0.399735
0.385081
0.384810
0.367985
0.260249
0.205702
0.213029
0.344104
0.469479
0.641259
0.747638
0.630676
0.556590
0.414390
0.417646
0.362286
0.311539
0.282230
0.380468
0.365542
0.341390
0.293085
0.252922
0.209230
0.277888
0.276803
0.238539
0.258620
0.212487
0.259435
0.273546
0.251565
0.265948
0.267576
0.385624
0.377211
0.464051
0.422531
0.302040
0.299055
0.256992
0.121305
0.130531
0.142743
0.220628
0.248308
0.292814
0.372327
0.456453
0.437457
0.398107
0.341661
0.228226
0.228769
0.196747
0.222528
0.258078
0.306925
0.350345
0.296884
0.318594
0.235011
0.233383
0.240710
0.297427
0.293899
0.286572
0.234197
0.209230
0.282773
0.329992
0.302312
0.273817
0.258349
0.321308
0.275446
0.329721
0.252379
0.169067
0.123747
0.123204
0.106108
0.100137
0.115877
0.190234
0.212215
0.195390
0.189148
0.194305
0.164182
0.175037
0.241795
0.300684
0.286572
0.273275
0.279516
0.287929
0.502858
0.608966
0.533252
0.521583
0.539765
0.544378
0.529995
0.546821
0.607066
0.512085
0.579114
0.528096
0.506114
0.356587
0.435014
0.388609
0.402178
0.451568
0.475720
0.360657
0.380468
0.346275
0.311267
0.310182
0.351702
0.440442
0.530810
0.657270
0.688750
0.729999
0.839363
0.823623
1.081430
1.096627
1.002188
0.758493
0.662698
0.622263
0.675724
0.607066
0.607880
0.585899
0.798385
0.905036
0.936515
1.121593
1.203548
2.064350
2.626368
2.280907
2.396242
1.868146
2.095015
1.899625
1.444801
1.491206
1.564206
1.568276
1.615496
1.352262
1.237199
0.954426
0.684408
0.450211
0.431215
0.250751
0.101494
0.081955
0.132702
0.179922
0.287929
0.409234
0.594311
0.619549
0.435014
0.443970
0.497430
0.572330
0.984277
1.021727
1.125392
1.143846
1.157415
1.305585
1.142218
0.909649
0.644516
0.576401
0.550620
0.747367
0.903950
1.070303
1.196764
1.047779
1.030411
1.093370
0.931902
0.727828
0.656728
0.729999
0.712360
0.668940
0.700962
0.819281
0.894181
0.941400
0.926746
0.972608
0.883054
0.959039
0.842620
1.013586
0.815482
0.772062
0.740583
0.845333
0.833936
0.740583
0.686036
0.541393
0.700148
0.828237
1.035567
1.065961
1.125392
1.272478
1.253753
1.149002
0.927831
0.769620
0.705575
0.583999
0.621720
0.766363
0.696077
0.646687
0.522940
0.438271
0.335420
0.211401
0.186435
0.328092
0.304754
0.436100
0.573144
0.674367
0.753337
0.635289
0.591055
0.634746
0.739497
0.725386
1.192151
1.572618
2.204380
2.096372
2.457844
2.101528
1.699893
0.910735
1.046151
1.137333
1.011143
0.887668
0.870843
0.676809
0.577757
0.463509
0.357944
0.311267
0.390780
0.579657
0.727285
0.792415
0.680066
0.654014
0.843434
0.807069
0.843162
0.634746
0.792144
0.924846
0.950084
0.779661
0.785359
0.702861
0.566902
0.591055
0.559847
0.539765
0.496074
0.329178
0.312624
0.377754
0.590241
0.759036
0.936515
0.827965
0.788887
0.735969
0.818739
0.854289
1.184009
1.264336
1.362846
1.633678
1.292017
1.281433
1.017114
0.880341
0.905036
0.923218
0.811411
0.718873
0.631218
0.602181
0.477891
0.409776
0.423074
0.435014
0.514256
0.535694
0.909106
0.865686
1.068132
1.398667
1.374515
1.170712
1.013857
0.857817
0.732713
0.656999
0.433115
0.338947
0.365542
0.471378
0.617378
0.675724
0.822538
0.720501
0.756322
1.282519
1.176411
0.989705
1.233400
1.040452
0.861887
0.715345
0.821995
0.851304
0.845605
0.929460
0.950084
0.854831
0.718058
0.539494
0.620635
0.385081
0.340033
0.240981
0.123747
0.106650
0.109364
0.123747
0.166624
0.177479
0.233925
0.345732
0.450754
0.501772
0.580743
0.589427
0.551163
0.567988
0.456453
0.389695
0.351702
0.255635
0.321308
0.439899
0.359572
0.257535
0.263505
0.221713
0.179922
0.284944
0.370698
0.357401
0.384810
0.301498
0.469207
0.489561
0.516155
0.504758
0.471921
0.383996
0.416561
0.427958
0.380739
0.308282
0.306111
0.193490
0.161740
0.098781
0.030937
0.060788
0.338947
0.540850
0.964738
1.056192
1.144931
1.302600
1.136790
0.911006
0.879255
0.605166
0.611679
0.678438
0.535423
0.537865
0.641802
0.504486
0.611679
0.732170
0.870028
0.808155
0.833936
0.745196
0.716973
0.796214
0.746553
0.772605
1.039095
1.165827
0.986177
0.921861
0.736512
0.529453
0.383182
0.222256
0.100409
0.521583
0.804627
0.788345
0.737055
0.712631
0.634746
0.706389
0.722943
1.087400
1.191065
1.441273
1.679269
1.446700
1.279262
1.424990
1.338693
1.169898
1.308299
1.172069
1.312641
1.389440
1.443715
1.226072
1.286318
1.556336
1.644533
1.672213
1.636392
1.556065
1.790261
1.709120
1.362846
0.992147
0.913991
0.912092
0.930002
0.971794
1.410879
1.901254
1.789447
1.412236
1.500704
1.298258
1.076273
1.042352
0.874642
0.708832
0.715887
0.868129
1.205719
1.535711
1.706135
1.944131
1.832596
2.574807
2.256755
1.869503
1.564206
1.393782
1.245883
1.145203
0.977222
1.293916
1.342492
1.647518
1.511559
1.796231
1.594328
1.845350
1.514816
1.585373
1.338965
1.085229
0.711274
0.467851
0.350888
0.444784
0.500416
0.707475
0.760393
0.695534
0.685493
0.573415
0.719415
0.934887
1.114266
1.144931
1.172340
1.068946
0.910463
0.747638
0.714531
0.608966
0.518598
0.441799
0.563917
0.517512
0.532166
0.676538
1.229058
1.523228
1.857291
1.891213
1.819841
1.492291
1.094184
0.775590
0.444784
0.441256
0.275717
0.248308
0.296070
0.313981
0.399193
0.377483
0.654285
0.906664
1.014943
1.349548
2.071949
1.987551
2.071677
1.821469
1.887413
1.794060
1.452671
1.263794
1.026883
0.835021
0.846962
0.803270
0.618192
0.406248
0.298241
0.167710
0.148985
0.119134
0.204074
0.241524
0.337862
0.346817
0.325107
0.535152
0.804084
0.831765
0.928374
0.849675
0.651843
0.469207
0.376126
0.291185
0.359029
0.333791
0.334063
0.392680
0.483862
0.509914
0.596211
0.622534
0.572873
0.493088
0.553334
0.499601
0.696620
0.802185
0.664326
0.884411
0.802999
0.804898
0.757136
0.740311
0.753066
0.560661
0.528096
0.528096
0.651843
0.828237
1.145474
1.486050
1.469225
1.569633
1.377228
1.230143
1.147102
1.142760
1.368002
1.162028
1.199478
1.323225
1.514001
1.922421
2.168558
2.059737
1.579946
1.416035
1.050221
0.961753
0.681694
0.812497
0.901508
0.885497
0.839092
0.855646
0.875999
0.658085
0.605166
0.820367
1.248868
1.599756
1.977781
1.928934
1.639919
1.280076
0.817110
0.569345
0.699062
1.733001
1.784020
1.743313
1.940060
1.677641
1.674927
2.009261
1.623637
1.831782
1.780220
1.952001
1.878458
1.941689
1.686053
1.462440
1.287132
1.124578
0.965824
0.822538
0.645873
0.535966
0.457267
0.456453
0.478163
0.528096
0.394579
0.382367
0.379925
0.359843
0.280873
0.336776
0.403806
0.462966
0.669754
0.809512
0.762564
0.812226
0.824437
0.668668
0.869486
0.899337
0.786174
0.722943
0.835292
0.803813
0.663783
0.653200
0.962567
0.935158
0.910463
0.893095
0.755237
0.685493
0.587798
0.806255
0.756322
0.974508
0.946285
1.070575
1.460269
1.446700
1.506403
1.154972
1.060262
1.048593
0.904764
1.199206
1.555793
1.503146
1.532184
1.707220
1.528113
1.329195
0.942214
0.741939
0.374226
0.000814
0.000814
0.000814
0.000814
0.000814
0.000814
0.000814
0.000814
0.000814
0.000814
0.000814
0.000814
0.000814
0.000814
0.000814
0.000814
0.000814
0.000814
0.000814
0.000814
0.000814
0.000814
0.000814
0.000814
0.000814
0.000814
0.000814
0.000814
0.000814
0.000814
0.000814
0.000814
0.000814
0.000814
0.000814
0.000814
0.000814
0.000814
0.000814
0.000814
0.000814
0.000814
0.000814
0.000814
0.000814
0.000814
0.000814
0.000814
0.000814
0.000814
0.000814
0.000814
0.000814
0.000814
0.000814
0.000814
0.000814
0.000814
0.000814
0.000814
0.000814
0.000814
0.000814
0.000814
0.000814
0.000814
0.000814
0.000814
0.000814
0.000814
0.000814
0.000814
0.000814
0.000814
0.000814
0.000814
0.000814
0.000814
0.000814
0.000814
0.000814
0.000814
0.000814
0.000814
0.000814
0.000814
0.000814
0.000814
0.000814
0.000814
0.000814
0.000814
0.000814
0.000814
0.000814
0.000814
0.000814
0.000814
0.000814
0.000814
0.000814
0.000814
0.000814
0.000814
0.000814
0.000814
0.000814
0.000814
0.000814
0.000814
0.000814
0.000814
0.000814
0.000814
0.000814
0.000814
0.000814
0.000814
0.000814
0.000814
0.000814
0.000814
0.000814
0.000814
0.000814
0.000814
0.000814
0.000814
0.000814
0.000814
0.000814
0.000814
0.000814
0.000814
0.000814
0.000814
0.000814
0.000814
0.000814
0.000814
0.000814
0.000814
0.000814
0.000814
0.000814
0.000814
0.000814
0.000814
0.000814
0.000814
0.000814
0.000814
0.000814
0.000814
0.000814
0.000814
0.000814
0.000814
0.000814
0.000814
0.000814
0.000814
0.000814
0.000814
0.000814
0.000814
0.000814
0.000814
0.000814
0.000814
0.000814
0.000814
0.000814
0.000814
0.000814
0.000814
0.000814
0.000814
0.000814
0.000814
0.000814
0.000814
0.000814
0.000814
0.000814
0.000814
0.000814
0.000814
0.000814
0.000814
0.000814
0.000814
0.000814
0.000814
0.000814
0.000814
0.000814
0.000814
0.000814
0.000814
0.000814
0.000814
0.000814
0.000814
0.000814
0.000814
0.000814
0.000814
0.000814
0.000814
0.000814
0.000814
0.000814
0.000814
0.000814
0.000814
0.000814
0.000814
0.000814
0.000814
0.000814
0.000814
0.000814
0.000814
0.000814
0.000814
0.000814
0.000814
0.000814
0.166624
0.857274
0.919961
1.109924
1.256195
1.108567
1.311013
1.268136
1.112366
0.913177
0.763921
0.805170
1.241812
1.664072
1.979681
1.737886
1.658916
1.749284
1.886328
1.903696
1.874930
1.627436
1.971540
1.618209
1.423362
1.291474
1.218745
1.447786
1.301515
1.209790
1.230957
1.347649
1.242626
1.085500
0.912092
0.727014
0.748452
0.603267
0.709917
0.703404
0.715073
0.643973
0.508285
0.532709
0.542750
0.541665
0.496345
0.446683
0.270290
0.374226
0.745467
0.891738
0.967181
0.937601
0.869757
0.908564
0.970166
0.944385
1.025798
1.055378
0.984549
0.942486
0.783460
0.740040
0.675453
0.677624
0.619278
0.724843
0.695263
0.868400
0.882512
1.062162
0.994318
0.946013
0.956326
0.974236
0.901779
0.980207
1.134076
1.462712
1.532455
1.603284
1.553351
1.217931
1.051850
0.821181
0.712088
0.774233
0.699062
0.762835
0.782103
0.799200
0.918062
0.961482
0.954155
0.965552
0.857274
1.248597
1.008158
1.010601
1.011686
1.029597
1.132177
1.021184
1.110467
1.293645
0.827423
0.728099
0.670839
0.679252
0.645330
0.741668
0.750895
0.651029
0.901237
1.078987
1.088757
1.378043
1.250225
1.455656
1.347377
1.365017
1.431775
1.458098
1.320782
1.111552
1.050221
0.946556
0.799471
0.805713
0.706932
0.762835
0.620092
0.502858
0.397022
0.355773
0.340033
0.395393
0.363100
0.418460
0.523482
0.594583
0.624705
0.728913
0.905850
1.042080
1.066233
0.889567
0.976950
0.915348
0.770705
0.612222
0.731084
0.969352
0.931088
0.824437
0.864330
0.881969
0.673824
0.671382
0.699062
0.645873
0.732984
0.766635
0.897709
0.998117
1.165827
1.075188
1.002731
1.492834
1.281704
1.351991
1.230414
1.235842
1.343035
1.101783
0.962296
0.882783
0.696891
0.637189
0.576672
0.580743
0.470293
0.475720
0.462966
0.422260
0.262962
0.276803
0.295527
0.284401
0.344104
0.435286
0.464594
0.518055
0.539494
0.439899
0.555233
0.548178
0.665140
0.892553
0.761750
0.827423
0.682237
0.572601
0.568531
0.554962
0.487932
0.462966
0.553334
0.810055
0.694177
0.684951
0.653743
0.734612
0.666769
0.558218
0.544921
0.690650
0.732713
0.712902
0.664869
0.793229
0.726742
0.634746
0.687122
0.628505
0.684408
0.821724
0.919690
0.761750
0.763378
0.731627
0.602724
0.556047
0.608694
0.509371
0.486033
0.489832
0.574501
0.562832
0.524839
0.490375
0.563646
0.550620
0.602453
0.635018
0.646687
0.782917
0.725386
0.757951
0.537323
0.519140
0.544107
0.608694
0.683594
0.651572
0.431758
0.435557
0.389966
0.338133
0.298513
0.225241
0.128632
0.164725
0.191862
0.132974
0.194576
0.333249
0.334063
0.274360
0.312081
0.338947
0.318594
0.264591
0.251293
0.311810
0.329449
0.409234
0.387252
0.494988
0.582914
0.533523
0.660527
0.666226
0.686579
0.620635
0.722672
0.660527
0.642616
0.542207
0.512627
0.533523
0.587256
0.547906
0.614664
0.562832
0.610865
0.540036
0.502587
0.545192
0.430129
0.355501
0.245052
0.187249
0.230397
0.265948
0.235825
0.294171
0.274632
0.347631
0.490103
0.570430
0.583185
0.480334
0.535152
0.531081
0.471921
0.465408
0.349531
0.407605
0.342747
0.324836
0.313438
0.321851
0.392137
0.397836
0.287929
0.241524
0.198104
0.230397
0.248037
0.297156
0.345732
0.388880
0.364457
0.358215
0.328364
0.238810
0.163911
0.132702
0.128089
0.142201
0.157398
0.185078
0.275717
0.324836
0.353602
0.274360
0.207602
0.321579
0.348988
0.290643
0.252379
0.178565
0.164453
0.232840
0.220085
0.207331
0.203260
0.222799
0.204617
0.349531
0.437728
0.391051
0.440442
0.461338
0.474635
0.458081
0.513442
0.558218
0.621992
0.643702
0.478163
0.462423
0.330806
0.376126
0.328092
0.298784
0.254550
0.268390
0.416018
0.395665
0.305840
0.257806
0.228226
0.166896
0.140572
0.182635
0.201360
0.186977
0.205160
0.246951
0.241524
0.227412
0.350617
0.341118
0.292000
0.311267
0.431758
0.464865
0.500416
0.636374
0.635560
0.748452
0.580471
0.461338
0.372869
0.310724
0.412490
0.392951
0.378840
0.341118
0.292814
0.290643
0.282230
0.334877
0.262691
0.325921
0.325107
0.332163
0.396750
0.385353
0.400278
0.390509
0.356858
0.453468
0.376669
0.380196
0.511542
0.391323
0.406791
0.454553
0.489832
0.598111
0.545192
0.511271
0.476535
0.529453
0.468665
0.376940
0.359029
0.346817
0.301769
0.259977
0.320223
0.315609
0.263777
0.241795
0.227955
0.382910
0.354959
0.535694
0.611951
0.451025
0.391594
0.478434
0.448854
0.325107
0.326193
0.237725
0.264048
0.265676
0.278431
0.265948
0.230940
0.196204
0.303126
0.257806
0.325921
0.306111
0.237725
0.159026
0.137316
0.085483
0.079513
0.098238
0.099866
0.090639
0.130531
0.142201
0.151970
0.182093
0.213029
0.208959
0.219000
0.388066
0.627148
0.615479
0.661070
0.607337
0.537865
0.455096
0.354687
0.389152
0.383453
0.445598
0.405977
0.507471
0.465137
0.595125
0.550620
0.530267
0.504486
0.377211
0.388338
0.341661
0.304754
0.383453
0.323750
0.305297
0.284672
0.286029
0.246680
0.237182
0.208416
0.165810
0.207331
0.252650
0.279788
0.356858
0.434471
0.380196
0.304211
0.234197
0.150070
0.109636
0.161468
0.148985
0.188063
0.328092
0.329721
0.411133
0.354959
0.380468
0.287386
0.257806
0.306382
0.286301
0.241252
0.251022
0.248037
0.278431
0.250479
0.251293
0.204617
0.217643
0.230940
0.238539
0.197018
0.175037
0.209773
0.200003
0.169067
0.191319
0.206788
0.233925
0.315338
0.297156
0.356858
0.363914
0.262420
0.408419
0.372869
0.308553
0.281416
0.318866
0.255907
0.229855
0.216829
0.247223
0.322936
0.332706
0.290371
0.290643
0.243152
0.182907
0.136502
0.136773
0.137316
0.155498
0.217100
0.232840
0.277074
0.347903
0.361200
0.375854
0.411405
0.287115
0.213572
0.247494
0.377483
0.293085
0.287929
0.256178
0.346817
0.416018
0.367442
0.370698
0.343289
0.319408
0.202717
0.143829
0.097424
0.122390
0.162282
0.186706
0.233111
0.215200
0.247494
0.319680
0.304211
0.418732
0.509100
0.480877
0.474364
0.487118
0.455367
0.449397
0.338947
0.235282
0.242067
0.202717
0.128360
0.223342
0.270832
0.291728
0.294713
0.270290
0.327550
0.320223
0.341118
0.258078
0.259435
0.251836
0.188334
0.196747
0.188334
0.131074
0.137859
0.176394
0.220357
0.240438
0.216829
0.205974
0.167167
0.150885
0.125918
0.144372
0.121576
0.140301
0.177208
0.230669
0.292542
0.383182
0.415475
0.469479
0.551977
0.550620
0.638546
0.860259
0.717516
0.731356
0.786174
0.660256
0.598382
0.498245
0.389423
0.375312
0.320223
0.245323
0.171780
0.213301
0.233654
0.201089
0.196204
0.181007
0.139487
0.093353
0.095253
0.104208
0.089554
0.077071
0.082227
0.073271
0.075171
0.076528
0.092539
0.133788
0.110450
0.108007
0.111807
0.117505
0.129717
0.162825
0.189420
0.176665
0.156312
0.125647
0.110450
0.081955
0.121305
0.151699
0.174494
0.151427
0.159026
0.123747
0.903679
0.532438
0.338947
0.425245
0.359843
0.392680
0.391051
0.452382
0.443427
0.446683
0.326736
0.289557
0.211130
0.210858
0.207602
0.180736
0.214386
0.155769
0.118862
0.111807
0.104479
0.071643
0.026323
0.028766
0.035007
0.055903
0.082227
0.119134
0.110992
0.127546
0.103937
0.108279
0.109364
0.075442
0.051833
0.045591
0.062145
0.084669
0.094981
0.083041
0.075714
0.073000
0.085755
0.077342
0.076256
0.072186
0.098781
0.110178
0.145457
0.174766
0.122390
0.100952
0.096881
0.105022
0.173951
0.197561
0.307197
0.299327
0.313438
0.301498
0.249936
0.204074
0.210858
0.166624
0.157669
0.168795
0.197561
0.177751
0.128903
0.083041
0.045591
0.025238
0.029037
0.038264
0.043420
0.066487
0.059431
0.068115
0.100952
0.127818
0.188606
0.253193
0.275174
0.217100
0.222528
0.162825
0.142472
0.088740
0.050747
0.076799
0.088740
0.102037
0.129989
0.201360
0.281959
0.183992
0.123747
0.099866
0.121576
0.141386
0.154955
0.200818
0.201903
0.196204
0.189691
0.218457
0.118320
0.086840
0.077071
0.064316
0.058346
0.073000
0.066216
0.055903
0.029580
0.040706
0.023610
0.009770
0.000814
0.030394
0.046677
0.060245
0.129175
0.168524
0.174494
0.132702
0.085483
0.071914
0.013026
0.000814
0.030937
0.069201
0.040706
0.031208
0.015197
0.035279
0.054275
0.054818
0.055903
0.291457
0.273275
0.176122
0.066758
0.054275
0.059974
0.065130
0.068387
0.077071
0.065673
0.073271
0.079242
0.150613
0.191319
0.193490
0.233925
0.260520
0.230397
0.210858
0.200003
0.151427
0.088740
0.061331
0.027138
0.005156
0.000814
0.016011
0.027138
0.052918
0.039078
0.051290
0.043149
0.037721
0.040706
0.043149
0.034736
0.089282
0.089011
0.124018
0.144372
0.263234
0.255635
0.330263
0.314252
0.279516
0.279245
0.184806
0.121576
0.066216
0.046405
0.049662
0.063773
0.049662
0.043420
0.054275
0.052104
0.042335
0.043420
0.068929
0.079242
0.055089
0.040706
0.021710
0.065130
0.056989
0.027138
0.049119
0.083855
0.105565
0.089282
0.076256
0.058888
0.063502
0.088197
0.083312
0.083855
0.134602
0.156041
0.136502
0.157398
0.166082
0.134331
0.166082
0.145457
0.129446
0.067844
0.044506
0.074900
0.050747
0.054546
0.045862
0.036907
0.040706
0.040706
0.046405
0.054004
0.050204
0.113435
0.149256
0.159297
0.160925
0.163096
0.200003
0.188877
0.171238
0.133517
0.112349
0.110450
0.114520
0.110450
0.155498
0.101766
0.056989
0.070286
0.085755
0.087926
0.097152
0.089011
0.059703
0.063230
0.043149
0.072729
0.082769
0.118320
0.146000
0.128903
0.094439
0.080056
0.089825
0.101223
0.114792
0.116149
0.115334
0.097966
0.073543
0.081413
0.084126
0.057260
0.042335
0.035279
0.020896
0.034736
0.041520
0.065673
0.073543
0.097966
0.128632
0.152784
0.188334
0.233111
0.229312
0.220085
0.205431
0.147628
0.136773
0.167710
0.116420
0.071643
0.047762
0.034465
0.036364
0.049662
0.060245
0.050204
0.054546
0.060788
0.061059
0.065944
0.080870
0.131074
0.135688
0.105022
0.090911
0.112349
0.087926
0.086297
0.086297
0.098509
0.107736
0.080598
0.061331
0.032022
0.021167
0.041792
0.033922
0.025509
0.000814
0.000814
0.033108
0.058346
0.064859
0.078970
0.123747
0.108279
0.117505
0.093353
0.132974
0.139215
0.089554
0.075171
0.062959
0.056989
0.074357
0.060788
0.029037
0.014926
0.014926
0.043963
0.062416
0.072457
0.072457
0.073271
0.061331
0.089011
0.085483
0.096881
0.081413
0.065401
0.037993
0.026866
0.027138
0.017639
0.000814
0.003799
0.014654
0.040978
0.048848
0.059974
0.053190
0.075985
0.084669
0.129175
0.113706
0.117234
0.092810
0.072729
0.067844
0.041792
0.091453
0.126461
0.132431
0.119405
0.090368
0.026052
0.023881
0.037178
0.040706
0.048305
0.063773
0.114520
0.132974
0.112892
0.117505
0.065130
0.059974
0.058888
0.082498
0.084126
0.083855
0.082769
0.091182
0.100952
0.149256
0.243695
0.248037
0.244238
0.203531
0.182907
0.183721
0.142743
0.112892
0.129175
0.177208
0.218186
0.177751
0.173137
0.233925
0.223884
0.221442
0.257264
0.233654
