0.344108
0.205354
0.191562
0.226108
0.353924
0.506527
0.770758
0.919708
1.063332
1.035730
0.927812
0.992510
0.978794
0.862981
0.791987
0.686485
1.038222
1.183577
1.327829
1.352160
1.316453
1.101112
0.789838
0.866957
0.824859
0.687037
0.721621
0.930761
1.004437
0.881034
0.771081
0.910501
1.004437
0.768589
0.692154
0.519672
0.501581
0.565499
0.719738
0.753123
0.733606
0.570540
0.285004
0.214276
0.220344
0.360335
0.318751
0.268815
0.197973
0.203813
0.358319
0.437664
0.464524
0.394824
0.358889
0.489064
0.845005
1.021406
1.294215
0.889290
0.597895
0.406200
0.300526
0.592264
0.833096
0.919632
0.734233
0.600121
0.576551
0.637977
0.611877
0.780079
1.048513
1.099343
0.953683
0.659225
0.664951
0.582620
0.565213
0.657799
0.748329
0.723961
0.664989
0.542100
0.540141
0.571948
0.718007
1.051006
0.995820
0.943183
0.684545
0.580242
0.598485
0.734918
0.781582
0.715762
0.546438
0.663601
0.771366
0.697272
0.398419
0.259836
0.186673
0.143225
0.083226
0.129547
0.434981
1.094207
1.222403
1.321742
1.120326
1.107580
0.884611
0.631471
0.567705
0.529431
0.572899
0.367811
0.527300
1.023612
1.102919
1.002630
0.531714
0.263089
0.300584
0.265809
1.562878
1.736540
1.705589
1.335971
1.371050
1.438315
1.246905
0.940462
0.808290
0.929543
1.004646
1.085570
1.097060
0.931997
0.959885
1.036624
0.941338
0.638776
0.335491
0.205240
0.153782
1.032059
1.833538
2.091567
1.885034
1.620994
1.801294
1.880164
1.661361
1.462246
1.246144
0.920241
0.650189
0.517618
0.722896
0.816546
0.843178
0.681406
0.566412
0.593805
0.670944
0.796020
0.996257
1.091468
0.898764
0.656011
0.508392
0.675300
0.678534
0.702237
0.539437
0.884440
1.021957
1.086426
0.992091
0.813388
0.613855
0.438938
0.305130
0.251675
0.300469
0.403308
0.479514
0.615035
0.717969
0.949327
1.081861
0.993993
0.787098
0.529945
0.504168
0.790351
0.801860
0.704862
0.493573
0.445406
0.374431
0.286564
0.225442
0.165729
0.420695
0.818296
1.370517
1.410408
1.166342
0.862144
0.760675
0.662612
0.569475
0.671400
0.944990
0.942213
0.740796
0.335072
0.276786
0.374697
0.433079
0.455032
0.563596
0.889347
1.116559
0.997988
0.705699
0.328871
0.414988
0.393017
0.545163
0.853927
1.250672
1.547679
1.402628
1.233551
0.932283
0.705623
0.545410
0.307185
0.384551
0.536565
0.607045
0.573888
0.542633
0.548797
0.416472
0.297996
0.254110
0.291985
0.271916
0.422883
0.489254
0.480390
0.341597
0.219774
0.173643
0.173414
0.125647
0.137613
0.340018
0.668414
0.724608
0.630938
0.430055
0.401995
0.386187
0.324876
0.284471
0.129243
0.097531
0.173490
0.254776
0.317571
0.278517
0.180510
0.168316
0.279715
0.306747
0.361819
0.566412
0.634115
0.783979
0.677602
0.577921
0.517998
0.512634
0.477365
0.510922
0.482425
0.496635
0.437664
0.415920
0.477707
0.487010
0.474568
0.369827
0.165824
0.157777
0.252322
0.391552
0.474626
0.943525
1.069838
1.086617
0.686961
0.394653
0.512196
0.580261
0.517941
0.359840
0.279962
0.210528
0.194302
0.165158
0.356416
0.442895
0.570102
0.447385
0.311027
0.193389
0.081133
0.099110
0.083188
0.151671
0.164473
0.149350
0.094887
0.124677
0.194891
0.218176
0.582943
1.190292
1.263151
1.019123
0.627267
0.446053
0.662022
1.014538
0.990778
0.819228
0.662269
0.550413
0.578720
0.523249
0.507745
0.541130
0.519235
0.524238
0.494391
0.489939
0.421342
0.416282
0.349397
0.285669
0.175792
0.111799
0.101945
0.145222
0.242639
0.474873
0.513946
0.788335
0.693029
0.738666
0.674672
0.525988
0.432965
0.540617
0.649086
0.549006
0.339581
0.210091
0.181271
0.223654
0.302904
0.304978
0.346353
0.309581
0.246805
0.361115
0.409148
0.526692
0.406485
0.519653
0.520661
0.702940
0.759363
0.717702
0.551593
0.535119
0.542062
0.708971
0.658750
0.483947
0.299100
0.388223
0.398495
0.464943
0.424728
0.371482
0.465666
0.513242
0.482501
0.387100
0.315555
0.382725
0.466084
0.523933
0.462032
0.476452
0.466446
0.528651
0.641952
0.642181
0.598256
0.518245
0.408882
0.356112
0.259931
0.201702
0.181556
0.155038
0.148932
0.117467
0.105045
0.106111
0.128273
0.151386
0.178760
0.273266
0.294572
0.288998
0.238873
0.173129
0.160212
0.184295
0.172996
0.171417
0.161639
0.157073
0.200294
0.202672
0.269195
0.291452
0.309886
0.242753
0.270850
0.398020
0.440993
0.434772
0.238854
0.163694
0.055528
0.070461
0.101146
0.223084
0.241403
0.227706
0.167802
0.180947
0.194663
0.245645
0.185798
0.133922
0.139934
0.185323
0.163884
0.076035
0.124259
0.131602
0.123155
0.174004
0.175393
0.183877
0.133580
0.108089
0.089675
0.116478
0.120150
0.198335
0.175925
0.121843
0.088552
0.077120
0.111285
0.124430
0.144613
0.166946
0.146611
0.110562
0.076397
0.085261
0.065630
0.055928
0.065344
0.064545
0.171512
0.367678
0.486458
0.628427
0.467454
0.370836
0.232652
0.142178
0.099243
0.053835
0.062586
0.045503
0.046454
0.052960
0.092414
0.110372
0.099281
0.096980
0.165501
0.217339
0.203433
0.088343
0.131868
0.151880
0.148856
0.121614
0.069225
0.050202
0.104570
0.112750
0.126770
0.096352
0.087012
0.144290
0.144404
0.138222
0.111228
0.099415
0.079897
0.074856
0.032701
0.041851
0.029942
0.023817
0.041090
0.066048
0.081057
0.064070
0.065211
0.050696
0.128177
0.156921
0.165976
0.140561
0.108108
0.101336
0.130536
0.145165
0.169572
0.142274
0.104170
0.144290
0.149845
0.122604
0.060246
0.032206
0.058895
0.111418
0.183116
0.374659
0.395299
0.343994
0.185627
0.182964
0.154125
0.092756
0.038617
0.041908
0.090188
0.107804
0.154810
0.129129
0.070480
0.062776
0.059885
0.077043
0.081190
0.051020
0.025909
0.016170
0.035725
0.051667
0.101659
0.089142
0.084329
0.067798
0.050735
0.101926
0.108336
0.101241
0.070671
0.062167
0.057297
0.049536
0.038465
0.044952
0.132629
0.153098
0.157492
0.116992
0.066333
0.089104
0.100271
0.080296
0.070823
0.096143
0.128482
0.150739
0.338401
0.348065
0.308269
0.219070
0.098635
0.057336
0.025986
0.064127
0.066371
0.076872
0.088419
0.076359
0.061273
0.034299
0.031769
0.056365
0.048585
0.068711
0.059238
0.065553
0.148475
0.202386
0.278631
0.284680
0.218651
0.239063
0.399865
0.382972
0.341940
0.491042
0.882861
0.877991
0.774943
0.752515
0.817478
0.763548
0.486077
0.420790
0.551650
0.783066
0.812437
0.849437
0.706365
0.774011
1.634862
1.678272
1.586790
0.769331
0.663620
0.677488
0.753390
0.869640
1.047734
0.985053
1.205283
1.898255
1.957607
1.915927
1.917677
1.733667
1.383205
0.781068
0.506280
0.278022
0.267236
0.505500
0.613494
0.869697
1.063599
1.908052
1.735684
1.438353
1.068031
0.809945
0.919975
0.642847
0.541549
0.305549
0.251770
0.308003
0.440669
0.577369
0.684355
0.693182
0.644387
0.509438
0.560058
0.761018
0.941109
1.216792
1.225789
1.050054
0.906088
0.911091
0.965135
0.834656
0.500402
0.411355
0.539932
0.589810
0.595841
0.895891
1.076439
1.353605
1.206272
0.972269
0.810934
0.636455
0.511930
0.467739
0.672047
0.849570
1.069363
1.074994
1.017829
1.045470
0.997855
0.932986
0.862924
0.967380
1.220178
1.382482
2.277993
2.474064
2.264982
1.599136
1.575947
1.529892
1.603930
1.258072
0.944305
0.902340
0.911395
1.061335
0.842627
0.652701
0.596735
0.542062
0.716846
0.897794
0.937305
1.223240
1.745538
1.676960
1.205207
0.745590
0.630919
0.635351
0.577864
0.562493
0.506470
0.603183
0.588174
0.689415
0.903881
1.013568
1.138112
1.342458
1.357981
1.353149
1.503260
1.301787
1.225181
1.109730
0.987982
0.963043
0.850122
0.860832
0.904509
0.887179
0.660957
0.317191
0.326208
0.393359
0.869868
0.994678
0.753618
0.418336
0.438463
0.626658
0.965649
0.821435
0.946797
1.058386
1.032020
0.965192
1.160407
1.313505
1.363745
0.994031
0.808157
0.753390
0.855182
0.814092
1.185556
1.689268
1.616485
1.359027
1.077999
1.120478
1.132082
1.030518
0.716409
0.532893
0.319530
0.217434
0.159356
0.180738
0.334387
0.733948
0.898364
1.232143
0.943430
0.659225
0.342682
0.331553
0.527377
0.615206
0.950754
0.997855
0.900057
0.673341
0.480789
0.472019
0.522830
0.492755
0.437835
0.361438
0.677069
0.785424
0.799273
0.656239
0.422674
0.367887
0.283406
0.249354
0.158995
0.122071
0.166775
0.337241
0.702294
1.210628
1.662902
1.778961
1.854083
2.144375
2.509561
2.719785
2.096418
1.609523
1.329085
1.420319
1.387923
1.189284
0.924711
1.043548
1.233532
1.092514
0.932682
0.853128
0.820237
0.985091
1.076668
1.034722
1.056161
1.753261
1.994188
1.930442
1.401220
1.041494
1.100180
1.126470
0.966619
0.757974
0.478468
0.605181
0.488208
0.374773
0.247947
0.206895
0.487542
0.672884
0.730410
0.519330
0.422103
0.270470
0.248289
0.423644
0.536622
0.626848
0.532323
0.385674
0.420866
0.912099
1.307551
1.395761
1.620575
1.564324
1.425360
0.997684
0.685877
0.611516
0.437588
0.502837
0.526520
0.537611
0.555740
0.559602
0.798684
1.520894
1.826310
1.589054
1.285256
1.123426
1.159894
1.222308
0.983226
1.001488
0.776465
0.889233
0.713536
0.968959
0.833629
0.792672
0.776122
0.583989
0.470212
0.363284
0.224225
0.211118
0.273799
0.297730
0.307717
0.369105
0.417747
0.439680
0.874833
1.329865
1.583328
1.654113
1.343371
1.422222
1.316301
1.090497
0.759268
0.680341
0.575562
0.586329
0.546875
0.690176
0.684640
0.699269
0.646803
0.541549
0.469756
0.375515
0.336366
0.348255
0.356568
0.370760
0.425394
0.778595
1.520856
1.802265
1.899054
1.619129
1.282459
0.907895
0.791721
0.761798
0.834181
0.874338
1.125538
1.287519
1.307284
0.944457
1.003543
0.928307
0.792006
0.433136
0.343728
0.409719
0.418774
0.349929
0.302448
0.588022
1.332376
1.798175
1.894698
1.409096
1.170261
1.137351
1.084125
1.220596
1.223259
1.078494
1.252422
1.284761
1.235301
1.087549
0.885181
0.841581
1.191225
1.188314
1.203590
1.266727
1.144409
0.978261
0.561352
0.402148
0.282816
0.243666
0.181214
0.159699
0.150872
0.123098
0.117734
0.111304
0.151994
0.170789
0.239424
0.374355
0.494790
0.562322
0.709085
0.670963
0.486154
0.268568
0.288428
0.285936
0.343633
0.583304
1.034265
1.259403
1.343847
1.416286
1.286834
1.074214
0.870838
0.691336
0.581383
0.575467
0.662174
0.863666
0.696206
0.588669
0.408768
0.548074
1.057435
1.196836
1.131169
0.745419
0.335947
0.232291
0.283900
0.629017
0.870610
0.935117
0.755825
0.831441
0.920146
0.937913
0.956328
1.144219
1.173096
0.945294
0.621845
0.340323
0.421361
0.516857
0.810345
0.985414
0.958116
0.939492
0.767410
0.766116
0.562075
0.497415
0.403689
0.426022
0.500097
0.785234
0.930818
1.168815
1.135164
1.102482
1.226569
1.195676
1.196075
1.309909
1.569669
1.432285
1.015908
0.770663
0.709637
0.686257
0.565118
0.385845
0.593006
0.833020
1.018933
0.983778
0.882195
0.741671
0.531276
0.479667
0.499888
0.473884
0.465685
0.516800
0.593310
0.888396
1.029909
1.201744
1.003904
0.949194
1.114923
1.218294
1.153483
1.136438
1.009079
0.855848
0.536641
0.392142
0.291452
0.414551
0.729192
0.809222
0.812704
0.599778
0.569265
0.615758
0.605086
0.699878
0.615796
0.526616
0.391324
0.462489
0.675718
0.794479
0.675015
0.363093
0.253311
0.281389
0.453738
0.479553
0.415369
0.316848
0.285365
0.231739
0.321414
0.447423
0.556387
0.600254
0.551764
0.476471
0.624413
0.663924
0.597876
0.519082
0.490909
0.796496
0.773383
0.944419
0.862867
0.862943
0.604896
0.368363
0.270679
0.293279
0.403479
0.550509
0.620437
0.511036
0.562455
0.665275
0.804314
0.789248
0.706840
0.568714
0.721602
0.694646
0.503921
0.243134
0.160345
0.286468
0.430378
0.571986
0.715039
0.863666
1.041532
0.967551
0.882214
0.840002
0.729801
0.737734
1.018305
1.071836
1.147567
0.961179
0.813769
0.873007
0.922010
0.827294
0.936848
1.114067
1.225314
1.131606
0.854345
0.551726
0.394995
0.297844
0.385217
0.407170
0.411355
0.468367
0.503940
0.580622
0.660937
0.583019
0.397164
0.266875
0.224815
0.285346
0.285841
0.512272
0.730372
0.957697
1.015927
0.889233
0.553590
0.418108
0.552183
0.565746
0.531276
0.382307
0.262994
0.223407
0.299556
0.326988
0.331781
0.381260
0.404373
0.407798
0.309562
0.301782
0.343633
0.273514
0.470498
0.616633
0.640754
0.513490
0.250819
0.269291
0.238606
0.155533
0.182736
0.229951
0.483110
0.586862
0.695160
0.679428
0.723828
0.566735
0.401292
0.412744
0.347323
0.384437
0.384228
0.386891
0.305491
0.399503
0.437017
0.414322
0.451912
0.397430
0.454518
0.481759
0.455374
0.523477
0.452407
0.431082
0.316639
0.139915
0.074704
0.167802
0.235753
0.294135
0.289455
0.285898
0.307146
0.215398
0.192114
0.163503
0.158272
0.191258
0.180301
0.143453
0.129376
0.099396
0.116003
0.106377
0.088457
0.077690
0.102420
0.196756
0.239558
0.238930
0.156103
0.093536
0.056099
0.102839
0.174575
0.241973
0.218119
0.185056
0.138964
0.157302
0.155533
0.142216
0.139572
0.117582
0.114176
0.114272
0.123441
0.164074
0.150206
0.121672
0.086574
0.035231
0.033823
0.118552
0.149407
0.126579
0.101716
0.108850
0.127778
0.188747
0.166699
0.150130
0.084558
0.094488
0.108869
0.096371
0.068825
0.086802
0.177333
0.196832
0.168088
0.129281
0.088819
0.078660
0.082712
0.070576
0.108260
0.123365
0.094297
0.049536
0.023303
0.025757
0.052009
0.134455
0.226222
0.264896
0.306062
0.323430
0.294591
0.304312
0.339638
0.332675
0.202501
0.114195
0.021534
0.084329
0.194701
0.283139
0.371387
0.269614
0.166471
0.076967
0.089542
0.093670
0.092433
0.082617
0.091862
0.150910
0.135634
0.167042
0.147086
0.111057
0.111589
0.182070
0.194568
0.164074
0.189793
0.207237
0.256735
0.245131
0.268282
0.245112
0.216844
0.182298
0.130327
0.121310
0.276500
0.390905
0.391647
0.315536
0.129186
0.151557
0.151994
0.127302
0.100993
0.118190
0.123231
0.096352
0.053036
0.031198
0.041870
0.064450
0.096713
0.091368
0.089732
0.060094
0.049936
0.084596
0.064678
0.096181
0.095477
0.111361
0.101222
0.116041
0.080753
0.085090
0.094545
0.104246
0.125305
0.085471
0.062586
0.053055
0.046511
0.051096
0.087487
0.165710
0.187453
0.160364
0.132857
0.102116
0.089542
0.031788
0.009512
0.030855
0.040500
0.027488
0.043106
0.034242
0.064602
0.093270
0.160916
0.141855
0.105426
0.081533
0.080962
0.097037
0.125096
0.140105
0.133618
0.113111
0.136795
0.243191
0.297007
0.315555
0.258124
0.225747
0.173605
0.164645
0.150530
0.104227
0.074019
0.073505
0.061730
0.116802
0.104056
0.104513
0.102249
0.106434
0.130289
0.108546
0.099700
0.101773
0.088324
0.090588
0.096257
0.088533
0.088134
0.083321
0.119769
0.141132
0.150739
0.082979
0.057545
0.025491
0.066980
0.088514
0.100689
0.103390
0.120663
0.146154
0.152641
0.155723
0.218176
0.252056
0.215265
0.102382
0.067266
0.143396
0.203604
0.205773
0.173776
0.168335
0.114671
0.116155
0.184048
0.171988
0.135749
0.127169
0.090512
0.144785
0.168050
0.250248
0.322993
0.227573
0.130593
0.039910
0.037647
0.082408
0.114100
0.108926
0.137270
0.119864
0.165387
0.133390
0.127778
0.087202
0.063061
0.077405
0.094126
0.144918
0.113377
0.094221
0.038274
0.040405
0.060474
0.097512
0.114595
0.095020
0.091938
0.079897
0.075769
0.052580
0.032396
0.011927
0.000114
0.001294
0.016170
0.028953
0.073962
0.094944
0.089332
0.068407
0.083740
0.100632
0.115432
0.157758
0.260578
0.249754
0.243115
0.170618
0.144785
0.127949
0.120949
0.098692
0.081362
0.068483
0.058325
0.047501
0.070766
0.089142
0.091596
0.063023
0.023246
0.005155
0.008579
0.027355
0.154277
0.232234
0.307850
0.252512
0.158557
0.135197
0.116668
0.101545
0.071241
0.067151
0.054216
0.052313
0.096333
0.125609
0.119560
0.076815
0.040329
0.030266
0.117296
0.150282
0.117163
0.046587
0.071184
0.129110
0.155228
0.113891
0.049460
0.025681
0.040139
0.054216
0.050506
0.036410
0.025681
0.031160
0.066505
0.067532
0.085490
0.120644
0.115432
0.145241
0.159356
0.165501
0.164702
0.084729
0.052694
0.052827
0.056936
0.135806
0.255366
0.280077
0.265809
0.178170
0.072782
0.083702
0.072896
0.071964
0.083949
0.077576
0.066143
0.056251
0.076359
0.099985
0.099015
0.061673
0.036448
0.064907
0.073638
0.074647
0.084348
0.093346
0.062833
0.057297
0.047653
0.046587
0.066295
0.077120
0.124259
0.127302
0.106491
0.091672
0.163884
0.190098
0.186160
0.165729
0.206914
0.177847
0.173490
0.178988
0.198373
0.168411
0.129909
0.139097
0.127017
0.115413
0.081076
0.119161
0.142064
0.138126
0.102116
0.105388
0.087316
0.158348
0.166090
0.153250
0.180624
0.204441
0.205145
0.102002
0.089085
0.094963
0.104151
0.181956
0.153060
0.171512
0.109059
0.096504
0.062567
0.084367
0.060455
0.070290
0.091311
0.122185
0.084291
0.064526
0.078432
0.131735
0.155894
0.120930
0.115451
0.107537
0.222361
0.284014
0.290711
0.178627
0.170466
0.162476
0.110885
0.042117
0.015314
0.005593
0.036676
0.068673
0.093632
0.080962
0.076777
0.045427
0.051058
0.031179
0.036981
0.067113
0.084120
0.062186
0.039035
0.032301
0.053093
0.081305
0.078870
0.114918
0.120435
0.162019
0.159813
0.099871
0.034888
0.021877
0.021972
0.031692
0.068959
0.143168
0.185113
0.153592
0.073011
0.031065
0.061616
0.073372
0.070576
0.044095
0.031464
0.015085
0.029866
0.060588
0.106605
0.105654
0.092129
0.071869
0.075465
0.111684
0.110714
0.093118
0.078166
0.019594
0.072135
0.104323
0.119560
0.092699
0.027374
0.042383
0.066181
0.073144
0.068312
0.050373
0.013716
0.005022
0.023113
0.049460
0.049460
0.064393
0.037970
0.026157
0.035630
0.105521
0.117620
0.105026
0.062263
0.064051
0.047044
0.059790
0.067056
0.066010
0.054216
0.062966
0.073467
0.078318
0.049175
0.058553
0.061977
0.060436
0.078565
0.051667
0.067189
0.084310
0.107918
0.107518
0.124544
0.096637
0.089618
0.038997
0.072078
0.098178
0.088705
0.078508
0.061406
0.111627
0.135330
0.096105
0.061939
0.049840
0.042954
0.038997
0.024692
0.013278
0.041147
0.049460
0.049460
0.026499
0.000114
0.014743
0.038940
0.062110
0.067969
0.048699
0.048319
0.062776
0.057126
0.064945
0.119636
0.127245
0.108717
0.071470
0.099110
0.078432
0.060703
0.043791
0.041622
0.023151
0.030056
0.044628
0.049936
0.035079
0.009150
0.002435
0.021800
0.034242
0.054767
0.059675
0.069624
0.098939
0.124639
0.206039
0.323944
0.274332
0.255061
0.153041
0.108241
0.089256
0.084291
0.106948
0.103543
0.144081
0.133751
0.088533
0.073182
0.113187
0.110353
0.205601
0.280514
0.292004
0.197326
0.160403
0.336727
0.446186
0.384627
0.332124
0.327958
0.330069
0.277661
0.371311
0.568390
0.648782
0.753161
0.626544
0.700410
0.564433
0.538924
0.315574
0.279259
0.234098
0.381812
0.584217
0.688806
0.678724
0.480998
0.247509
0.096447
0.061920
