0.623185
0.550793
0.685702
0.688873
0.584135
0.561560
1.906688
2.008451
2.102482
1.611850
1.365997
1.252773
1.712767
2.009961
1.936935
1.629819
1.127454
1.108971
0.960260
0.986052
1.206732
1.173752
1.206566
1.172197
1.045956
1.032698
0.879004
0.831875
0.869838
0.855644
0.697978
0.612464
0.645882
0.669665
0.664636
0.576630
0.763757
1.042362
0.990703
0.802263
0.615107
0.590070
0.514038
0.472210
0.598677
1.238473
1.505995
1.373593
0.924442
0.618006
0.801553
0.868570
0.957180
1.003976
0.965259
1.076323
1.052283
0.928277
0.816171
0.703128
0.733782
0.885799
1.237054
1.172363
0.974742
0.659563
0.612585
0.494921
0.490029
0.425141
0.518735
0.569941
0.733646
0.750634
0.831905
0.938078
1.057463
0.988664
0.878023
0.840045
0.971133
1.183567
1.159844
1.251626
1.192492
1.065632
0.893561
0.943982
0.936265
0.920455
0.786407
0.912331
0.983923
1.168980
1.035355
0.820353
0.543545
0.504163
0.526557
0.542579
0.510626
0.416036
0.376910
0.384627
0.551850
1.022233
1.663569
1.642157
1.363521
0.878460
0.829535
0.775867
0.800028
0.787736
0.682561
0.616450
0.640445
0.706465
0.834759
0.853484
0.738946
0.553949
0.477571
0.442900
0.438369
0.379145
0.320781
0.266570
0.263218
0.308595
0.429173
0.841071
0.994765
1.132603
1.139549
1.138568
1.092677
0.988785
0.868177
0.614835
0.397689
0.380836
0.375083
0.587261
0.629890
0.601909
0.552077
0.514054
0.606348
0.680749
0.656633
0.679707
0.786120
0.952272
0.902229
0.762851
0.653537
0.749804
0.761793
0.723710
0.749260
0.915306
1.112112
1.322764
1.354672
1.281223
1.038073
0.875078
0.774538
0.889212
0.948844
0.960472
0.814645
0.899541
1.012010
1.046620
1.015740
0.844801
0.704577
0.752960
0.763560
0.751404
0.632548
0.453244
0.446765
0.509674
0.492188
0.524805
0.420234
0.395922
0.434036
0.569548
0.577748
0.689205
0.668849
0.600701
0.406009
0.317610
0.304865
0.331835
0.295216
0.442326
0.609836
0.602150
0.561484
0.496522
0.591882
0.582761
0.559687
0.646168
0.842657
0.872073
0.860098
0.703566
0.712702
0.849709
0.764179
0.748822
0.800209
0.792568
0.724722
0.592577
0.420641
0.392328
0.323001
0.348264
0.367608
0.390757
0.323001
0.368544
0.309984
0.280463
0.497081
0.680250
0.808530
0.747478
0.610018
0.537626
0.607843
0.578986
0.649445
0.611800
0.484970
0.467498
0.460024
0.538245
0.563885
0.457593
0.366581
0.340790
0.315753
0.397296
0.446781
0.463134
0.501369
0.471681
0.543409
0.599961
0.569820
0.479262
0.391210
0.292362
0.254580
0.356932
0.436844
0.466019
0.439880
0.418905
0.463935
0.501414
0.631068
0.671371
0.715571
0.652858
0.565622
0.534424
0.676989
0.764376
0.666313
0.497277
0.397673
0.372380
0.345229
0.772756
1.122908
1.160569
0.952257
0.754092
0.660182
0.514386
0.377454
0.348551
0.398459
0.389036
0.368363
0.265664
0.250911
0.274151
0.398126
0.534319
0.600172
0.597605
0.594932
0.739324
0.716537
0.773889
0.755980
0.860898
0.847021
0.780971
0.709953
0.561802
0.494453
0.332620
0.255743
0.306028
0.309894
0.244403
0.218853
0.291547
0.420370
0.443534
0.382120
0.266238
0.456460
0.827149
0.847957
0.845873
0.629361
0.662160
0.732257
0.808741
0.767607
0.721596
0.589254
0.501792
0.415613
0.319347
0.217524
0.282366
0.521045
0.575347
0.611331
0.565139
0.541552
0.470337
0.492475
0.428841
0.466910
0.502456
0.500161
0.538441
0.505084
0.543726
0.547033
0.716809
0.701754
0.681036
0.545629
0.484532
0.393687
0.331684
0.307976
0.327713
0.354894
0.359288
0.459737
0.517300
0.531193
0.493411
0.502079
0.578246
0.628652
0.625450
0.701497
0.696514
0.663625
0.516983
0.434791
0.374826
0.321098
0.285159
0.352402
0.369466
0.357702
0.357868
0.358352
0.383977
0.447037
0.478159
0.535874
0.548921
0.566875
0.597650
0.596472
0.560382
0.498545
0.455373
0.351043
0.322246
0.418376
0.544255
0.590749
0.566407
0.519022
0.535451
0.702116
0.762413
0.768936
0.671960
0.621222
0.504616
0.395907
0.435017
0.403019
0.438067
0.352070
0.312748
0.298266
0.354425
0.301407
0.217207
0.170954
0.179349
0.187791
0.169036
0.154947
0.287772
0.318728
0.316991
0.469809
0.472587
0.404725
0.260591
0.256030
0.237607
0.226629
0.194601
0.161410
0.185480
0.188319
0.145720
0.095285
0.058198
0.040711
0.072453
0.117407
0.160096
0.178247
0.192759
0.159069
0.129306
0.204582
0.260908
0.303974
0.332696
0.297904
0.254445
0.170818
0.139212
0.118962
0.097233
0.185737
0.238362
0.381788
0.368258
0.367442
0.392479
0.419826
0.431604
0.464931
0.438641
0.386001
0.331669
0.263731
0.256997
0.276975
0.267944
0.296439
0.280629
0.323318
0.298115
0.290610
0.340639
0.393566
0.362927
0.293057
0.379885
0.446161
0.500931
0.575422
0.556501
0.497896
0.342315
0.241851
0.169761
0.095164
0.079535
0.091872
0.127328
0.186930
0.222673
0.214594
0.219170
0.199116
0.205806
0.247574
0.265362
0.244418
0.259911
0.215047
0.157484
0.105447
0.135452
0.201744
0.320313
0.365766
0.285612
0.367835
0.426319
0.444425
0.406658
0.421608
0.405224
0.416534
0.362036
0.292574
0.246290
0.215259
0.196202
0.185148
0.203556
0.202408
0.251666
0.247891
0.258869
0.261451
0.242621
0.185359
0.228441
0.219774
0.200339
0.133867
0.146370
0.170214
0.175876
0.128038
0.093110
0.080562
0.095239
0.112227
0.110098
0.148197
0.142504
0.128868
0.120336
0.095194
0.089259
0.081800
0.072604
0.067092
0.096236
0.128808
0.143893
0.139152
0.116607
0.088882
0.085333
0.133655
0.185661
0.254701
0.232775
0.173158
0.159477
0.142383
0.152470
0.179380
0.158994
0.173672
0.167496
0.135769
0.123477
0.096583
0.074325
0.089048
0.089984
0.166242
0.238861
0.288119
0.254369
0.180799
0.119204
0.101249
0.133293
0.132507
0.142806
0.133972
0.104571
0.074884
0.067620
0.070656
0.069070
0.093216
0.089486
0.064419
0.060508
0.057578
0.048835
0.037027
0.032527
0.028540
0.020084
0.043006
0.068451
0.084020
0.065597
0.060719
0.061897
0.062169
0.059496
0.051463
0.051297
0.085515
0.133293
0.135664
0.173415
0.188244
0.166423
0.169927
0.206938
0.188334
0.147351
0.118555
0.144437
0.143380
0.135090
0.133731
0.115791
0.157031
0.238544
0.260772
0.248721
0.248842
0.294612
0.259896
0.160081
0.171210
0.173490
0.173113
0.152531
0.115474
0.103862
0.116440
0.106232
0.106474
0.091857
0.091358
0.100630
0.120155
0.113405
0.121665
0.125727
0.114432
0.156064
0.180406
0.172992
0.130167
0.128506
0.155551
0.187549
0.189074
0.158239
0.148816
0.140103
0.104647
0.090256
0.072256
0.082706
0.209702
0.242047
0.333451
0.366249
0.348853
0.329902
0.290475
0.300245
0.302042
0.248314
0.201351
0.170183
0.167737
0.175801
0.145539
0.082706
0.085394
0.089154
0.085937
0.079716
0.061520
0.078327
0.111306
0.120548
0.141915
0.123432
0.123100
0.111744
0.102457
0.110159
0.085213
0.101038
0.077179
0.070248
0.078523
0.078236
0.079202
0.061701
0.052082
0.064479
0.075080
0.071546
0.077904
0.055661
0.091721
0.175756
0.170938
0.232126
0.223005
0.209067
0.159689
0.086179
0.109283
0.131299
0.162950
0.160232
0.237351
0.231930
0.292498
0.221510
0.149707
0.053969
0.081996
0.104269
0.131964
0.098441
0.075714
0.083808
0.066805
0.057292
0.035592
0.063755
0.068813
0.068557
0.119974
0.154026
0.164053
0.154796
0.126618
0.116320
0.140375
0.186507
0.185042
0.146174
0.124867
0.162452
0.178443
0.263294
0.250579
0.296439
0.278439
0.318894
0.283000
0.257782
0.282517
0.244131
0.182400
0.152470
0.150220
0.139771
0.152350
0.154328
0.153361
0.161969
0.191958
0.234587
0.211363
0.167858
0.133444
0.134304
0.086874
0.080275
0.092415
0.086421
0.092778
0.072830
0.096900
0.093956
0.104285
0.102820
0.107335
0.110808
0.110929
0.115338
0.080426
0.059844
0.046419
0.048730
0.086451
0.127011
0.142474
0.099754
0.089712
0.078946
0.108981
0.157680
0.175212
0.171739
0.124414
0.091555
0.075624
0.080018
0.046691
0.030111
0.032376
0.039443
0.063860
0.113496
0.147351
0.129200
0.088067
0.026199
0.037585
0.069583
0.080365
0.076801
0.064404
0.053063
0.066050
0.081845
0.087070
0.081256
0.057684
0.037767
0.035985
0.046812
0.034580
0.023995
0.025973
0.043792
0.032527
0.017970
0.031636
0.041074
0.055812
0.057382
0.057397
0.119204
0.138653
0.120820
0.096583
0.078130
0.086858
0.078312
0.098395
0.109811
0.115353
0.107139
0.114206
0.108664
0.069961
0.045392
0.024674
0.096266
0.115248
0.126709
0.118237
0.122088
0.142625
0.146038
0.105508
0.091902
0.075291
0.058409
0.027634
0.052610
0.091102
0.122964
0.126180
0.097082
0.123492
0.148937
0.195054
0.228789
0.197062
0.168839
0.130529
0.103258
0.084805
0.056839
0.046948
0.100117
0.110144
0.113828
0.102488
0.078327
0.068270
0.039382
0.045815
0.042644
0.030231
0.028389
0.036830
0.039307
0.062275
0.053230
0.067605
0.069855
0.083098
0.084563
0.065536
0.075895
0.075593
0.074989
0.078900
0.077088
0.076243
0.065748
0.077194
0.061580
0.072543
0.073313
0.055147
0.053637
0.122194
0.173792
0.167073
0.140677
0.114613
0.111185
0.131405
0.141130
0.126301
0.105523
0.093306
0.067620
0.046766
0.054483
0.052505
0.055374
0.050406
0.051629
0.065642
0.067288
0.053532
0.059496
0.058862
0.087221
0.094771
0.098214
0.087160
0.083884
0.077738
0.091041
0.081150
0.054936
0.085620
0.100343
0.122873
0.103514
0.094152
0.078659
0.058198
0.071984
0.103016
0.095647
0.082902
0.089139
0.088957
0.100751
0.093699
0.063135
0.044879
0.028540
0.029174
0.041466
0.050119
0.063377
0.037933
0.038506
0.028434
0.049288
0.073238
0.085786
0.075956
0.080879
0.061807
0.059194
0.050391
0.051342
0.052580
0.048986
0.053139
0.064978
0.051372
0.046570
0.057095
0.083808
0.073359
0.064570
0.069795
0.100011
0.128430
0.140299
0.142731
0.127132
0.160881
0.144784
0.149541
0.199237
0.236354
0.237577
0.214488
0.172343
0.192185
0.340412
0.568234
0.750770
0.783629
0.778087
0.704260
0.661782
0.813498
1.629427
2.193071
2.618907
2.700525
2.682903
2.153084
1.664188
1.499245
1.346155
1.183598
1.040958
0.971465
1.013595
1.005366
1.139836
1.210613
1.307105
1.344540
1.330390
1.247080
1.207532
1.131637
1.018941
0.986732
0.891432
0.835167
0.656120
0.759619
0.790273
0.626976
0.560684
0.483294
0.559582
0.695426
1.026597
1.294904
2.288250
2.385588
2.040887
1.382533
0.939512
0.880997
0.743190
0.714740
0.689915
0.763500
0.895992
1.029874
1.194485
1.025570
0.864402
0.716371
0.799243
0.826046
0.942215
1.017990
0.877902
0.878385
0.762111
0.708020
0.641382
0.598828
0.625345
0.631249
0.545568
0.559385
0.627685
0.831196
0.817998
0.773965
0.593845
0.481889
0.427180
0.564761
0.669982
0.675524
0.735201
0.677185
0.691455
0.778676
0.784535
0.686140
0.592139
0.552726
0.560911
0.652511
0.806506
0.855387
0.826077
0.869204
0.758441
0.735367
0.951487
1.252426
1.303662
1.123497
0.806461
0.494982
0.452745
0.444908
0.430774
0.441677
0.539498
0.541823
0.718953
0.816231
0.782753
0.741770
0.569624
0.725446
0.936190
0.940478
0.802369
0.534907
0.428599
0.404408
0.433190
0.521287
0.549193
0.564505
0.938576
1.102583
1.197837
1.277342
1.286916
1.152053
1.111432
0.931765
0.940161
0.852578
0.752295
0.624212
0.531072
0.416157
0.346030
0.277307
0.204069
0.182430
0.271810
0.317052
0.466653
0.685928
1.182616
1.259810
1.578508
1.508260
1.380056
1.061253
0.821380
0.856534
0.936643
0.983138
0.964911
1.021357
1.215535
1.369395
1.598878
1.489731
1.398962
1.358070
1.392257
1.410438
1.189895
1.005728
0.736681
0.583622
0.527025
0.437645
0.456837
0.470217
0.574577
0.908692
1.248726
1.322266
1.133645
0.964941
0.957391
1.058021
1.021085
0.962646
0.908994
0.884621
0.803788
0.712762
0.531751
0.465249
0.506760
0.766882
0.869234
0.831362
0.659155
0.462334
0.411672
0.449770
0.628576
0.674603
0.837674
1.024664
1.013188
0.855749
0.692014
0.890224
0.845889
0.772047
0.728633
0.685626
0.760404
0.758819
0.617009
0.624303
0.732951
0.819961
1.206822
1.288305
1.219280
1.053310
0.915970
0.770265
0.720795
0.588605
0.587125
0.659532
0.949403
0.913237
0.919866
0.911546
1.163272
1.271996
1.069332
1.045246
0.861729
0.702237
0.607919
0.762413
0.768226
0.795196
0.748173
0.778902
0.754198
0.745228
0.862771
0.864915
0.942623
0.806265
0.742223
0.684524
0.933789
1.017220
1.059713
0.984995
0.984935
1.020406
0.954537
0.789322
0.696937
0.828870
1.050909
0.928338
0.835107
0.870427
0.994780
0.987743
1.020874
0.882266
0.852699
0.725748
0.702750
0.822649
0.881586
0.884652
0.828236
0.745394
1.065949
1.108140
1.057463
0.843518
0.699081
0.754711
0.747554
0.772726
0.754183
0.634103
0.514446
0.452896
0.465732
0.612600
0.687650
0.946277
1.157066
1.157051
1.147945
1.175670
1.119979
1.147054
1.122184
1.120236
0.986339
0.715087
0.653251
0.593301
0.703384
0.642665
0.629950
0.501309
0.444380
0.406613
0.347706
0.442688
0.603222
0.945643
1.071899
1.151509
1.018292
0.821486
0.629452
0.534741
0.508134
0.599840
0.881601
1.022837
0.915049
0.839712
0.834895
0.776562
0.784626
0.847006
0.793308
0.700077
0.502094
0.502804
0.435259
0.466124
0.494015
0.537308
0.679873
0.746678
0.748550
1.007646
1.387274
1.676858
1.641326
1.715077
1.618887
1.299525
1.034359
0.829550
0.691078
0.664395
0.602618
0.775671
1.756755
2.076993
1.949091
1.508698
1.182314
1.387818
1.299389
1.248666
1.335932
1.449217
1.428680
1.192205
0.977837
0.982654
0.863194
0.772470
0.618172
0.590810
0.531978
0.494710
0.410358
0.468042
0.478446
0.516122
0.461609
0.447913
0.551684
0.615846
0.614533
0.580511
0.597378
0.673516
0.778344
0.833506
1.289830
1.453339
1.597127
1.653950
1.591993
1.341701
0.770325
0.705046
0.775520
0.822785
0.768000
0.623185
0.485513
0.402475
0.487930
0.521694
0.525892
0.421155
0.379507
0.417621
0.605110
0.749305
0.830788
0.778797
0.663655
0.519142
0.386861
0.390259
0.562270
0.620754
0.675479
0.464765
0.476680
0.416217
0.492279
0.456264
0.429717
0.360496
0.353731
0.382165
0.398912
0.400829
0.509644
0.557921
0.531948
0.357944
0.364377
0.352115
0.363108
0.356373
0.412442
0.474535
0.467378
0.533579
0.506503
0.409089
0.376623
0.447687
0.465415
0.697948
0.752733
0.758094
0.818723
0.717670
0.670299
0.594781
0.514038
0.427724
0.400180
0.473765
0.481542
0.596457
0.958493
0.980223
1.122033
1.085776
1.062778
0.880288
0.684524
0.671130
0.601999
0.585872
0.538849
0.513827
0.458816
0.389187
0.363591
0.305756
0.287409
0.277896
0.313110
0.355316
0.535240
0.658566
0.664047
0.869596
1.002678
1.024830
0.803788
0.806068
0.853545
0.859464
0.842234
0.806325
0.752627
0.515503
0.281913
0.240159
0.268579
0.326263
0.470066
0.668608
0.771050
0.804921
0.867331
1.008824
1.019470
0.983258
1.147235
1.077441
1.103248
1.031626
1.191420
1.123784
1.042136
0.770884
0.629075
0.657735
0.746013
0.756342
0.761114
0.690640
0.496567
0.332817
0.307553
0.379658
0.593951
0.650729
0.852397
0.869370
0.940509
0.969351
0.939497
0.875199
0.765644
0.849573
0.839833
0.818073
0.687015
0.532099
0.431333
0.353791
0.325583
0.408516
0.431408
0.486540
0.502139
0.559642
0.602513
0.583380
0.512710
0.465339
0.532144
0.527085
0.465203
0.478854
0.538637
0.679239
0.714076
0.724676
0.571587
0.538879
0.440755
0.335323
0.278470
0.302057
0.339476
0.422997
0.467952
0.501550
0.653809
0.620875
0.551035
0.535511
0.603011
0.635945
0.811550
0.840769
0.962495
1.019047
1.234411
1.218389
1.065813
0.750075
0.649355
0.643269
0.623049
0.764255
0.885784
0.787978
0.986037
1.305218
1.388754
1.223946
1.346940
1.559587
1.640314
1.638910
1.477983
1.429223
1.383680
1.196297
0.990794
1.626633
2.049268
2.031902
1.754882
1.487466
1.181333
0.979121
0.968535
0.971752
1.123180
1.140757
1.100816
1.091107
1.037907
0.996094
0.687031
0.585011
0.568989
0.486359
0.430819
0.410101
0.510248
0.542896
0.516349
0.587306
0.620769
0.691893
0.629845
0.627655
0.563840
0.516455
0.433160
0.367940
0.494347
0.563402
0.499481
0.362595
0.301271
0.366461
0.482795
0.507258
0.488564
0.475789
0.465656
0.500086
0.498002
0.488337
0.525258
0.576328
0.521408
0.510973
0.480515
0.509659
0.483837
0.426893
0.454829
0.530921
0.528641
0.506503
0.414692
0.350046
0.470775
0.585978
0.569865
0.489757
0.468782
0.480832
0.539030
0.573263
0.715510
0.804135
0.841434
0.832857
0.830637
0.711267
0.815265
0.843065
0.972673
1.180427
1.222346
1.099910
0.879125
0.602498
0.524080
0.465067
0.410403
0.360722
0.352870
0.406779
0.722864
0.745077
0.779522
0.866501
0.955806
1.161037
1.589546
1.755109
1.878163
1.785521
1.619038
1.143853
1.119194
0.999627
0.832645
0.641835
0.543349
0.501943
0.408470
0.401192
0.407338
0.330929
0.429445
0.786800
1.082484
1.045896
0.887989
0.692421
0.453817
0.451839
0.529547
0.916121
1.076686
1.149032
1.135865
0.963899
1.043389
0.919066
0.746406
0.733827
0.736742
0.805721
0.853665
0.998223
0.923083
0.835711
0.653930
0.672051
0.699156
0.651469
0.616662
0.487326
0.574365
0.586536
0.936341
1.138507
1.134672
1.040973
0.977158
0.791043
0.733963
0.826137
0.875637
1.041592
1.164178
1.143158
0.970665
0.718576
0.472557
0.486329
0.612977
0.871106
0.873915
0.776517
0.644251
0.571209
0.730460
0.736289
0.810191
0.640476
0.515518
0.453832
0.402732
0.398459
0.424084
0.449106
0.428811
0.412578
0.468661
0.585389
0.574818
0.454874
0.389172
0.449635
0.632638
0.642227
0.527584
0.564203
0.637924
0.791466
0.950384
0.854481
0.747780
0.458982
0.350862
0.328241
0.730505
0.886358
1.000413
0.902636
0.808107
0.675282
0.566558
0.511351
0.514612
0.494287
0.542986
0.591414
0.577974
0.547728
0.498319
0.763832
0.835545
0.803033
0.646395
0.651635
0.543771
0.562013
0.541612
0.595068
0.555595
0.584981
0.572931
0.577476
0.508466
0.444062
0.333330
0.239722
0.248933
0.338600
0.473886
0.610531
0.669801
0.603464
0.428705
0.378979
0.321038
0.294552
0.252074
0.328166
0.417893
0.398534
0.370991
0.335610
0.305394
0.276960
0.284162
0.312823
0.379492
0.337362
0.333134
0.381727
0.410841
0.368937
0.377514
0.286186
0.270466
0.305545
0.436044
0.485559
0.491735
0.522298
0.661450
1.052630
1.409306
1.390868
1.154001
0.891477
0.594902
0.636293
0.606197
0.596035
0.545810
0.563357
0.740653
0.758532
0.708413
0.585600
0.646818
0.710150
0.792085
0.828629
0.843321
0.694989
0.560246
0.439638
0.454527
0.535798
0.659955
0.645444
0.578850
0.447234
0.325885
0.335595
0.315375
0.296409
0.275782
0.241503
0.248253
0.267189
0.270089
0.347298
0.481331
0.655969
0.585026
0.460990
0.315949
0.238513
0.351541
0.535617
0.609776
0.572342
0.523069
0.582897
0.655908
0.712747
0.721445
0.629014
0.601561
0.819281
0.818964
0.684947
0.494045
0.360058
0.274347
0.213492
0.267431
0.431227
0.556154
0.661964
0.611754
0.601954
0.477465
0.354863
0.241866
0.243300
0.342662
0.384823
0.370115
0.381516
0.455146
0.475713
0.541823
0.574818
0.505220
0.534590
0.552424
0.541854
0.553647
0.497020
0.596759
0.723997
0.889197
0.898756
0.858452
0.856081
0.894407
0.784882
0.909477
0.862378
0.771730
0.867981
0.886207
0.816382
0.885830
0.868252
0.811640
0.827949
1.080234
1.518619
1.435596
1.189774
0.694098
0.773753
1.029013
0.988997
0.804437
0.611452
0.450239
0.387783
0.275193
0.205791
0.351617
0.444984
0.476680
0.412759
0.400633
0.395741
0.403548
0.345954
0.311479
0.275721
0.317233
0.372154
0.422136
0.367654
0.339476
0.300683
0.287681
0.257314
0.250956
0.363999
0.446343
0.478945
0.501263
0.431318
0.481255
0.455614
0.336743
0.277956
0.236384
0.168855
0.139152
0.192019
0.196232
0.161893
0.154811
0.152395
0.180769
0.289720
0.399168
0.449514
0.400376
0.290777
0.230148
0.245490
0.252466
0.222522
0.197817
0.165668
0.160685
0.186477
0.168145
0.190630
0.272263
0.343160
0.475517
0.558464
0.523235
0.479624
0.456853
0.501460
0.521045
0.466185
0.389081
0.307191
0.236339
0.200822
0.317640
0.346785
0.345214
0.353066
0.414405
0.551307
0.540419
0.504389
0.379236
0.306330
0.358699
0.413589
0.553043
0.609081
0.547622
0.485393
0.578941
0.575754
0.652360
0.550657
0.509070
0.413106
0.381002
0.332801
0.276084
0.219351
0.235524
0.260062
0.332862
0.375189
0.445799
0.345410
0.372380
0.410131
0.573716
0.680266
0.601320
0.529652
0.420672
0.424552
0.414465
0.364769
0.368741
0.363682
0.460356
0.490013
0.562813
0.782240
0.932928
0.973851
0.840271
0.561847
0.474762
0.408682
0.427754
0.375687
0.262584
0.248993
0.298402
0.269892
0.294959
0.252738
0.264864
0.271312
0.265347
0.239510
0.275661
0.262856
0.291985
0.318622
0.283468
0.262161
0.258416
0.219185
0.209354
0.206002
0.248963
0.279315
0.258658
0.275585
0.326973
0.337301
0.383992
0.467030
0.463648
0.404499
0.356222
0.366113
0.286458
0.247513
0.243602
0.243935
0.236475
0.242455
0.328709
0.333073
0.351345
0.327652
0.305288
0.362867
0.346830
0.361779
0.283921
0.218007
0.263988
0.247831
0.301317
0.345682
0.575241
0.613098
0.620271
0.519339
0.411657
0.397613
0.376593
0.426531
0.521815
0.562587
0.507122
0.482463
0.386877
0.395076
0.609187
0.659306
0.621630
0.559295
0.499330
0.440680
0.328603
0.309199
0.328135
0.293691
0.257193
0.260515
0.208554
0.195250
0.187262
0.206681
0.177250
0.156638
0.177764
0.217750
0.216603
0.272792
0.270059
0.258763
0.252195
0.244161
0.219457
0.172690
0.133293
0.141296
0.181856
0.253312
0.295503
0.283468
0.256664
0.179395
0.150930
0.127494
0.099256
0.071184
0.098486
0.129850
0.196126
0.195900
0.180286
0.104269
0.095979
0.119914
0.118962
0.126815
0.133127
0.142806
0.150673
0.129638
0.114221
0.101702
0.165019
0.201049
0.267778
0.260017
0.252285
0.210517
0.215062
0.197757
0.175816
0.133821
0.131028
0.109192
0.080531
0.070323
0.112892
0.191460
0.220287
0.299973
0.290278
0.340337
0.396692
0.473629
0.579681
0.616435
0.600716
0.592894
0.725250
0.714891
